pygeostat_saved_data
4
X
Y
Z
value
20.000000 20.000000 1.000000 -1.488500
20.000000 20.000000 0.500000 -1.488500
45.000000 20.000000 1.000000 -1.215700
45.000000 20.000000 0.500000 -1.215700
70.000000 20.000000 0.500000 -0.397300
95.000000 20.000000 0.500000 0.345800
120.000008 20.000000 1.000000 0.823100
120.000008 20.000000 0.500000 0.823100
145.000000 20.000000 1.000000 0.602600
145.000000 20.000000 0.500000 0.602600
170.000000 20.000000 0.500000 -0.128100
195.000000 20.000000 1.000000 -0.179400
220.000000 20.000000 0.500000 0.348200
245.000000 20.000000 1.000000 0.384600
245.000000 20.000000 0.500000 0.384600
270.000000 20.000000 1.000000 -0.065200
270.000000 20.000000 0.500000 -0.065200
295.000000 20.000000 1.000000 -0.959500
295.000000 20.000000 0.500000 -0.959500
320.000000 20.000000 1.000000 -1.250900
345.000000 20.000000 1.000000 -0.017200
345.000000 20.000000 0.500000 -0.017200
370.000000 20.000000 1.000000 2.226100
370.000000 20.000000 0.500000 2.226100
395.000000 20.000000 1.000000 2.911800
395.000000 20.000000 0.500000 2.911800
419.999969 20.000000 1.000000 1.257000
419.999969 20.000000 0.500000 1.257000
444.999969 20.000000 1.000000 -0.624900
469.999969 20.000000 1.000000 -1.308800
469.999969 20.000000 0.500000 -1.308800
20.000000 45.000000 1.000000 -1.573600
45.000000 45.000000 1.000000 -1.252300
70.000000 45.000000 1.000000 -0.183000
70.000000 45.000000 0.500000 -0.183000
95.000000 45.000000 1.000000 0.292300
95.000000 45.000000 0.500000 0.292300
120.000008 45.000000 1.000000 0.734200
120.000008 45.000000 0.500000 0.734200
145.000000 45.000000 1.000000 0.778200
145.000000 45.000000 0.500000 0.778200
170.000000 45.000000 1.000000 -0.214700
170.000000 45.000000 0.500000 -0.214700
195.000000 45.000000 1.000000 0.186500
195.000000 45.000000 0.500000 0.186500
220.000000 45.000000 1.000000 0.428100
220.000000 45.000000 0.500000 0.428100
245.000000 45.000000 1.000000 0.610900
245.000000 45.000000 0.500000 0.610900
270.000000 45.000000 0.500000 -0.478700
295.000000 45.000000 0.500000 -1.402900
320.000000 45.000000 1.000000 -0.789700
320.000000 45.000000 0.500000 -0.789700
345.000000 45.000000 1.000000 0.729800
345.000000 45.000000 0.500000 0.729800
370.000000 45.000000 1.000000 2.699500
370.000000 45.000000 0.500000 2.699500
395.000000 45.000000 1.000000 2.542600
395.000000 45.000000 0.500000 2.542600
419.999969 45.000000 1.000000 0.458900
444.999969 45.000000 1.000000 -0.923600
444.999969 45.000000 0.500000 -0.923600
469.999969 45.000000 1.000000 -1.210100
20.000000 70.000000 1.000000 -1.571000
20.000000 70.000000 0.500000 -1.571000
45.000000 70.000000 0.500000 -1.206600
70.000000 70.000000 1.000000 -0.144300
70.000000 70.000000 0.500000 -0.144300
95.000000 70.000000 0.500000 0.220900
120.000008 70.000000 1.000000 0.230700
145.000000 70.000000 1.000000 0.164100
170.000000 70.000000 1.000000 -0.223300
170.000000 70.000000 0.500000 -0.223300
195.000000 70.000000 0.500000 -0.000800
220.000000 70.000000 1.000000 1.096600
220.000000 70.000000 0.500000 1.096600
245.000000 70.000000 1.000000 1.025900
245.000000 70.000000 0.500000 1.025900
270.000000 70.000000 1.000000 -0.427700
270.000000 70.000000 0.500000 -0.427700
295.000000 70.000000 0.500000 -0.934000
320.000000 70.000000 1.000000 -0.039900
320.000000 70.000000 0.500000 -0.039900
345.000000 70.000000 1.000000 0.995800
345.000000 70.000000 0.500000 0.995800
370.000000 70.000000 1.000000 1.851200
395.000000 70.000000 1.000000 1.265600
419.999969 70.000000 1.000000 -0.416500
419.999969 70.000000 0.500000 -0.416500
444.999969 70.000000 1.000000 -0.949500
444.999969 70.000000 0.500000 -0.949500
469.999969 70.000000 1.000000 -0.676700
469.999969 70.000000 0.500000 -0.676700
20.000000 95.000000 1.000000 -1.396300
20.000000 95.000000 0.500000 -1.396300
45.000000 95.000000 1.000000 -0.788300
70.000000 95.000000 1.000000 0.008500
70.000000 95.000000 0.500000 0.008500
95.000000 95.000000 0.500000 0.313400
120.000008 95.000000 1.000000 -0.318800
120.000008 95.000000 0.500000 -0.318800
145.000000 95.000000 1.000000 -0.489800
145.000000 95.000000 0.500000 -0.489800
170.000000 95.000000 1.000000 0.033600
220.000000 95.000000 1.000000 1.497100
220.000000 95.000000 0.500000 1.497100
245.000000 95.000000 1.000000 1.532500
270.000000 95.000000 1.000000 0.388100
270.000000 95.000000 0.500000 0.388100
320.000000 95.000000 0.500000 -0.218800
345.000000 95.000000 1.000000 0.588100
370.000000 95.000000 1.000000 0.493500
370.000000 95.000000 0.500000 0.493500
395.000000 95.000000 0.500000 0.338500
419.999969 95.000000 1.000000 -0.359000
419.999969 95.000000 0.500000 -0.359000
444.999969 95.000000 0.500000 -0.639300
469.999969 95.000000 1.000000 -0.289200
469.999969 95.000000 0.500000 -0.289200
20.000000 120.000008 1.000000 -1.421900
70.000000 120.000008 1.000000 0.136500
70.000000 120.000008 0.500000 0.136500
95.000000 120.000008 1.000000 0.188400
95.000000 120.000008 0.500000 0.188400
120.000008 120.000008 1.000000 -0.647900
120.000008 120.000008 0.500000 -0.647900
145.000000 120.000008 0.500000 -0.720100
170.000000 120.000008 1.000000 0.889300
170.000000 120.000008 0.500000 0.889300
195.000000 120.000008 1.000000 1.982300
195.000000 120.000008 0.500000 1.982300
220.000000 120.000008 1.000000 2.667500
220.000000 120.000008 0.500000 2.667500
245.000000 120.000008 1.000000 2.528300
245.000000 120.000008 0.500000 2.528300
270.000000 120.000008 1.000000 1.086100
270.000000 120.000008 0.500000 1.086100
295.000000 120.000008 1.000000 0.356400
295.000000 120.000008 0.500000 0.356400
320.000000 120.000008 1.000000 -0.183400
320.000000 120.000008 0.500000 -0.183400
345.000000 120.000008 1.000000 -0.222200
345.000000 120.000008 0.500000 -0.222200
370.000000 120.000008 1.000000 -0.372800
370.000000 120.000008 0.500000 -0.372800
395.000000 120.000008 1.000000 -0.500700
395.000000 120.000008 0.500000 -0.500700
419.999969 120.000008 1.000000 -0.252900
419.999969 120.000008 0.500000 -0.252900
444.999969 120.000008 1.000000 0.001400
444.999969 120.000008 0.500000 0.001400
469.999969 120.000008 1.000000 0.310400
20.000000 145.000000 1.000000 -1.344500
20.000000 145.000000 0.500000 -1.344500
45.000000 145.000000 1.000000 -0.727200
45.000000 145.000000 0.500000 -0.727200
70.000000 145.000000 1.000000 0.017300
70.000000 145.000000 0.500000 0.017300
95.000000 145.000000 0.500000 0.044200
120.000008 145.000000 1.000000 -0.684700
145.000000 145.000000 1.000000 -0.222800
145.000000 145.000000 0.500000 -0.222800
170.000000 145.000000 1.000000 1.324200
170.000000 145.000000 0.500000 1.324200
195.000000 145.000000 1.000000 2.316300
195.000000 145.000000 0.500000 2.316300
220.000000 145.000000 1.000000 2.712700
220.000000 145.000000 0.500000 2.712700
245.000000 145.000000 1.000000 2.166200
245.000000 145.000000 0.500000 2.166200
270.000000 145.000000 1.000000 0.868200
270.000000 145.000000 0.500000 0.868200
295.000000 145.000000 1.000000 -0.064700
295.000000 145.000000 0.500000 -0.064700
320.000000 145.000000 1.000000 -0.316600
320.000000 145.000000 0.500000 -0.316600
345.000000 145.000000 1.000000 -0.295100
370.000000 145.000000 1.000000 -0.290200
370.000000 145.000000 0.500000 -0.290200
395.000000 145.000000 1.000000 -0.146600
419.999969 145.000000 1.000000 0.413500
419.999969 145.000000 0.500000 0.413500
444.999969 145.000000 1.000000 0.363500
444.999969 145.000000 0.500000 0.363500
469.999969 145.000000 0.500000 0.579900
20.000000 170.000000 1.000000 -0.959500
20.000000 170.000000 0.500000 -0.959500
45.000000 170.000000 1.000000 -0.459600
45.000000 170.000000 0.500000 -0.459600
70.000000 170.000000 1.000000 -0.081500
70.000000 170.000000 0.500000 -0.081500
95.000000 170.000000 1.000000 0.228300
120.000008 170.000000 1.000000 0.251900
120.000008 170.000000 0.500000 0.251900
145.000000 170.000000 1.000000 0.707700
170.000000 170.000000 0.500000 1.640200
195.000000 170.000000 0.500000 2.183700
220.000000 170.000000 1.000000 2.087100
220.000000 170.000000 0.500000 2.087100
245.000000 170.000000 1.000000 1.308600
245.000000 170.000000 0.500000 1.308600
270.000000 170.000000 0.500000 0.028400
295.000000 170.000000 1.000000 -0.183400
295.000000 170.000000 0.500000 -0.183400
320.000000 170.000000 1.000000 -0.329900
345.000000 170.000000 1.000000 -0.430500
345.000000 170.000000 0.500000 -0.430500
370.000000 170.000000 1.000000 -0.200800
395.000000 170.000000 1.000000 0.156200
395.000000 170.000000 0.500000 0.156200
419.999969 170.000000 1.000000 0.345900
419.999969 170.000000 0.500000 0.345900
444.999969 170.000000 0.500000 0.407400
469.999969 170.000000 1.000000 0.033000
469.999969 170.000000 0.500000 0.033000
20.000000 195.000000 1.000000 -0.478700
20.000000 195.000000 0.500000 -0.478700
45.000000 195.000000 1.000000 -0.123900
45.000000 195.000000 0.500000 -0.123900
70.000000 195.000000 1.000000 0.033600
70.000000 195.000000 0.500000 0.033600
95.000000 195.000000 0.500000 0.264800
120.000008 195.000000 1.000000 0.370400
120.000008 195.000000 0.500000 0.370400
145.000000 195.000000 1.000000 0.690400
145.000000 195.000000 0.500000 0.690400
170.000000 195.000000 1.000000 1.379900
170.000000 195.000000 0.500000 1.379900
195.000000 195.000000 1.000000 2.037700
195.000000 195.000000 0.500000 2.037700
220.000000 195.000000 1.000000 1.499100
220.000000 195.000000 0.500000 1.499100
245.000000 195.000000 1.000000 0.774600
245.000000 195.000000 0.500000 0.774600
270.000000 195.000000 1.000000 -0.064200
320.000000 195.000000 1.000000 -0.300000
320.000000 195.000000 0.500000 -0.300000
345.000000 195.000000 0.500000 -0.195500
370.000000 195.000000 1.000000 -0.195700
395.000000 195.000000 0.500000 -0.104800
419.999969 195.000000 1.000000 0.224100
419.999969 195.000000 0.500000 0.224100
444.999969 195.000000 1.000000 -0.138300
444.999969 195.000000 0.500000 -0.138300
469.999969 195.000000 1.000000 -0.456300
469.999969 195.000000 0.500000 -0.456300
20.000000 220.000000 0.500000 -0.507100
45.000000 220.000000 0.500000 -0.130000
70.000000 220.000000 1.000000 -0.115400
70.000000 220.000000 0.500000 -0.115400
95.000000 220.000000 1.000000 -0.005100
95.000000 220.000000 0.500000 -0.005100
120.000008 220.000000 0.500000 0.434300
145.000000 220.000000 1.000000 0.652500
170.000000 220.000000 0.500000 0.601800
195.000000 220.000000 1.000000 0.899100
220.000000 220.000000 1.000000 0.890600
220.000000 220.000000 0.500000 0.890600
245.000000 220.000000 1.000000 0.751300
245.000000 220.000000 0.500000 0.751300
270.000000 220.000000 1.000000 -0.106100
270.000000 220.000000 0.500000 -0.106100
295.000000 220.000000 1.000000 0.015100
295.000000 220.000000 0.500000 0.015100
320.000000 220.000000 0.500000 0.446600
345.000000 220.000000 0.500000 0.143700
370.000000 220.000000 1.000000 -0.303100
370.000000 220.000000 0.500000 -0.303100
395.000000 220.000000 1.000000 -0.093300
395.000000 220.000000 0.500000 -0.093300
419.999969 220.000000 1.000000 -0.274800
419.999969 220.000000 0.500000 -0.274800
444.999969 220.000000 1.000000 -0.770100
469.999969 220.000000 0.500000 -1.607800
20.000000 245.000000 1.000000 -0.009700
20.000000 245.000000 0.500000 -0.009700
45.000000 245.000000 1.000000 -0.167100
45.000000 245.000000 0.500000 -0.167100
70.000000 245.000000 1.000000 -0.405500
70.000000 245.000000 0.500000 -0.405500
95.000000 245.000000 1.000000 0.094500
120.000008 245.000000 1.000000 0.165300
120.000008 245.000000 0.500000 0.165300
145.000000 245.000000 1.000000 -0.066700
145.000000 245.000000 0.500000 -0.066700
170.000000 245.000000 1.000000 -0.085500
170.000000 245.000000 0.500000 -0.085500
195.000000 245.000000 1.000000 0.343900
195.000000 245.000000 0.500000 0.343900
220.000000 245.000000 1.000000 0.590200
220.000000 245.000000 0.500000 0.590200
245.000000 245.000000 1.000000 0.702100
245.000000 245.000000 0.500000 0.702100
270.000000 245.000000 0.500000 0.380100
295.000000 245.000000 1.000000 0.317300
295.000000 245.000000 0.500000 0.317300
320.000000 245.000000 1.000000 0.400300
320.000000 245.000000 0.500000 0.400300
345.000000 245.000000 1.000000 0.135800
345.000000 245.000000 0.500000 0.135800
370.000000 245.000000 1.000000 -0.435100
370.000000 245.000000 0.500000 -0.435100
395.000000 245.000000 1.000000 -0.424800
395.000000 245.000000 0.500000 -0.424800
419.999969 245.000000 1.000000 -0.838100
419.999969 245.000000 0.500000 -0.838100
444.999969 245.000000 1.000000 -1.612700
469.999969 245.000000 1.000000 -1.931300
469.999969 245.000000 0.500000 -1.931300
20.000000 270.000000 1.000000 0.081200
20.000000 270.000000 0.500000 0.081200
45.000000 270.000000 1.000000 -0.277700
45.000000 270.000000 0.500000 -0.277700
70.000000 270.000000 1.000000 -0.482500
70.000000 270.000000 0.500000 -0.482500
95.000000 270.000000 1.000000 0.120600
95.000000 270.000000 0.500000 0.120600
120.000008 270.000000 1.000000 0.515000
120.000008 270.000000 0.500000 0.515000
145.000000 270.000000 1.000000 0.298800
145.000000 270.000000 0.500000 0.298800
170.000000 270.000000 1.000000 -0.172800
195.000000 270.000000 1.000000 -0.185900
195.000000 270.000000 0.500000 -0.185900
220.000000 270.000000 1.000000 -0.224800
245.000000 270.000000 1.000000 0.033100
245.000000 270.000000 0.500000 0.033100
270.000000 270.000000 1.000000 -0.165500
270.000000 270.000000 0.500000 -0.165500
295.000000 270.000000 1.000000 -0.467500
295.000000 270.000000 0.500000 -0.467500
320.000000 270.000000 1.000000 -0.721600
345.000000 270.000000 1.000000 -0.786200
345.000000 270.000000 0.500000 -0.786200
370.000000 270.000000 1.000000 -0.705100
370.000000 270.000000 0.500000 -0.705100
395.000000 270.000000 1.000000 -0.894700
395.000000 270.000000 0.500000 -0.894700
419.999969 270.000000 1.000000 -1.311800
419.999969 270.000000 0.500000 -1.311800
444.999969 270.000000 1.000000 -1.549300
444.999969 270.000000 0.500000 -1.549300
469.999969 270.000000 1.000000 -0.870700
469.999969 270.000000 0.500000 -0.870700
45.000000 295.000000 1.000000 -0.268900
45.000000 295.000000 0.500000 -0.268900
70.000000 295.000000 1.000000 -0.025800
95.000000 295.000000 1.000000 0.488500
95.000000 295.000000 0.500000 0.488500
120.000008 295.000000 1.000000 0.621900
120.000008 295.000000 0.500000 0.621900
145.000000 295.000000 1.000000 0.176700
170.000000 295.000000 1.000000 0.034400
170.000000 295.000000 0.500000 0.034400
195.000000 295.000000 1.000000 -0.103000
195.000000 295.000000 0.500000 -0.103000
220.000000 295.000000 1.000000 -0.597600
270.000000 295.000000 1.000000 -0.437500
295.000000 295.000000 1.000000 -0.599400
295.000000 295.000000 0.500000 -0.599400
320.000000 295.000000 1.000000 -0.945200
320.000000 295.000000 0.500000 -0.945200
345.000000 295.000000 1.000000 -0.737300
345.000000 295.000000 0.500000 -0.737300
370.000000 295.000000 1.000000 -0.500200
370.000000 295.000000 0.500000 -0.500200
395.000000 295.000000 1.000000 -0.735200
419.999969 295.000000 1.000000 -0.848600
444.999969 295.000000 0.500000 -0.573700
469.999969 295.000000 1.000000 0.440600
469.999969 295.000000 0.500000 0.440600
20.000000 320.000000 1.000000 0.547200
45.000000 320.000000 1.000000 0.337200
45.000000 320.000000 0.500000 0.337200
70.000000 320.000000 1.000000 0.137900
70.000000 320.000000 0.500000 0.137900
95.000000 320.000000 1.000000 0.582100
95.000000 320.000000 0.500000 0.582100
120.000008 320.000000 1.000000 0.427500
120.000008 320.000000 0.500000 0.427500
145.000000 320.000000 1.000000 0.103400
145.000000 320.000000 0.500000 0.103400
170.000000 320.000000 0.500000 0.066400
195.000000 320.000000 1.000000 -0.530600
220.000000 320.000000 1.000000 -1.081000
220.000000 320.000000 0.500000 -1.081000
245.000000 320.000000 1.000000 -0.993600
245.000000 320.000000 0.500000 -0.993600
270.000000 320.000000 1.000000 -0.917400
320.000000 320.000000 1.000000 -0.306000
320.000000 320.000000 0.500000 -0.306000
345.000000 320.000000 1.000000 0.182200
345.000000 320.000000 0.500000 0.182200
370.000000 320.000000 1.000000 0.080000
395.000000 320.000000 0.500000 0.367900
419.999969 320.000000 1.000000 0.438200
419.999969 320.000000 0.500000 0.438200
444.999969 320.000000 1.000000 0.654300
444.999969 320.000000 0.500000 0.654300
469.999969 320.000000 1.000000 1.654700
45.000000 345.000000 1.000000 0.270000
45.000000 345.000000 0.500000 0.270000
70.000000 345.000000 1.000000 0.051900
70.000000 345.000000 0.500000 0.051900
95.000000 345.000000 1.000000 0.171900
95.000000 345.000000 0.500000 0.171900
120.000008 345.000000 0.500000 0.023900
145.000000 345.000000 0.500000 0.314500
170.000000 345.000000 1.000000 0.281000
170.000000 345.000000 0.500000 0.281000
195.000000 345.000000 1.000000 0.007400
195.000000 345.000000 0.500000 0.007400
220.000000 345.000000 1.000000 -0.902700
220.000000 345.000000 0.500000 -0.902700
245.000000 345.000000 1.000000 -0.926700
245.000000 345.000000 0.500000 -0.926700
270.000000 345.000000 1.000000 -0.828600
295.000000 345.000000 1.000000 -0.574800
295.000000 345.000000 0.500000 -0.574800
320.000000 345.000000 0.500000 0.317400
345.000000 345.000000 0.500000 0.766900
370.000000 345.000000 1.000000 1.070300
370.000000 345.000000 0.500000 1.070300
395.000000 345.000000 1.000000 1.004300
395.000000 345.000000 0.500000 1.004300
419.999969 345.000000 1.000000 1.151600
419.999969 345.000000 0.500000 1.151600
444.999969 345.000000 0.500000 1.104200
469.999969 345.000000 1.000000 1.688900
20.000000 370.000000 1.000000 0.382100
20.000000 370.000000 0.500000 0.382100
45.000000 370.000000 1.000000 0.537900
45.000000 370.000000 0.500000 0.537900
70.000000 370.000000 0.500000 0.364700
95.000000 370.000000 1.000000 -0.255300
95.000000 370.000000 0.500000 -0.255300
120.000008 370.000000 1.000000 0.201500
120.000008 370.000000 0.500000 0.201500
145.000000 370.000000 0.500000 0.448400
170.000000 370.000000 1.000000 0.887300
170.000000 370.000000 0.500000 0.887300
195.000000 370.000000 0.500000 0.603600
220.000000 370.000000 1.000000 -0.910500
220.000000 370.000000 0.500000 -0.910500
245.000000 370.000000 1.000000 -1.230400
245.000000 370.000000 0.500000 -1.230400
270.000000 370.000000 1.000000 -0.156700
270.000000 370.000000 0.500000 -0.156700
295.000000 370.000000 1.000000 0.288000
295.000000 370.000000 0.500000 0.288000
320.000000 370.000000 1.000000 0.162800
320.000000 370.000000 0.500000 0.162800
345.000000 370.000000 1.000000 1.007900
345.000000 370.000000 0.500000 1.007900
370.000000 370.000000 1.000000 1.649100
370.000000 370.000000 0.500000 1.649100
395.000000 370.000000 1.000000 1.764200
395.000000 370.000000 0.500000 1.764200
419.999969 370.000000 1.000000 1.983200
469.999969 370.000000 1.000000 1.552800
20.000000 395.000000 0.500000 0.912400
45.000000 395.000000 0.500000 1.153000
70.000000 395.000000 0.500000 0.626900
95.000000 395.000000 1.000000 -0.227300
95.000000 395.000000 0.500000 -0.227300
120.000008 395.000000 1.000000 0.138700
145.000000 395.000000 1.000000 0.571000
145.000000 395.000000 0.500000 0.571000
170.000000 395.000000 1.000000 1.180800
170.000000 395.000000 0.500000 1.180800
195.000000 395.000000 1.000000 0.473000
195.000000 395.000000 0.500000 0.473000
220.000000 395.000000 1.000000 -0.709700
245.000000 395.000000 1.000000 -0.798000
245.000000 395.000000 0.500000 -0.798000
270.000000 395.000000 1.000000 -0.081300
295.000000 395.000000 1.000000 0.139700
295.000000 395.000000 0.500000 0.139700
320.000000 395.000000 1.000000 0.122900
320.000000 395.000000 0.500000 0.122900
345.000000 395.000000 1.000000 0.583000
345.000000 395.000000 0.500000 0.583000
370.000000 395.000000 1.000000 1.297600
395.000000 395.000000 0.500000 1.641700
419.999969 395.000000 0.500000 1.672700
469.999969 395.000000 1.000000 1.353500
469.999969 395.000000 0.500000 1.353500
20.000000 419.999969 0.500000 0.865300
45.000000 419.999969 1.000000 0.707900
45.000000 419.999969 0.500000 0.707900
70.000000 419.999969 1.000000 0.086200
70.000000 419.999969 0.500000 0.086200
95.000000 419.999969 0.500000 -0.191500
120.000008 419.999969 1.000000 0.226200
145.000000 419.999969 1.000000 0.663000
145.000000 419.999969 0.500000 0.663000
170.000000 419.999969 1.000000 1.061700
195.000000 419.999969 1.000000 0.712300
195.000000 419.999969 0.500000 0.712300
220.000000 419.999969 0.500000 -0.034600
245.000000 419.999969 1.000000 -0.050500
245.000000 419.999969 0.500000 -0.050500
270.000000 419.999969 1.000000 0.152200
270.000000 419.999969 0.500000 0.152200
295.000000 419.999969 1.000000 -0.072400
295.000000 419.999969 0.500000 -0.072400
320.000000 419.999969 1.000000 0.035800
320.000000 419.999969 0.500000 0.035800
345.000000 419.999969 1.000000 0.180900
345.000000 419.999969 0.500000 0.180900
370.000000 419.999969 1.000000 0.622900
370.000000 419.999969 0.500000 0.622900
395.000000 419.999969 1.000000 0.742400
395.000000 419.999969 0.500000 0.742400
419.999969 419.999969 1.000000 1.047500
419.999969 419.999969 0.500000 1.047500
444.999969 419.999969 1.000000 1.413400
444.999969 419.999969 0.500000 1.413400
469.999969 419.999969 1.000000 1.459300
469.999969 419.999969 0.500000 1.459300
20.000000 444.999969 1.000000 0.361800
20.000000 444.999969 0.500000 0.361800
45.000000 444.999969 0.500000 0.192400
70.000000 444.999969 1.000000 -0.556600
70.000000 444.999969 0.500000 -0.556600
95.000000 444.999969 0.500000 -0.854000
120.000008 444.999969 1.000000 0.068100
120.000008 444.999969 0.500000 0.068100
145.000000 444.999969 1.000000 1.039200
145.000000 444.999969 0.500000 1.039200
170.000000 444.999969 0.500000 0.856900
195.000000 444.999969 1.000000 0.760500
195.000000 444.999969 0.500000 0.760500
220.000000 444.999969 1.000000 0.436000
220.000000 444.999969 0.500000 0.436000
245.000000 444.999969 1.000000 0.058400
270.000000 444.999969 1.000000 0.002600
295.000000 444.999969 1.000000 -0.367300
295.000000 444.999969 0.500000 -0.367300
320.000000 444.999969 1.000000 -0.528500
320.000000 444.999969 0.500000 -0.528500
345.000000 444.999969 0.500000 -0.479500
370.000000 444.999969 1.000000 -0.523700
370.000000 444.999969 0.500000 -0.523700
395.000000 444.999969 1.000000 -0.098600
419.999969 444.999969 1.000000 0.878800
444.999969 444.999969 1.000000 1.318300
444.999969 444.999969 0.500000 1.318300
469.999969 444.999969 1.000000 1.670600
469.999969 444.999969 0.500000 1.670600
20.000000 469.999969 1.000000 -1.117500
45.000000 469.999969 1.000000 -1.371200
45.000000 469.999969 0.500000 -1.371200
70.000000 469.999969 1.000000 -1.700200
95.000000 469.999969 1.000000 -1.034100
120.000008 469.999969 1.000000 0.392600
120.000008 469.999969 0.500000 0.392600
145.000000 469.999969 1.000000 0.961600
145.000000 469.999969 0.500000 0.961600
195.000000 469.999969 1.000000 0.313100
220.000000 469.999969 1.000000 0.111600
245.000000 469.999969 1.000000 -0.238400
270.000000 469.999969 1.000000 -0.945300
270.000000 469.999969 0.500000 -0.945300
295.000000 469.999969 0.500000 -1.137300
320.000000 469.999969 0.500000 -1.199600
345.000000 469.999969 1.000000 -1.514000
345.000000 469.999969 0.500000 -1.514000
370.000000 469.999969 1.000000 -1.759500
370.000000 469.999969 0.500000 -1.759500
395.000000 469.999969 1.000000 -0.994300
395.000000 469.999969 0.500000 -0.994300
419.999969 469.999969 1.000000 0.449100
419.999969 469.999969 0.500000 0.449100
444.999969 469.999969 1.000000 1.427000
444.999969 469.999969 0.500000 1.427000
469.999969 469.999969 1.000000 1.763100
469.999969 469.999969 0.500000 1.763100
