pygeostat_saved_data
4
X
Y
Z
value
130.139999 391.570007 85.000000 -1.045000
360.320007 218.240005 95.000000 -0.327600
213.610001 335.230011 115.000000 -0.384500
494.790039 48.910000 95.000000 0.871700
360.320007 218.240005 145.000000 -0.297800
90.820000 436.950012 195.000000 0.617300
130.139999 391.570007 45.000000 -0.577000
428.800018 332.540009 155.000000 -0.137400
322.970001 454.979980 55.000000 -0.272800
322.970001 454.979980 135.000000 -0.408800
428.800018 332.540009 195.000000 -0.135100
24.240000 60.180004 15.000001 1.145300
213.610001 335.230011 155.000000 -0.136100
362.690002 176.309998 185.000000 0.900000
362.690002 176.309998 95.000000 -0.031300
428.800018 332.540009 205.000000 -0.093600
449.420013 7.280000 185.000000 0.376500
400.339996 251.389999 25.000000 0.408300
213.610001 335.230011 95.000000 -0.564700
322.970001 454.979980 115.000000 -1.008600
106.320000 324.380005 145.000000 0.604000
494.790039 48.910000 25.000000 -0.182600
322.970001 454.979980 35.000000 0.257200
321.350006 295.559998 205.000000 0.106300
321.350006 295.559998 135.000000 -0.525600
360.320007 218.240005 45.000000 0.169200
213.610001 335.230011 165.000000 -0.042700
400.339996 251.389999 234.999985 0.233800
449.420013 7.280000 55.000000 -0.718700
90.820000 436.950012 175.000000 0.385000
428.800018 332.540009 65.000000 -0.181600
469.350006 191.869995 135.000000 -0.293800
106.320000 324.380005 135.000000 0.576000
449.420013 7.280000 95.000000 -0.261900
322.970001 454.979980 165.000000 -0.227400
360.320007 218.240005 75.000000 -0.108300
428.800018 332.540009 175.000000 -0.247000
106.320000 324.380005 104.999992 0.536500
90.820000 436.950012 125.000000 -0.170000
326.859985 294.880005 145.000000 -0.598800
303.149994 321.829987 35.000000 0.971300
326.859985 294.880005 55.000000 0.471200
125.440002 312.079987 234.999985 0.263200
106.320000 324.380005 75.000000 0.490300
90.820000 436.950012 145.000000 -0.039900
400.339996 251.389999 15.000001 0.494100
322.970001 454.979980 125.000000 -0.629500
362.690002 176.309998 165.000000 0.548100
362.690002 176.309998 104.999992 -0.328900
469.350006 191.869995 75.000000 1.217100
485.619965 287.269989 15.000001 0.336500
130.139999 391.570007 25.000000 -0.003400
257.549988 341.380005 85.000000 -0.579000
24.240000 60.180004 75.000000 1.369400
321.350006 295.559998 115.000000 -0.770300
485.619965 287.269989 135.000000 -0.340400
257.549988 341.380005 25.000000 1.066200
321.350006 295.559998 25.000000 1.122300
494.790039 48.910000 85.000000 1.061700
257.549988 341.380005 115.000000 -0.721100
362.690002 176.309998 25.000000 0.357300
428.800018 332.540009 234.999985 0.139400
469.350006 191.869995 165.000000 -0.265900
469.350006 191.869995 185.000000 0.064100
322.970001 454.979980 215.000015 -0.425000
106.320000 324.380005 125.000000 0.628400
321.350006 295.559998 125.000000 -0.689900
130.139999 391.570007 175.000000 0.121800
213.610001 335.230011 245.000000 0.368400
449.420013 7.280000 145.000000 -0.133200
24.240000 60.180004 245.000000 -0.223300
303.149994 321.829987 215.000015 0.252600
130.139999 391.570007 225.000000 0.391300
326.859985 294.880005 195.000000 0.189500
321.350006 295.559998 155.000000 -0.577500
278.220001 309.720001 145.000000 -0.164100
278.220001 309.720001 155.000000 -0.167600
24.240000 60.180004 104.999992 1.716200
90.820000 436.950012 115.000000 -0.105000
428.800018 332.540009 225.000000 -0.077900
90.820000 436.950012 65.000000 -0.153800
125.440002 312.079987 145.000000 0.584100
24.240000 60.180004 145.000000 0.776800
362.690002 176.309998 245.000000 1.898300
90.820000 436.950012 45.000000 0.467200
106.320000 324.380005 95.000000 0.407200
24.240000 60.180004 95.000000 1.709300
428.800018 332.540009 245.000000 0.034400
360.320007 218.240005 25.000000 0.782400
428.800018 332.540009 85.000000 -0.467200
360.320007 218.240005 245.000000 1.384900
321.350006 295.559998 245.000000 -0.072300
326.859985 294.880005 115.000000 -0.770300
494.790039 48.910000 195.000000 0.325500
125.440002 312.079987 45.000000 0.393300
469.350006 191.869995 215.000015 0.443200
322.970001 454.979980 45.000000 -0.078700
106.320000 324.380005 195.000000 0.737100
428.800018 332.540009 215.000015 -0.013400
449.420013 7.280000 35.000000 -1.287400
125.440002 312.079987 95.000000 0.410000
362.690002 176.309998 195.000000 1.374600
400.339996 251.389999 55.000000 0.235000
485.619965 287.269989 245.000000 -0.193900
494.790039 48.910000 104.999992 1.071400
400.339996 251.389999 205.000000 0.047300
326.859985 294.880005 234.999985 0.341700
326.859985 294.880005 45.000000 0.751600
130.139999 391.570007 104.999992 -0.823600
449.420013 7.280000 155.000000 -0.275500
322.970001 454.979980 25.000000 0.361900
494.790039 48.910000 55.000000 0.909000
278.220001 309.720001 35.000000 0.985700
24.240000 60.180004 125.000000 1.271000
257.549988 341.380005 15.000001 1.501600
485.619965 287.269989 205.000000 -0.505700
321.350006 295.559998 165.000000 -0.459600
130.139999 391.570007 55.000000 -0.780200
106.320000 324.380005 45.000000 0.474900
400.339996 251.389999 225.000000 0.172100
322.970001 454.979980 195.000000 -0.431700
469.350006 191.869995 65.000000 1.260500
130.139999 391.570007 125.000000 -0.538600
449.420013 7.280000 104.999992 -0.279300
303.149994 321.829987 205.000000 0.426200
130.139999 391.570007 185.000000 0.326200
494.790039 48.910000 185.000000 0.534900
400.339996 251.389999 175.000000 -0.585800
257.549988 341.380005 205.000000 0.401200
278.220001 309.720001 85.000000 -0.244300
321.350006 295.559998 195.000000 0.189500
326.859985 294.880005 165.000000 -0.459600
278.220001 309.720001 75.000000 0.150400
278.220001 309.720001 55.000000 0.306600
400.339996 251.389999 125.000000 -0.732800
322.970001 454.979980 175.000000 -0.640600
257.549988 341.380005 175.000000 0.206000
428.800018 332.540009 135.000000 -0.215900
257.549988 341.380005 75.000000 -0.611100
400.339996 251.389999 195.000000 -0.052700
362.690002 176.309998 55.000000 0.088000
449.420013 7.280000 25.000000 -1.238500
485.619965 287.269989 165.000000 -0.750000
321.350006 295.559998 15.000001 1.466300
469.350006 191.869995 205.000000 0.428900
428.800018 332.540009 104.999992 -0.383700
125.440002 312.079987 215.000015 0.380300
321.350006 295.559998 234.999985 0.341700
257.549988 341.380005 225.000000 0.388100
106.320000 324.380005 155.000000 0.672600
322.970001 454.979980 145.000000 -0.373700
130.139999 391.570007 205.000000 0.439900
90.820000 436.950012 85.000000 -0.349500
24.240000 60.180004 205.000000 -0.200300
362.690002 176.309998 65.000000 0.081100
24.240000 60.180004 25.000000 1.206900
278.220001 309.720001 165.000000 0.209600
257.549988 341.380005 155.000000 -0.044800
125.440002 312.079987 185.000000 0.804000
360.320007 218.240005 35.000000 0.463600
326.859985 294.880005 155.000000 -0.577500
469.350006 191.869995 15.000001 0.778700
494.790039 48.910000 135.000000 0.532000
360.320007 218.240005 15.000001 0.629500
24.240000 60.180004 185.000000 0.101600
257.549988 341.380005 185.000000 0.367200
326.859985 294.880005 125.000000 -0.689900
125.440002 312.079987 15.000001 0.188700
303.149994 321.829987 85.000000 -0.415100
469.350006 191.869995 155.000000 -0.324100
485.619965 287.269989 175.000000 -0.723600
130.139999 391.570007 155.000000 -0.383900
278.220001 309.720001 215.000015 0.740800
24.240000 60.180004 45.000000 1.343500
130.139999 391.570007 75.000000 -0.922500
449.420013 7.280000 215.000015 0.157200
485.619965 287.269989 75.000000 0.041800
278.220001 309.720001 65.000000 -0.012800
362.690002 176.309998 75.000000 -0.062300
362.690002 176.309998 155.000000 0.314300
469.350006 191.869995 234.999985 0.784400
362.690002 176.309998 85.000000 -0.116200
213.610001 335.230011 185.000000 0.600700
400.339996 251.389999 45.000000 0.238100
362.690002 176.309998 145.000000 -0.014400
469.350006 191.869995 145.000000 -0.311000
303.149994 321.829987 155.000000 -0.462700
469.350006 191.869995 45.000000 1.210200
428.800018 332.540009 165.000000 -0.090000
106.320000 324.380005 115.000000 0.549600
449.420013 7.280000 125.000000 -0.440300
125.440002 312.079987 175.000000 0.690900
494.790039 48.910000 125.000000 0.571100
469.350006 191.869995 35.000000 0.740500
303.149994 321.829987 55.000000 0.248700
257.549988 341.380005 145.000000 -0.319700
469.350006 191.869995 175.000000 -0.056900
213.610001 335.230011 215.000015 0.779700
400.339996 251.389999 215.000015 0.176600
130.139999 391.570007 165.000000 0.077800
90.820000 436.950012 155.000000 -0.033600
24.240000 60.180004 225.000000 -0.379900
213.610001 335.230011 135.000000 -0.331700
278.220001 309.720001 115.000000 -0.358500
321.350006 295.559998 95.000000 -0.698900
303.149994 321.829987 65.000000 -0.229700
130.139999 391.570007 95.000000 -0.901900
362.690002 176.309998 125.000000 -0.179700
400.339996 251.389999 115.000000 -0.622100
278.220001 309.720001 245.000000 0.414400
130.139999 391.570007 145.000000 -0.080100
90.820000 436.950012 185.000000 0.487000
24.240000 60.180004 155.000000 0.692700
125.440002 312.079987 135.000000 0.517400
213.610001 335.230011 225.000000 0.442900
322.970001 454.979980 75.000000 -0.839300
485.619965 287.269989 145.000000 -0.766700
360.320007 218.240005 185.000000 0.370200
400.339996 251.389999 85.000000 -0.517000
485.619965 287.269989 35.000000 0.615300
494.790039 48.910000 145.000000 0.434800
125.440002 312.079987 115.000000 0.490700
449.420013 7.280000 135.000000 -0.249000
362.690002 176.309998 225.000000 1.902100
322.970001 454.979980 225.000000 -0.489300
213.610001 335.230011 205.000000 0.623200
321.350006 295.559998 145.000000 -0.598800
428.800018 332.540009 125.000000 -0.309400
278.220001 309.720001 225.000000 0.509400
494.790039 48.910000 245.000000 0.478700
494.790039 48.910000 175.000000 0.485900
90.820000 436.950012 205.000000 0.471700
400.339996 251.389999 75.000000 0.082200
125.440002 312.079987 104.999992 0.558400
360.320007 218.240005 234.999985 1.277800
24.240000 60.180004 234.999985 -0.222200
106.320000 324.380005 245.000000 -0.032900
428.800018 332.540009 115.000000 -0.308500
130.139999 391.570007 135.000000 -0.495300
326.859985 294.880005 185.000000 0.269600
321.350006 295.559998 75.000000 -0.246900
303.149994 321.829987 165.000000 -0.245100
362.690002 176.309998 45.000000 0.044900
125.440002 312.079987 25.000000 0.379200
400.339996 251.389999 95.000000 -0.428900
125.440002 312.079987 245.000000 0.249600
90.820000 436.950012 135.000000 -0.091900
24.240000 60.180004 85.000000 1.506200
485.619965 287.269989 155.000000 -0.826800
469.350006 191.869995 95.000000 0.815800
106.320000 324.380005 215.000015 0.556200
400.339996 251.389999 165.000000 -0.628400
326.859985 294.880005 85.000000 -0.311500
428.800018 332.540009 185.000000 -0.178200
362.690002 176.309998 215.000015 1.621300
360.320007 218.240005 205.000000 0.906600
362.690002 176.309998 35.000000 0.315900
326.859985 294.880005 95.000000 -0.698900
449.420013 7.280000 15.000001 -1.742400
360.320007 218.240005 175.000000 0.283200
428.800018 332.540009 15.000001 0.592900
494.790039 48.910000 65.000000 1.021600
449.420013 7.280000 85.000000 -0.148500
360.320007 218.240005 85.000000 -0.164100
90.820000 436.950012 75.000000 0.018600
257.549988 341.380005 234.999985 0.228500
257.549988 341.380005 215.000015 0.493900
125.440002 312.079987 165.000000 0.695100
213.610001 335.230011 35.000000 0.458000
322.970001 454.979980 205.000000 -0.617600
449.420013 7.280000 45.000000 -0.998500
90.820000 436.950012 245.000000 0.022600
90.820000 436.950012 95.000000 -0.237400
24.240000 60.180004 35.000000 1.374100
130.139999 391.570007 234.999985 0.416000
130.139999 391.570007 15.000001 0.058600
360.320007 218.240005 225.000000 1.226500
278.220001 309.720001 195.000000 0.589800
213.610001 335.230011 195.000000 0.522000
360.320007 218.240005 104.999992 -0.208000
125.440002 312.079987 225.000000 0.562200
362.690002 176.309998 115.000000 -0.236100
494.790039 48.910000 155.000000 0.336200
321.350006 295.559998 45.000000 0.751600
24.240000 60.180004 115.000000 1.350700
494.790039 48.910000 234.999985 0.370600
106.320000 324.380005 85.000000 0.397500
321.350006 295.559998 85.000000 -0.311500
485.619965 287.269989 234.999985 -0.081000
257.549988 341.380005 35.000000 0.712600
278.220001 309.720001 135.000000 -0.454800
485.619965 287.269989 104.999992 -0.300100
360.320007 218.240005 135.000000 -0.393800
400.339996 251.389999 104.999992 -0.700600
428.800018 332.540009 95.000000 -0.441600
469.350006 191.869995 225.000000 0.743200
130.139999 391.570007 115.000000 -0.590800
469.350006 191.869995 125.000000 0.064800
257.549988 341.380005 135.000000 -0.425000
125.440002 312.079987 55.000000 0.339100
362.690002 176.309998 175.000000 0.739100
257.549988 341.380005 55.000000 0.078400
257.549988 341.380005 104.999992 -0.722100
257.549988 341.380005 45.000000 0.363900
321.350006 295.559998 185.000000 0.269600
494.790039 48.910000 225.000000 0.348800
24.240000 60.180004 55.000000 1.411800
400.339996 251.389999 185.000000 -0.351600
125.440002 312.079987 85.000000 0.231100
326.859985 294.880005 75.000000 -0.246900
278.220001 309.720001 104.999992 -0.412400
106.320000 324.380005 234.999985 0.215700
24.240000 60.180004 175.000000 0.205100
322.970001 454.979980 245.000000 -0.168000
303.149994 321.829987 75.000000 -0.336300
321.350006 295.559998 225.000000 0.242900
485.619965 287.269989 225.000000 -0.516000
24.240000 60.180004 65.000000 1.231900
360.320007 218.240005 55.000000 0.093500
485.619965 287.269989 85.000000 0.089000
428.800018 332.540009 45.000000 0.131400
106.320000 324.380005 35.000000 0.427100
449.420013 7.280000 195.000000 0.171000
449.420013 7.280000 234.999985 0.442500
321.350006 295.559998 215.000015 0.207900
326.859985 294.880005 15.000001 1.466300
130.139999 391.570007 35.000000 -0.164800
213.610001 335.230011 175.000000 0.324100
278.220001 309.720001 95.000000 -0.229900
106.320000 324.380005 55.000000 0.443900
24.240000 60.180004 215.000015 -0.173600
213.610001 335.230011 65.000000 -0.352300
494.790039 48.910000 115.000000 0.810200
125.440002 312.079987 195.000000 0.843100
90.820000 436.950012 35.000000 0.713600
303.149994 321.829987 15.000001 1.740500
278.220001 309.720001 185.000000 0.546200
125.440002 312.079987 65.000000 0.236500
360.320007 218.240005 195.000000 0.481600
90.820000 436.950012 215.000015 0.457300
321.350006 295.559998 104.999992 -0.462700
257.549988 341.380005 95.000000 -0.700700
469.350006 191.869995 195.000000 0.188000
125.440002 312.079987 155.000000 0.581000
303.149994 321.829987 145.000000 -0.615300
360.320007 218.240005 65.000000 -0.095800
321.350006 295.559998 55.000000 0.471200
213.610001 335.230011 15.000001 1.096700
213.610001 335.230011 75.000000 -0.533400
278.220001 309.720001 45.000000 0.678500
130.139999 391.570007 195.000000 0.387000
303.149994 321.829987 185.000000 0.199700
485.619965 287.269989 95.000000 0.024500
322.970001 454.979980 95.000000 -0.892700
90.820000 436.950012 165.000000 0.278200
400.339996 251.389999 135.000000 -0.729200
130.139999 391.570007 245.000000 0.146800
278.220001 309.720001 15.000001 1.855200
303.149994 321.829987 175.000000 -0.037600
213.610001 335.230011 55.000000 -0.015600
213.610001 335.230011 145.000000 -0.110700
485.619965 287.269989 25.000000 0.279400
322.970001 454.979980 85.000000 -0.541300
494.790039 48.910000 215.000015 0.532500
303.149994 321.829987 135.000000 -0.723700
428.800018 332.540009 55.000000 0.051800
90.820000 436.950012 25.000000 0.999700
400.339996 251.389999 155.000000 -0.580800
449.420013 7.280000 75.000000 -0.508900
257.549988 341.380005 125.000000 -0.510200
428.800018 332.540009 75.000000 -0.404000
469.350006 191.869995 104.999992 0.632800
213.610001 335.230011 85.000000 -0.403600
469.350006 191.869995 55.000000 1.256500
360.320007 218.240005 155.000000 -0.101100
322.970001 454.979980 65.000000 -0.498300
125.440002 312.079987 205.000000 0.744400
321.350006 295.559998 35.000000 1.083100
362.690002 176.309998 15.000001 0.411600
213.610001 335.230011 104.999992 -0.586000
303.149994 321.829987 104.999992 -0.668700
322.970001 454.979980 104.999992 -0.777700
400.339996 251.389999 145.000000 -0.805500
494.790039 48.910000 205.000000 0.476700
