pygeostat_saved_data
4
X
Y
Z
value
164.960007 162.529999 155.000000 1.958600
164.960007 162.529999 115.000000 2.450400
24.240000 60.180004 195.000000 0.122100
90.820000 436.950012 215.000015 0.457300
321.350006 295.559998 45.000000 0.751600
442.040009 436.390015 35.000000 -0.474800
442.040009 436.390015 125.000000 -0.063500
469.350006 191.869995 55.000000 1.256500
278.220001 309.720001 55.000000 0.306600
36.660000 376.950012 205.000000 1.141300
494.790039 48.910000 25.000000 -0.182600
257.549988 341.380005 35.000000 0.712600
449.420013 7.280000 65.000000 -0.352100
130.139999 391.570007 75.000000 -0.922500
106.320000 324.380005 165.000000 0.888400
125.440002 312.079987 65.000000 0.236500
469.350006 191.869995 215.000015 0.443200
362.690002 176.309998 195.000000 1.374600
90.820000 436.950012 104.999992 -0.303700
451.160004 411.480011 245.000000 1.138200
451.160004 411.480011 175.000000 0.648000
257.549988 341.380005 145.000000 -0.319700
485.619965 287.269989 75.000000 0.041800
164.960007 162.529999 145.000000 2.295800
494.790039 48.910000 85.000000 1.061700
360.320007 218.240005 35.000000 0.463600
360.320007 218.240005 165.000000 0.047700
442.040009 436.390015 55.000000 -0.626300
36.660000 376.950012 225.000000 0.722900
90.820000 436.950012 185.000000 0.487000
257.549988 341.380005 234.999985 0.228500
321.350006 295.559998 215.000015 0.207900
360.320007 218.240005 125.000000 -0.373500
360.320007 218.240005 205.000000 0.906600
213.610001 335.230011 185.000000 0.600700
303.149994 321.829987 175.000000 -0.037600
313.820007 301.010010 55.000000 0.281000
125.440002 312.079987 165.000000 0.695100
90.820000 436.950012 25.000000 0.999700
153.250000 487.290009 215.000015 -0.396000
449.420013 7.280000 135.000000 -0.249000
469.350006 191.869995 45.000000 1.210200
322.970001 454.979980 155.000000 -0.389900
485.619965 287.269989 115.000000 -0.252500
451.160004 411.480011 155.000000 0.558900
360.320007 218.240005 95.000000 -0.327600
395.619995 29.740000 205.000000 0.564800
469.350006 191.869995 95.000000 0.815800
485.619965 287.269989 85.000000 0.089000
303.149994 321.829987 65.000000 -0.229700
494.790039 48.910000 115.000000 0.810200
322.970001 454.979980 215.000015 -0.425000
125.440002 312.079987 225.000000 0.562200
90.820000 436.950012 245.000000 0.022600
259.609985 410.989990 245.000000 -0.480100
362.690002 176.309998 85.000000 -0.116200
106.320000 324.380005 185.000000 0.828100
449.420013 7.280000 55.000000 -0.718700
257.549988 341.380005 125.000000 -0.510200
278.220001 309.720001 145.000000 -0.164100
36.660000 376.950012 215.000015 0.770700
428.800018 332.540009 215.000015 -0.013400
451.160004 411.480011 95.000000 -0.504600
36.660000 376.950012 25.000000 0.845400
164.960007 162.529999 234.999985 -0.056600
360.320007 218.240005 115.000000 -0.464700
322.970001 454.979980 35.000000 0.257200
303.149994 321.829987 45.000000 0.617000
442.040009 436.390015 245.000000 1.292800
442.040009 436.390015 225.000000 0.867200
397.839996 243.309998 75.000000 -0.132200
485.619965 287.269989 55.000000 0.409000
213.610001 335.230011 75.000000 -0.533400
36.660000 376.950012 95.000000 0.872100
257.549988 341.380005 195.000000 0.718600
400.339996 251.389999 155.000000 -0.580800
449.420013 7.280000 95.000000 -0.261900
397.839996 243.309998 175.000000 -0.231600
494.790039 48.910000 95.000000 0.871700
130.139999 391.570007 15.000001 0.058600
362.690002 176.309998 175.000000 0.739100
395.619995 29.740000 185.000000 0.077100
24.240000 60.180004 85.000000 1.506200
322.970001 454.979980 25.000000 0.361900
259.609985 410.989990 225.000000 -0.489100
351.149994 317.230011 55.000000 0.163500
321.350006 295.559998 25.000000 1.122300
90.820000 436.950012 234.999985 0.075600
90.820000 436.950012 135.000000 -0.091900
321.350006 295.559998 125.000000 -0.689900
485.619965 287.269989 195.000000 -0.602700
153.250000 487.290009 95.000000 -0.581800
428.800018 332.540009 85.000000 -0.467200
303.149994 321.829987 165.000000 -0.245100
400.339996 251.389999 234.999985 0.233800
326.859985 294.880005 234.999985 0.341700
130.139999 391.570007 135.000000 -0.495300
278.220001 309.720001 234.999985 0.497300
259.609985 410.989990 115.000000 -1.075800
213.610001 335.230011 25.000000 0.682600
442.040009 436.390015 155.000000 0.606700
326.859985 294.880005 25.000000 1.122300
259.609985 410.989990 25.000000 0.740500
90.820000 436.950012 15.000001 1.041100
428.800018 332.540009 125.000000 -0.309400
428.800018 332.540009 45.000000 0.131400
125.440002 312.079987 55.000000 0.339100
469.350006 191.869995 125.000000 0.064800
257.549988 341.380005 85.000000 -0.579000
321.350006 295.559998 85.000000 -0.311500
400.339996 251.389999 65.000000 0.078900
494.790039 48.910000 35.000000 0.122900
213.610001 335.230011 135.000000 -0.331700
153.250000 487.290009 225.000000 -0.394800
451.160004 411.480011 165.000000 0.611700
106.320000 324.380005 35.000000 0.427100
213.610001 335.230011 104.999992 -0.586000
428.800018 332.540009 175.000000 -0.247000
395.619995 29.740000 245.000000 0.777600
278.220001 309.720001 95.000000 -0.229900
313.820007 301.010010 245.000000 -0.158700
125.440002 312.079987 95.000000 0.410000
397.839996 243.309998 85.000000 -0.290700
360.320007 218.240005 75.000000 -0.108300
400.339996 251.389999 25.000000 0.408300
400.339996 251.389999 165.000000 -0.628400
303.149994 321.829987 135.000000 -0.723700
451.160004 411.480011 15.000001 -0.399600
397.839996 243.309998 35.000000 0.287200
442.040009 436.390015 215.000015 0.728400
451.160004 411.480011 205.000000 0.655200
362.690002 176.309998 125.000000 -0.179700
36.660000 376.950012 65.000000 0.924800
90.820000 436.950012 75.000000 0.018600
485.619965 287.269989 205.000000 -0.505700
36.660000 376.950012 245.000000 0.170800
164.960007 162.529999 45.000000 0.591000
153.250000 487.290009 175.000000 -0.683100
485.619965 287.269989 65.000000 0.383100
360.320007 218.240005 195.000000 0.481600
395.619995 29.740000 65.000000 -0.895200
485.619965 287.269989 234.999985 -0.081000
360.320007 218.240005 15.000001 0.629500
322.970001 454.979980 225.000000 -0.489300
106.320000 324.380005 115.000000 0.549600
485.619965 287.269989 125.000000 -0.371900
449.420013 7.280000 155.000000 -0.275500
36.660000 376.950012 135.000000 1.629500
36.660000 376.950012 45.000000 0.772500
125.440002 312.079987 185.000000 0.804000
130.139999 391.570007 195.000000 0.387000
259.609985 410.989990 205.000000 -0.577100
326.859985 294.880005 245.000000 -0.072300
164.960007 162.529999 185.000000 1.154500
24.240000 60.180004 45.000000 1.343500
469.350006 191.869995 175.000000 -0.056900
106.320000 324.380005 215.000015 0.556200
322.970001 454.979980 234.999985 -0.272000
24.240000 60.180004 55.000000 1.411800
442.040009 436.390015 95.000000 -0.562700
400.339996 251.389999 215.000015 0.176600
213.610001 335.230011 155.000000 -0.136100
303.149994 321.829987 125.000000 -0.834100
351.149994 317.230011 215.000015 0.076400
428.800018 332.540009 245.000000 0.034400
449.420013 7.280000 175.000000 0.122800
322.970001 454.979980 115.000000 -1.008600
90.820000 436.950012 35.000000 0.713600
400.339996 251.389999 115.000000 -0.622100
469.350006 191.869995 25.000000 0.797300
321.350006 295.559998 205.000000 0.106300
351.149994 317.230011 35.000000 0.777500
259.609985 410.989990 135.000000 -0.618400
395.619995 29.740000 115.000000 -0.619600
451.160004 411.480011 55.000000 -0.699800
278.220001 309.720001 195.000000 0.589800
321.350006 295.559998 234.999985 0.341700
257.549988 341.380005 55.000000 0.078400
397.839996 243.309998 45.000000 0.182800
397.839996 243.309998 185.000000 -0.191700
400.339996 251.389999 95.000000 -0.428900
351.149994 317.230011 205.000000 0.213200
397.839996 243.309998 115.000000 -0.758200
322.970001 454.979980 45.000000 -0.078700
24.240000 60.180004 65.000000 1.231900
360.320007 218.240005 234.999985 1.277800
351.149994 317.230011 225.000000 0.220300
442.040009 436.390015 75.000000 -0.744700
326.859985 294.880005 175.000000 -0.037900
321.350006 295.559998 145.000000 -0.598800
257.549988 341.380005 245.000000 0.157100
449.420013 7.280000 245.000000 0.446800
278.220001 309.720001 125.000000 -0.577000
351.149994 317.230011 15.000001 1.558600
106.320000 324.380005 125.000000 0.628400
278.220001 309.720001 185.000000 0.546200
428.800018 332.540009 205.000000 -0.093600
442.040009 436.390015 85.000000 -0.716600
494.790039 48.910000 145.000000 0.434800
36.660000 376.950012 165.000000 1.590600
213.610001 335.230011 175.000000 0.324100
322.970001 454.979980 185.000000 -0.500300
303.149994 321.829987 115.000000 -0.860200
451.160004 411.480011 35.000000 -0.637400
321.350006 295.559998 95.000000 -0.698900
449.420013 7.280000 35.000000 -1.287400
362.690002 176.309998 234.999985 1.733600
360.320007 218.240005 155.000000 -0.101100
90.820000 436.950012 145.000000 -0.039900
400.339996 251.389999 195.000000 -0.052700
130.139999 391.570007 25.000000 -0.003400
24.240000 60.180004 205.000000 -0.200300
130.139999 391.570007 65.000000 -1.066400
400.339996 251.389999 104.999992 -0.700600
36.660000 376.950012 75.000000 0.878200
259.609985 410.989990 125.000000 -0.988500
351.149994 317.230011 185.000000 -0.094500
395.619995 29.740000 135.000000 -0.565300
494.790039 48.910000 75.000000 1.232400
106.320000 324.380005 85.000000 0.397500
164.960007 162.529999 35.000000 0.603800
125.440002 312.079987 245.000000 0.249600
278.220001 309.720001 45.000000 0.678500
395.619995 29.740000 15.000001 -1.320600
24.240000 60.180004 145.000000 0.776800
485.619965 287.269989 165.000000 -0.750000
397.839996 243.309998 165.000000 -0.406900
259.609985 410.989990 55.000000 -0.368800
360.320007 218.240005 185.000000 0.370200
321.350006 295.559998 65.000000 0.200900
153.250000 487.290009 25.000000 0.675600
164.960007 162.529999 175.000000 1.303100
326.859985 294.880005 155.000000 -0.577500
397.839996 243.309998 155.000000 -0.662300
130.139999 391.570007 104.999992 -0.823600
303.149994 321.829987 104.999992 -0.668700
326.859985 294.880005 215.000015 0.207900
130.139999 391.570007 245.000000 0.146800
395.619995 29.740000 75.000000 -0.838000
442.040009 436.390015 165.000000 0.458500
494.790039 48.910000 185.000000 0.534900
449.420013 7.280000 185.000000 0.376500
321.350006 295.559998 75.000000 -0.246900
24.240000 60.180004 234.999985 -0.222200
395.619995 29.740000 25.000000 -1.409200
449.420013 7.280000 225.000000 0.540000
303.149994 321.829987 205.000000 0.426200
213.610001 335.230011 225.000000 0.442900
428.800018 332.540009 55.000000 0.051800
106.320000 324.380005 245.000000 -0.032900
494.790039 48.910000 125.000000 0.571100
428.800018 332.540009 155.000000 -0.137400
469.350006 191.869995 115.000000 0.421200
257.549988 341.380005 15.000001 1.501600
322.970001 454.979980 85.000000 -0.541300
400.339996 251.389999 245.000000 0.203100
106.320000 324.380005 205.000000 0.614000
313.820007 301.010010 195.000000 0.295800
125.440002 312.079987 234.999985 0.263200
24.240000 60.180004 75.000000 1.369400
24.240000 60.180004 95.000000 1.709300
449.420013 7.280000 165.000000 0.216400
400.339996 251.389999 125.000000 -0.732800
351.149994 317.230011 245.000000 -0.239200
164.960007 162.529999 15.000001 0.688500
442.040009 436.390015 135.000000 -0.060400
278.220001 309.720001 65.000000 -0.012800
362.690002 176.309998 35.000000 0.315900
90.820000 436.950012 165.000000 0.278200
106.320000 324.380005 15.000001 0.298900
351.149994 317.230011 175.000000 -0.387200
442.040009 436.390015 65.000000 -0.689700
485.619965 287.269989 104.999992 -0.300100
257.549988 341.380005 225.000000 0.388100
153.250000 487.290009 195.000000 -0.456000
362.690002 176.309998 245.000000 1.898300
326.859985 294.880005 145.000000 -0.598800
125.440002 312.079987 85.000000 0.231100
449.420013 7.280000 25.000000 -1.238500
164.960007 162.529999 85.000000 1.651000
395.619995 29.740000 95.000000 -0.702300
397.839996 243.309998 55.000000 0.398400
213.610001 335.230011 234.999985 0.525400
213.610001 335.230011 35.000000 0.458000
362.690002 176.309998 65.000000 0.081100
303.149994 321.829987 85.000000 -0.415100
400.339996 251.389999 135.000000 -0.729200
449.420013 7.280000 85.000000 -0.148500
125.440002 312.079987 125.000000 0.484400
442.040009 436.390015 25.000000 -0.272700
303.149994 321.829987 234.999985 -0.005900
130.139999 391.570007 215.000015 0.430100
360.320007 218.240005 215.000015 1.023700
494.790039 48.910000 195.000000 0.325500
153.250000 487.290009 125.000000 -0.744800
278.220001 309.720001 25.000000 1.396400
362.690002 176.309998 75.000000 -0.062300
451.160004 411.480011 195.000000 0.727800
428.800018 332.540009 104.999992 -0.383700
313.820007 301.010010 165.000000 -0.383500
153.250000 487.290009 75.000000 -0.261400
130.139999 391.570007 155.000000 -0.383900
257.549988 341.380005 104.999992 -0.722100
451.160004 411.480011 185.000000 0.405900
24.240000 60.180004 175.000000 0.205100
24.240000 60.180004 125.000000 1.271000
469.350006 191.869995 75.000000 1.217100
36.660000 376.950012 185.000000 1.284900
24.240000 60.180004 15.000001 1.145300
313.820007 301.010010 75.000000 -0.144600
326.859985 294.880005 35.000000 1.083100
494.790039 48.910000 65.000000 1.021600
259.609985 410.989990 85.000000 -0.999600
397.839996 243.309998 245.000000 0.482300
303.149994 321.829987 55.000000 0.248700
153.250000 487.290009 104.999992 -0.948700
130.139999 391.570007 115.000000 -0.590800
442.040009 436.390015 205.000000 0.594800
451.160004 411.480011 85.000000 -0.538800
130.139999 391.570007 165.000000 0.077800
125.440002 312.079987 135.000000 0.517400
395.619995 29.740000 104.999992 -0.724800
485.619965 287.269989 45.000000 0.314000
303.149994 321.829987 155.000000 -0.462700
153.250000 487.290009 165.000000 -0.733000
278.220001 309.720001 104.999992 -0.412400
257.549988 341.380005 115.000000 -0.721100
428.800018 332.540009 15.000001 0.592900
153.250000 487.290009 35.000000 0.590700
259.609985 410.989990 234.999985 -0.531100
153.250000 487.290009 65.000000 0.036400
164.960007 162.529999 195.000000 0.661100
397.839996 243.309998 234.999985 0.534700
24.240000 60.180004 225.000000 -0.379900
90.820000 436.950012 55.000000 0.041000
485.619965 287.269989 95.000000 0.024500
326.859985 294.880005 15.000001 1.466300
449.420013 7.280000 104.999992 -0.279300
442.040009 436.390015 195.000000 0.662200
321.350006 295.559998 245.000000 -0.072300
130.139999 391.570007 185.000000 0.326200
395.619995 29.740000 35.000000 -1.410700
125.440002 312.079987 75.000000 0.187500
395.619995 29.740000 195.000000 0.331600
24.240000 60.180004 104.999992 1.716200
90.820000 436.950012 225.000000 0.448500
351.149994 317.230011 95.000000 -0.674000
400.339996 251.389999 85.000000 -0.517000
362.690002 176.309998 45.000000 0.044900
278.220001 309.720001 85.000000 -0.244300
36.660000 376.950012 145.000000 1.605500
326.859985 294.880005 185.000000 0.269600
428.800018 332.540009 135.000000 -0.215900
442.040009 436.390015 115.000000 -0.205400
125.440002 312.079987 115.000000 0.490700
469.350006 191.869995 65.000000 1.260500
442.040009 436.390015 145.000000 0.187200
259.609985 410.989990 145.000000 -0.338500
322.970001 454.979980 55.000000 -0.272800
164.960007 162.529999 95.000000 2.127200
400.339996 251.389999 145.000000 -0.805500
362.690002 176.309998 15.000001 0.411600
485.619965 287.269989 35.000000 0.615300
213.610001 335.230011 85.000000 -0.403600
469.350006 191.869995 225.000000 0.743200
362.690002 176.309998 104.999992 -0.328900
153.250000 487.290009 55.000000 0.335800
278.220001 309.720001 165.000000 0.209600
259.609985 410.989990 95.000000 -1.003700
494.790039 48.910000 135.000000 0.532000
24.240000 60.180004 185.000000 0.101600
351.149994 317.230011 65.000000 -0.169600
321.350006 295.559998 225.000000 0.242900
449.420013 7.280000 205.000000 0.261100
428.800018 332.540009 95.000000 -0.441600
451.160004 411.480011 65.000000 -0.608000
278.220001 309.720001 205.000000 0.685300
322.970001 454.979980 245.000000 -0.168000
485.619965 287.269989 135.000000 -0.340400
360.320007 218.240005 145.000000 -0.297800
90.820000 436.950012 195.000000 0.617300
395.619995 29.740000 234.999985 0.657300
397.839996 243.309998 95.000000 -0.512500
351.149994 317.230011 75.000000 -0.375400
213.610001 335.230011 65.000000 -0.352300
400.339996 251.389999 35.000000 0.416200
313.820007 301.010010 175.000000 -0.129300
106.320000 324.380005 55.000000 0.443900
257.549988 341.380005 175.000000 0.206000
395.619995 29.740000 125.000000 -0.684800
313.820007 301.010010 125.000000 -0.721900
125.440002 312.079987 15.000001 0.188700
485.619965 287.269989 25.000000 0.279400
36.660000 376.950012 115.000000 1.424000
106.320000 324.380005 25.000000 0.426800
351.149994 317.230011 115.000000 -0.957300
278.220001 309.720001 175.000000 0.362900
442.040009 436.390015 104.999992 -0.297300
442.040009 436.390015 15.000001 -0.360100
153.250000 487.290009 245.000000 -0.238500
153.250000 487.290009 185.000000 -0.343900
36.660000 376.950012 175.000000 1.373500
153.250000 487.290009 234.999985 -0.184500
259.609985 410.989990 185.000000 -0.445100
36.660000 376.950012 125.000000 1.399200
360.320007 218.240005 104.999992 -0.208000
257.549988 341.380005 215.000015 0.493900
494.790039 48.910000 15.000001 -0.522300
90.820000 436.950012 155.000000 -0.033600
321.350006 295.559998 135.000000 -0.525600
428.800018 332.540009 145.000000 -0.366800
164.960007 162.529999 75.000000 1.758300
322.970001 454.979980 145.000000 -0.373700
321.350006 295.559998 35.000000 1.083100
451.160004 411.480011 135.000000 0.225500
326.859985 294.880005 125.000000 -0.689900
449.420013 7.280000 145.000000 -0.133200
469.350006 191.869995 195.000000 0.188000
303.149994 321.829987 75.000000 -0.336300
326.859985 294.880005 195.000000 0.189500
125.440002 312.079987 205.000000 0.744400
257.549988 341.380005 155.000000 -0.044800
451.160004 411.480011 125.000000 0.000100
494.790039 48.910000 104.999992 1.071400
362.690002 176.309998 205.000000 1.750600
278.220001 309.720001 115.000000 -0.358500
125.440002 312.079987 175.000000 0.690900
213.610001 335.230011 205.000000 0.623200
395.619995 29.740000 175.000000 -0.013700
164.960007 162.529999 65.000000 1.147200
257.549988 341.380005 75.000000 -0.611100
326.859985 294.880005 165.000000 -0.459600
351.149994 317.230011 104.999992 -0.770800
360.320007 218.240005 45.000000 0.169200
24.240000 60.180004 35.000000 1.374100
362.690002 176.309998 215.000015 1.621300
400.339996 251.389999 175.000000 -0.585800
449.420013 7.280000 125.000000 -0.440300
469.350006 191.869995 165.000000 -0.265900
442.040009 436.390015 234.999985 1.172100
397.839996 243.309998 104.999992 -0.662400
362.690002 176.309998 115.000000 -0.236100
362.690002 176.309998 95.000000 -0.031300
395.619995 29.740000 165.000000 -0.064300
213.610001 335.230011 125.000000 -0.341200
125.440002 312.079987 35.000000 0.371000
153.250000 487.290009 135.000000 -0.698800
213.610001 335.230011 145.000000 -0.110700
397.839996 243.309998 195.000000 0.056200
351.149994 317.230011 195.000000 -0.018700
303.149994 321.829987 15.000001 1.740500
362.690002 176.309998 185.000000 0.900000
303.149994 321.829987 245.000000 -0.070300
362.690002 176.309998 155.000000 0.314300
153.250000 487.290009 115.000000 -0.706800
321.350006 295.559998 55.000000 0.471200
322.970001 454.979980 125.000000 -0.629500
428.800018 332.540009 25.000000 0.423200
257.549988 341.380005 95.000000 -0.700700
326.859985 294.880005 115.000000 -0.770300
351.149994 317.230011 135.000000 -0.912600
106.320000 324.380005 145.000000 0.604000
313.820007 301.010010 225.000000 0.240500
400.339996 251.389999 75.000000 0.082200
106.320000 324.380005 234.999985 0.215700
321.350006 295.559998 115.000000 -0.770300
259.609985 410.989990 195.000000 -0.140500
24.240000 60.180004 165.000000 0.475800
321.350006 295.559998 104.999992 -0.462700
397.839996 243.309998 125.000000 -0.653100
257.549988 341.380005 135.000000 -0.425000
351.149994 317.230011 125.000000 -1.070500
213.610001 335.230011 245.000000 0.368400
400.339996 251.389999 15.000001 0.494100
259.609985 410.989990 165.000000 -0.319600
257.549988 341.380005 65.000000 -0.237900
164.960007 162.529999 55.000000 1.036700
164.960007 162.529999 104.999992 2.054800
400.339996 251.389999 185.000000 -0.351600
400.339996 251.389999 205.000000 0.047300
397.839996 243.309998 65.000000 0.075400
469.350006 191.869995 155.000000 -0.324100
213.610001 335.230011 55.000000 -0.015600
36.660000 376.950012 195.000000 1.338600
485.619965 287.269989 185.000000 -0.636300
362.690002 176.309998 145.000000 -0.014400
469.350006 191.869995 15.000001 0.778700
451.160004 411.480011 234.999985 1.118500
469.350006 191.869995 205.000000 0.428900
125.440002 312.079987 215.000015 0.380300
153.250000 487.290009 155.000000 -0.808400
395.619995 29.740000 225.000000 0.568400
351.149994 317.230011 45.000000 0.190200
130.139999 391.570007 234.999985 0.416000
362.690002 176.309998 225.000000 1.902100
321.350006 295.559998 175.000000 -0.037900
106.320000 324.380005 75.000000 0.490300
326.859985 294.880005 225.000000 0.242900
321.350006 295.559998 155.000000 -0.577500
321.350006 295.559998 185.000000 0.269600
400.339996 251.389999 55.000000 0.235000
313.820007 301.010010 15.000001 1.647800
313.820007 301.010010 65.000000 0.031300
36.660000 376.950012 55.000000 0.621100
494.790039 48.910000 155.000000 0.336200
36.660000 376.950012 234.999985 0.143400
485.619965 287.269989 215.000015 -0.316700
400.339996 251.389999 225.000000 0.172100
278.220001 309.720001 225.000000 0.509400
153.250000 487.290009 145.000000 -0.819500
257.549988 341.380005 25.000000 1.066200
326.859985 294.880005 55.000000 0.471200
125.440002 312.079987 45.000000 0.393300
278.220001 309.720001 135.000000 -0.454800
322.970001 454.979980 104.999992 -0.777700
259.609985 410.989990 65.000000 -0.315500
428.800018 332.540009 234.999985 0.139400
351.149994 317.230011 234.999985 -0.067700
322.970001 454.979980 175.000000 -0.640600
164.960007 162.529999 125.000000 2.202200
153.250000 487.290009 205.000000 -0.517200
278.220001 309.720001 35.000000 0.985700
362.690002 176.309998 165.000000 0.548100
130.139999 391.570007 175.000000 0.121800
90.820000 436.950012 175.000000 0.385000
130.139999 391.570007 125.000000 -0.538600
449.420013 7.280000 215.000015 0.157200
90.820000 436.950012 125.000000 -0.170000
442.040009 436.390015 45.000000 -0.629300
494.790039 48.910000 165.000000 0.325100
360.320007 218.240005 225.000000 1.226500
360.320007 218.240005 55.000000 0.093500
303.149994 321.829987 35.000000 0.971300
90.820000 436.950012 45.000000 0.467200
257.549988 341.380005 185.000000 0.367200
451.160004 411.480011 145.000000 0.362400
313.820007 301.010010 215.000015 0.239500
125.440002 312.079987 104.999992 0.558400
313.820007 301.010010 185.000000 0.224500
24.240000 60.180004 25.000000 1.206900
164.960007 162.529999 165.000000 1.447300
494.790039 48.910000 205.000000 0.476700
442.040009 436.390015 175.000000 0.232700
313.820007 301.010010 205.000000 0.417900
313.820007 301.010010 85.000000 -0.493200
90.820000 436.950012 85.000000 -0.349500
428.800018 332.540009 165.000000 -0.090000
130.139999 391.570007 225.000000 0.391300
322.970001 454.979980 75.000000 -0.839300
106.320000 324.380005 175.000000 0.832900
278.220001 309.720001 215.000015 0.740800
313.820007 301.010010 115.000000 -0.696300
259.609985 410.989990 104.999992 -0.958700
397.839996 243.309998 145.000000 -0.466700
449.420013 7.280000 234.999985 0.442500
106.320000 324.380005 135.000000 0.576000
90.820000 436.950012 205.000000 0.471700
395.619995 29.740000 215.000015 0.603800
106.320000 324.380005 65.000000 0.276000
106.320000 324.380005 225.000000 0.369800
428.800018 332.540009 195.000000 -0.135100
449.420013 7.280000 15.000001 -1.742400
428.800018 332.540009 225.000000 -0.077900
36.660000 376.950012 155.000000 1.518500
313.820007 301.010010 234.999985 0.209300
313.820007 301.010010 135.000000 -0.814400
303.149994 321.829987 145.000000 -0.615300
326.859985 294.880005 45.000000 0.751600
303.149994 321.829987 95.000000 -0.615700
451.160004 411.480011 115.000000 -0.007200
451.160004 411.480011 75.000000 -0.710400
485.619965 287.269989 225.000000 -0.516000
360.320007 218.240005 25.000000 0.782400
313.820007 301.010010 35.000000 0.808700
90.820000 436.950012 95.000000 -0.237400
494.790039 48.910000 215.000015 0.532500
