pygeostat_saved_data
4
X
Y
Z
value
24.240000 60.180004 15.000001 1.145300
378.690002 301.320007 125.000000 -0.703600
490.339996 265.519989 185.000000 -0.688500
395.619995 29.740000 215.000015 0.603800
395.619995 29.740000 95.000000 -0.702300
395.619995 29.740000 104.999992 -0.724800
153.250000 487.290009 25.000000 0.675600
241.470001 68.970001 125.000000 0.840400
125.440002 312.079987 155.000000 0.581000
365.730011 403.760010 85.000000 -0.745700
400.339996 251.389999 85.000000 -0.517000
475.950012 28.810001 195.000000 0.372100
130.139999 391.570007 95.000000 -0.901900
153.250000 487.290009 35.000000 0.590700
490.339996 265.519989 55.000000 0.500800
164.960007 162.529999 75.000000 1.758300
298.269989 94.169998 85.000000 0.049100
418.980042 132.100006 165.000000 0.485300
279.510010 102.050003 75.000000 0.341500
157.669998 258.649994 55.000000 1.239500
305.200012 98.620003 55.000000 -0.041100
318.250000 429.989990 85.000000 -0.919900
378.690002 301.320007 165.000000 -0.581500
400.339996 251.389999 25.000000 0.408300
449.420013 7.280000 75.000000 -0.508900
110.339996 469.959961 35.000000 0.538900
494.790039 48.910000 85.000000 1.061700
485.619965 287.269989 205.000000 -0.505700
213.610001 335.230011 104.999992 -0.586000
428.800018 332.540009 234.999985 0.139400
378.690002 301.320007 25.000000 0.894300
110.449997 318.959991 195.000000 0.761400
351.149994 317.230011 145.000000 -0.654800
15.230000 487.869965 234.999985 -0.361700
346.649994 423.839996 155.000000 -0.051400
121.070007 192.259995 155.000000 1.705500
369.950012 384.730011 135.000000 -0.445300
155.990005 360.869995 55.000000 -0.661600
254.429977 472.820007 245.000000 -0.663400
278.220001 309.720001 75.000000 0.150400
87.879997 274.649994 45.000000 1.018800
90.820000 436.950012 205.000000 0.471700
136.740005 121.040001 45.000000 0.771800
110.449997 318.959991 225.000000 0.304600
126.960007 469.989960 95.000000 -0.549600
400.339996 251.389999 145.000000 -0.805500
190.830002 249.960022 205.000000 0.825100
351.149994 317.230011 245.000000 -0.239200
29.600000 454.640015 205.000000 0.266900
110.449997 318.959991 104.999992 0.434200
87.070000 482.109985 115.000000 -0.433700
126.960007 469.989960 215.000015 0.004500
432.929993 319.820007 115.000000 -0.637600
449.420013 7.280000 95.000000 -0.261900
279.510010 102.050003 205.000000 0.906700
257.549988 341.380005 15.000001 1.501600
362.690002 176.309998 35.000000 0.315900
369.950012 384.730011 165.000000 0.253000
241.470001 68.970001 65.000000 0.698100
126.960007 469.989960 155.000000 -0.578000
39.540001 330.609985 85.000000 1.324800
177.470001 28.440002 165.000000 0.789300
322.970001 454.979980 205.000000 -0.617600
369.950012 384.730011 35.000000 0.585800
257.549988 341.380005 75.000000 -0.611100
351.149994 317.230011 45.000000 0.190200
474.270020 286.970001 234.999985 -0.136400
313.820007 301.010010 85.000000 -0.493200
303.149994 321.829987 135.000000 -0.723700
106.320000 324.380005 115.000000 0.549600
298.269989 94.169998 155.000000 0.216100
418.980042 132.100006 155.000000 0.257600
155.990005 360.869995 135.000000 -0.337800
110.449997 318.959991 135.000000 0.576600
124.059998 227.130005 205.000000 0.443100
422.380005 473.869995 234.999985 0.974600
303.149994 321.829987 95.000000 -0.615700
18.750000 492.299988 185.000000 -0.186900
395.619995 29.740000 185.000000 0.077100
303.149994 321.829987 205.000000 0.426200
432.929993 319.820007 135.000000 -0.376200
432.929993 319.820007 155.000000 -0.576100
10.750000 436.549988 65.000000 0.894100
164.960007 162.529999 45.000000 0.591000
360.170013 137.669998 165.000000 0.659600
369.950012 384.730011 195.000000 0.208000
36.660000 376.950012 234.999985 0.143400
301.489990 273.140015 215.000015 0.569000
24.240000 60.180004 85.000000 1.506200
474.270020 286.970001 85.000000 -0.051400
106.320000 324.380005 65.000000 0.276000
400.339996 251.389999 215.000015 0.176600
449.420013 7.280000 155.000000 -0.275500
130.139999 391.570007 145.000000 -0.080100
125.440002 312.079987 75.000000 0.187500
39.540001 330.609985 145.000000 1.739400
369.950012 384.730011 125.000000 -0.515800
213.610001 335.230011 115.000000 -0.384500
303.149994 321.829987 15.000001 1.740500
432.929993 319.820007 165.000000 -0.557400
56.240005 285.160004 75.000000 1.511900
351.989990 427.250000 205.000000 -0.088500
360.320007 218.240005 35.000000 0.463600
474.270020 286.970001 104.999992 -0.389600
428.800018 332.540009 205.000000 -0.093600
474.270020 286.970001 25.000000 0.523200
153.250000 487.290009 85.000000 -0.601100
395.619995 29.740000 155.000000 -0.458000
422.380005 473.869995 215.000015 0.531100
451.160004 411.480011 205.000000 0.655200
369.950012 384.730011 175.000000 0.098300
278.220001 309.720001 165.000000 0.209600
56.240005 285.160004 35.000000 0.805900
432.929993 319.820007 104.999992 -0.524700
298.269989 94.169998 35.000000 0.011400
485.619965 287.269989 145.000000 -0.766700
125.440002 312.079987 165.000000 0.695100
127.139999 327.489990 135.000000 0.307500
278.220001 309.720001 215.000015 0.740800
110.449997 318.959991 155.000000 0.693600
24.240000 60.180004 175.000000 0.205100
451.160004 411.480011 225.000000 0.993200
21.549999 94.790001 225.000000 -0.233000
110.339996 469.959961 135.000000 -0.491700
126.960007 469.989960 55.000000 0.008600
10.750000 436.549988 185.000000 0.619100
303.149994 321.829987 185.000000 0.199700
428.800018 332.540009 185.000000 -0.178200
301.489990 273.140015 195.000000 0.406500
177.470001 28.440002 35.000000 -0.092800
397.839996 243.309998 55.000000 0.398400
127.139999 327.489990 75.000000 0.040200
177.470001 28.440002 135.000000 1.453400
157.669998 258.649994 25.000000 0.948500
127.139999 327.489990 95.000000 0.335400
378.690002 301.320007 35.000000 0.472500
378.690002 301.320007 185.000000 -0.084400
36.660000 376.950012 175.000000 1.373500
346.649994 423.839996 215.000015 -0.212100
241.470001 68.970001 205.000000 0.036700
254.429977 472.820007 55.000000 0.110300
24.240000 60.180004 65.000000 1.231900
313.820007 301.010010 35.000000 0.808700
422.380005 473.869995 155.000000 -0.054100
369.950012 384.730011 45.000000 0.132700
153.250000 487.290009 125.000000 -0.744800
442.040009 436.390015 95.000000 -0.562700
494.790039 48.910000 185.000000 0.534900
21.549999 94.790001 104.999992 1.877000
87.070000 482.109985 145.000000 -0.342300
485.619965 287.269989 65.000000 0.383100
18.750000 492.299988 135.000000 -0.212800
125.440002 312.079987 115.000000 0.490700
451.160004 411.480011 175.000000 0.648000
241.470001 68.970001 175.000000 0.258300
351.149994 317.230011 135.000000 -0.912600
90.820000 436.950012 245.000000 0.022600
360.170013 137.669998 65.000000 -0.247600
351.149994 317.230011 175.000000 -0.387200
397.839996 243.309998 165.000000 -0.406900
318.250000 429.989990 65.000000 -0.566300
346.649994 423.839996 175.000000 -0.183400
301.489990 273.140015 135.000000 -0.494400
422.380005 473.869995 205.000000 0.355800
322.970001 454.979980 165.000000 -0.227400
346.649994 423.839996 104.999992 -0.644900
157.669998 258.649994 135.000000 1.301500
213.610001 335.230011 205.000000 0.623200
190.830002 249.960022 95.000000 0.986300
153.250000 487.290009 135.000000 -0.698800
313.820007 301.010010 115.000000 -0.696300
303.149994 321.829987 234.999985 -0.005900
305.200012 98.620003 65.000000 -0.206100
278.220001 309.720001 35.000000 0.985700
360.320007 218.240005 165.000000 0.047700
428.800018 332.540009 104.999992 -0.383700
24.240000 60.180004 45.000000 1.343500
110.339996 469.959961 125.000000 -0.468400
303.149994 321.829987 195.000000 0.346300
110.339996 469.959961 185.000000 -0.033900
469.350006 191.869995 205.000000 0.428900
397.839996 243.309998 145.000000 -0.466700
259.609985 410.989990 104.999992 -0.958700
15.230000 487.869965 165.000000 -0.073200
318.250000 429.989990 75.000000 -0.566700
318.250000 429.989990 115.000000 -0.754400
313.820007 301.010010 185.000000 0.224500
326.859985 294.880005 205.000000 0.106300
15.230000 487.869965 115.000000 -0.067500
155.990005 360.869995 195.000000 0.475500
475.950012 28.810001 205.000000 0.403400
164.960007 162.529999 145.000000 2.295800
155.990005 360.869995 65.000000 -0.810200
321.350006 295.559998 155.000000 -0.577500
474.270020 286.970001 45.000000 0.432400
257.549988 341.380005 165.000000 0.238100
400.339996 251.389999 104.999992 -0.700600
157.669998 258.649994 165.000000 1.016100
153.250000 487.290009 175.000000 -0.683100
326.859985 294.880005 234.999985 0.341700
254.429977 472.820007 234.999985 -0.788400
136.740005 121.040001 115.000000 2.112100
305.200012 98.620003 145.000000 -0.150600
322.970001 454.979980 55.000000 -0.272800
15.230000 487.869965 55.000000 1.161800
90.820000 436.950012 135.000000 -0.091900
130.139999 391.570007 135.000000 -0.495300
351.989990 427.250000 215.000015 -0.226700
326.859985 294.880005 95.000000 -0.698900
136.740005 121.040001 234.999985 -0.033300
475.950012 28.810001 25.000000 -1.099300
87.879997 274.649994 215.000015 0.172500
449.420013 7.280000 225.000000 0.540000
24.240000 60.180004 245.000000 -0.223300
56.240005 285.160004 215.000015 0.399400
136.740005 121.040001 55.000000 1.139000
351.149994 317.230011 55.000000 0.163500
24.240000 60.180004 234.999985 -0.222200
313.820007 301.010010 95.000000 -0.578800
36.660000 376.950012 225.000000 0.722900
130.139999 391.570007 55.000000 -0.780200
360.170013 137.669998 45.000000 0.086100
449.420013 7.280000 165.000000 0.216400
21.549999 94.790001 25.000000 1.407400
360.170013 137.669998 15.000001 -0.090100
305.200012 98.620003 245.000000 1.290200
475.950012 28.810001 215.000015 0.426700
490.339996 265.519989 155.000000 -0.655800
400.339996 251.389999 234.999985 0.233800
351.149994 317.230011 85.000000 -0.355800
157.669998 258.649994 215.000015 0.504400
155.990005 360.869995 225.000000 0.390500
126.960007 469.989960 145.000000 -0.549400
451.160004 411.480011 75.000000 -0.710400
365.730011 403.760010 195.000000 0.223000
241.470001 68.970001 195.000000 0.050800
442.040009 436.390015 195.000000 0.662200
365.730011 403.760010 25.000000 0.566200
190.830002 249.960022 85.000000 0.870800
301.489990 273.140015 175.000000 0.101100
24.240000 60.180004 165.000000 0.475800
313.820007 301.010010 215.000015 0.239500
127.139999 327.489990 25.000000 0.113700
110.449997 318.959991 175.000000 0.818800
259.609985 410.989990 185.000000 -0.445100
90.820000 436.950012 104.999992 -0.303700
351.989990 427.250000 245.000000 0.108000
318.250000 429.989990 15.000001 1.013200
365.730011 403.760010 15.000001 0.779900
121.070007 192.259995 145.000000 1.864500
279.510010 102.050003 25.000000 0.268600
362.690002 176.309998 45.000000 0.044900
257.549988 341.380005 55.000000 0.078400
279.510010 102.050003 35.000000 0.451200
121.070007 192.259995 85.000000 2.068200
125.440002 312.079987 225.000000 0.562200
259.609985 410.989990 65.000000 -0.315500
110.339996 469.959961 195.000000 0.166800
136.740005 121.040001 245.000000 -0.013300
351.149994 317.230011 185.000000 -0.094500
321.350006 295.559998 85.000000 -0.311500
121.070007 192.259995 65.000000 1.640200
365.730011 403.760010 135.000000 -0.255900
451.160004 411.480011 215.000015 0.610400
278.220001 309.720001 15.000001 1.855200
360.320007 218.240005 195.000000 0.481600
87.070000 482.109985 155.000000 -0.122000
126.960007 469.989960 75.000000 -0.258500
177.470001 28.440002 45.000000 0.126800
257.549988 341.380005 25.000000 1.066200
362.690002 176.309998 175.000000 0.739100
39.540001 330.609985 234.999985 0.389500
397.839996 243.309998 245.000000 0.482300
442.040009 436.390015 75.000000 -0.744700
36.660000 376.950012 195.000000 1.338600
127.139999 327.489990 145.000000 0.304000
279.510010 102.050003 55.000000 0.424600
322.970001 454.979980 215.000015 -0.425000
395.619995 29.740000 245.000000 0.777600
213.610001 335.230011 135.000000 -0.331700
432.929993 319.820007 185.000000 -0.365300
177.470001 28.440002 234.999985 -0.019400
21.549999 94.790001 95.000000 1.754700
400.339996 251.389999 195.000000 -0.052700
87.070000 482.109985 85.000000 0.191500
395.619995 29.740000 85.000000 -0.520900
87.879997 274.649994 85.000000 1.407500
346.649994 423.839996 234.999985 -0.037300
36.660000 376.950012 25.000000 0.845400
259.609985 410.989990 155.000000 -0.574900
305.200012 98.620003 45.000000 -0.003800
124.059998 227.130005 115.000000 2.192500
257.549988 341.380005 215.000015 0.493900
190.830002 249.960022 155.000000 1.080300
351.149994 317.230011 205.000000 0.213200
155.990005 360.869995 245.000000 0.132400
257.549988 341.380005 95.000000 -0.700700
351.149994 317.230011 125.000000 -1.070500
346.649994 423.839996 185.000000 -0.153800
106.320000 324.380005 165.000000 0.888400
418.980042 132.100006 45.000000 0.249700
39.540001 330.609985 115.000000 1.910500
39.540001 330.609985 75.000000 1.480200
241.470001 68.970001 135.000000 0.756500
157.669998 258.649994 225.000000 0.449600
428.800018 332.540009 45.000000 0.131400
313.820007 301.010010 175.000000 -0.129300
365.730011 403.760010 205.000000 0.016400
24.240000 60.180004 35.000000 1.374100
475.950012 28.810001 15.000001 -1.021100
87.879997 274.649994 35.000000 0.916300
126.960007 469.989960 115.000000 -0.764300
362.690002 176.309998 115.000000 -0.236100
442.040009 436.390015 155.000000 0.606700
279.510010 102.050003 195.000000 0.758700
110.449997 318.959991 25.000000 0.536100
351.149994 317.230011 225.000000 0.220300
422.380005 473.869995 245.000000 1.255800
177.470001 28.440002 125.000000 1.447900
153.250000 487.290009 104.999992 -0.948700
36.660000 376.950012 215.000015 0.770700
265.890015 249.910004 195.000000 0.870500
278.220001 309.720001 65.000000 -0.012800
254.429977 472.820007 75.000000 -0.490800
157.669998 258.649994 104.999992 1.193100
21.549999 94.790001 55.000000 1.558700
321.350006 295.559998 165.000000 -0.459600
418.980042 132.100006 75.000000 0.317300
136.740005 121.040001 125.000000 2.334900
87.879997 274.649994 145.000000 1.278900
177.470001 28.440002 15.000001 -0.466200
110.339996 469.959961 45.000000 0.516100
213.610001 335.230011 45.000000 0.166400
360.170013 137.669998 215.000015 1.747400
490.339996 265.519989 115.000000 -0.321700
490.339996 265.519989 145.000000 -0.773200
18.750000 492.299988 45.000000 1.135900
485.619965 287.269989 25.000000 0.279400
15.230000 487.869965 225.000000 -0.354300
254.429977 472.820007 115.000000 -1.005500
15.230000 487.869965 95.000000 0.278200
254.429977 472.820007 145.000000 -0.711300
259.609985 410.989990 234.999985 -0.531100
18.750000 492.299988 165.000000 -0.190000
190.830002 249.960022 135.000000 1.156200
474.270020 286.970001 55.000000 0.362700
360.170013 137.669998 145.000000 0.063700
56.240005 285.160004 165.000000 1.399900
365.730011 403.760010 115.000000 -0.674300
126.960007 469.989960 225.000000 -0.157900
259.609985 410.989990 85.000000 -0.999600
422.380005 473.869995 195.000000 0.206400
442.040009 436.390015 165.000000 0.458500
351.149994 317.230011 95.000000 -0.674000
494.790039 48.910000 35.000000 0.122900
265.890015 249.910004 135.000000 0.459400
494.790039 48.910000 215.000015 0.532500
130.139999 391.570007 215.000015 0.430100
418.980042 132.100006 25.000000 -0.299800
110.339996 469.959961 75.000000 0.006400
321.350006 295.559998 175.000000 -0.037900
321.350006 295.559998 205.000000 0.106300
451.160004 411.480011 104.999992 -0.382400
346.649994 423.839996 85.000000 -0.868200
469.350006 191.869995 55.000000 1.256500
326.859985 294.880005 65.000000 0.200900
475.950012 28.810001 75.000000 0.385100
395.619995 29.740000 45.000000 -1.025800
56.240005 285.160004 85.000000 1.546400
475.950012 28.810001 45.000000 -0.317200
15.230000 487.869965 125.000000 -0.120400
360.320007 218.240005 155.000000 -0.101100
56.240005 285.160004 45.000000 1.197500
362.690002 176.309998 55.000000 0.088000
21.549999 94.790001 155.000000 0.829200
397.839996 243.309998 195.000000 0.056200
110.449997 318.959991 35.000000 0.386700
110.449997 318.959991 145.000000 0.594100
318.250000 429.989990 165.000000 -0.297400
428.800018 332.540009 65.000000 -0.181600
18.750000 492.299988 245.000000 -0.343600
126.960007 469.989960 25.000000 0.815900
124.059998 227.130005 65.000000 1.619100
121.070007 192.259995 25.000000 0.896600
265.890015 249.910004 85.000000 0.200500
369.950012 384.730011 75.000000 -0.525000
351.989990 427.250000 45.000000 -0.085400
395.619995 29.740000 145.000000 -0.574900
10.750000 436.549988 135.000000 0.901900
360.170013 137.669998 75.000000 -0.136700
322.970001 454.979980 85.000000 -0.541300
395.619995 29.740000 55.000000 -0.795600
29.600000 454.640015 165.000000 0.550300
136.740005 121.040001 104.999992 2.052000
39.540001 330.609985 35.000000 0.684700
36.660000 376.950012 205.000000 1.141300
378.690002 301.320007 75.000000 -0.370100
254.429977 472.820007 135.000000 -0.637900
422.380005 473.869995 165.000000 0.207300
257.549988 341.380005 135.000000 -0.425000
451.160004 411.480011 245.000000 1.138200
490.339996 265.519989 205.000000 -0.415500
110.339996 469.959961 115.000000 -0.473600
36.660000 376.950012 185.000000 1.284900
318.250000 429.989990 45.000000 0.277000
474.270020 286.970001 195.000000 -0.515500
362.690002 176.309998 85.000000 -0.116200
90.820000 436.950012 55.000000 0.041000
213.610001 335.230011 125.000000 -0.341200
136.740005 121.040001 155.000000 1.624200
110.339996 469.959961 225.000000 -0.168300
254.429977 472.820007 125.000000 -0.657700
278.220001 309.720001 55.000000 0.306600
360.170013 137.669998 25.000000 0.039800
485.619965 287.269989 185.000000 -0.636300
474.270020 286.970001 245.000000 0.014900
106.320000 324.380005 75.000000 0.490300
56.240005 285.160004 65.000000 1.390200
432.929993 319.820007 45.000000 0.287000
127.139999 327.489990 175.000000 0.957300
126.960007 469.989960 234.999985 0.020700
21.549999 94.790001 115.000000 1.854800
10.750000 436.549988 245.000000 -0.274400
298.269989 94.169998 145.000000 -0.005600
303.149994 321.829987 104.999992 -0.668700
257.549988 341.380005 85.000000 -0.579000
39.540001 330.609985 25.000000 0.713600
474.270020 286.970001 225.000000 -0.232200
494.790039 48.910000 65.000000 1.021600
18.750000 492.299988 155.000000 -0.320100
351.989990 427.250000 85.000000 -0.665300
21.549999 94.790001 85.000000 1.728400
369.950012 384.730011 185.000000 -0.038600
56.240005 285.160004 225.000000 0.104900
474.270020 286.970001 125.000000 -0.476600
39.540001 330.609985 45.000000 0.826100
29.600000 454.640015 225.000000 0.074900
265.890015 249.910004 234.999985 0.993400
326.859985 294.880005 25.000000 1.122300
301.489990 273.140015 65.000000 0.284200
321.350006 295.559998 95.000000 -0.698900
136.740005 121.040001 85.000000 1.731900
313.820007 301.010010 65.000000 0.031300
346.649994 423.839996 45.000000 -0.160300
177.470001 28.440002 85.000000 1.248600
254.429977 472.820007 25.000000 0.739600
136.740005 121.040001 145.000000 1.749000
469.350006 191.869995 65.000000 1.260500
326.859985 294.880005 125.000000 -0.689900
259.609985 410.989990 215.000015 -0.382700
365.730011 403.760010 165.000000 0.240200
305.200012 98.620003 25.000000 -0.107200
303.149994 321.829987 175.000000 -0.037600
346.649994 423.839996 205.000000 -0.236100
321.350006 295.559998 25.000000 1.122300
29.600000 454.640015 175.000000 0.495000
56.240005 285.160004 155.000000 1.667900
278.220001 309.720001 85.000000 -0.244300
278.220001 309.720001 195.000000 0.589800
442.040009 436.390015 65.000000 -0.689700
397.839996 243.309998 104.999992 -0.662400
362.690002 176.309998 185.000000 0.900000
422.380005 473.869995 55.000000 -0.820600
474.270020 286.970001 155.000000 -0.728500
490.339996 265.519989 175.000000 -0.680400
469.350006 191.869995 135.000000 -0.293800
29.600000 454.640015 125.000000 0.447600
378.690002 301.320007 15.000001 1.231100
451.160004 411.480011 65.000000 -0.608000
469.350006 191.869995 185.000000 0.064100
87.879997 274.649994 185.000000 0.811700
106.320000 324.380005 245.000000 -0.032900
301.489990 273.140015 115.000000 -0.348200
360.170013 137.669998 55.000000 -0.048200
259.609985 410.989990 135.000000 -0.618400
351.989990 427.250000 25.000000 0.520400
360.170013 137.669998 175.000000 0.706300
265.890015 249.910004 185.000000 0.744200
432.929993 319.820007 35.000000 0.418200
428.800018 332.540009 155.000000 -0.137400
87.070000 482.109985 135.000000 -0.370800
432.929993 319.820007 205.000000 -0.175200
36.660000 376.950012 115.000000 1.424000
15.230000 487.869965 15.000001 1.400200
346.649994 423.839996 245.000000 -0.175200
278.220001 309.720001 125.000000 -0.577000
39.540001 330.609985 55.000000 0.984700
395.619995 29.740000 115.000000 -0.619600
400.339996 251.389999 45.000000 0.238100
278.220001 309.720001 145.000000 -0.164100
369.950012 384.730011 55.000000 -0.052500
494.790039 48.910000 155.000000 0.336200
369.950012 384.730011 215.000015 0.105500
164.960007 162.529999 65.000000 1.147200
428.800018 332.540009 85.000000 -0.467200
346.649994 423.839996 15.000001 0.613900
451.160004 411.480011 125.000000 0.000100
326.859985 294.880005 145.000000 -0.598800
303.149994 321.829987 35.000000 0.971300
213.610001 335.230011 165.000000 -0.042700
318.250000 429.989990 55.000000 -0.240900
313.820007 301.010010 25.000000 1.303100
36.660000 376.950012 45.000000 0.772500
451.160004 411.480011 195.000000 0.727800
305.200012 98.620003 165.000000 0.314900
164.960007 162.529999 15.000001 0.688500
190.830002 249.960022 104.999992 0.973800
15.230000 487.869965 185.000000 -0.064200
110.339996 469.959961 65.000000 -0.038000
125.440002 312.079987 104.999992 0.558400
164.960007 162.529999 205.000000 0.694600
259.609985 410.989990 245.000000 -0.480100
126.960007 469.989960 65.000000 0.015700
346.649994 423.839996 125.000000 -0.662600
125.440002 312.079987 65.000000 0.236500
110.339996 469.959961 155.000000 -0.161500
474.270020 286.970001 165.000000 -0.576800
56.240005 285.160004 55.000000 1.223200
90.820000 436.950012 85.000000 -0.349500
39.540001 330.609985 195.000000 0.899100
24.240000 60.180004 225.000000 -0.379900
155.990005 360.869995 215.000015 0.621600
177.470001 28.440002 215.000015 0.173300
362.690002 176.309998 195.000000 1.374600
378.690002 301.320007 135.000000 -0.904100
474.270020 286.970001 205.000000 -0.404600
279.510010 102.050003 85.000000 0.406100
305.200012 98.620003 175.000000 0.361800
190.830002 249.960022 25.000000 1.012000
279.510010 102.050003 165.000000 0.435400
301.489990 273.140015 25.000000 1.223200
351.989990 427.250000 65.000000 -0.445600
177.470001 28.440002 205.000000 0.285700
313.820007 301.010010 205.000000 0.417900
36.660000 376.950012 35.000000 0.957900
400.339996 251.389999 245.000000 0.203100
362.690002 176.309998 75.000000 -0.062300
395.619995 29.740000 205.000000 0.564800
400.339996 251.389999 125.000000 -0.732800
360.170013 137.669998 205.000000 1.982100
127.139999 327.489990 55.000000 0.193900
432.929993 319.820007 175.000000 -0.211100
346.649994 423.839996 195.000000 -0.210900
362.690002 176.309998 135.000000 -0.133400
121.070007 192.259995 55.000000 1.540400
157.669998 258.649994 245.000000 0.114900
313.820007 301.010010 45.000000 0.612600
322.970001 454.979980 35.000000 0.257200
56.240005 285.160004 15.000001 0.141800
110.339996 469.959961 95.000000 -0.466200
190.830002 249.960022 245.000000 0.324000
121.070007 192.259995 225.000000 0.113900
257.549988 341.380005 65.000000 -0.237900
124.059998 227.130005 25.000000 1.100400
125.440002 312.079987 185.000000 0.804000
155.990005 360.869995 85.000000 -0.992600
278.220001 309.720001 205.000000 0.685300
110.449997 318.959991 95.000000 0.522100
278.220001 309.720001 175.000000 0.362900
346.649994 423.839996 35.000000 0.259700
422.380005 473.869995 35.000000 -0.457200
360.320007 218.240005 245.000000 1.384900
29.600000 454.640015 155.000000 0.327300
378.690002 301.320007 175.000000 -0.553200
428.800018 332.540009 25.000000 0.423200
469.350006 191.869995 165.000000 -0.265900
346.649994 423.839996 25.000000 0.587500
494.790039 48.910000 75.000000 1.232400
365.730011 403.760010 245.000000 0.089000
177.470001 28.440002 75.000000 0.909100
21.549999 94.790001 165.000000 0.346500
136.740005 121.040001 175.000000 0.889600
87.070000 482.109985 245.000000 -0.239200
451.160004 411.480011 145.000000 0.362400
351.989990 427.250000 155.000000 0.344500
254.429977 472.820007 155.000000 -0.526000
127.139999 327.489990 125.000000 0.376200
241.470001 68.970001 225.000000 0.357600
15.230000 487.869965 175.000000 -0.146500
136.740005 121.040001 95.000000 2.077200
87.070000 482.109985 15.000001 1.245400
254.429977 472.820007 35.000000 0.463700
369.950012 384.730011 234.999985 0.045800
257.549988 341.380005 115.000000 -0.721100
326.859985 294.880005 75.000000 -0.246900
298.269989 94.169998 25.000000 -0.012000
155.990005 360.869995 104.999992 -1.002700
469.350006 191.869995 234.999985 0.784400
18.750000 492.299988 225.000000 -0.185100
24.240000 60.180004 215.000015 -0.173600
254.429977 472.820007 45.000000 0.401700
469.350006 191.869995 45.000000 1.210200
279.510010 102.050003 234.999985 1.031200
164.960007 162.529999 104.999992 2.054800
442.040009 436.390015 234.999985 1.172100
21.549999 94.790001 145.000000 0.993100
351.989990 427.250000 234.999985 -0.066700
29.600000 454.640015 95.000000 0.706700
360.320007 218.240005 85.000000 -0.164100
469.350006 191.869995 245.000000 0.663000
136.740005 121.040001 215.000015 0.332500
378.690002 301.320007 225.000000 -0.011200
418.980042 132.100006 115.000000 0.141500
265.890015 249.910004 95.000000 0.252300
485.619965 287.269989 155.000000 -0.826800
369.950012 384.730011 245.000000 -0.193200
213.610001 335.230011 185.000000 0.600700
378.690002 301.320007 104.999992 -0.799400
490.339996 265.519989 125.000000 -0.320400
318.250000 429.989990 234.999985 -0.461800
130.139999 391.570007 35.000000 -0.164800
313.820007 301.010010 135.000000 -0.814400
213.610001 335.230011 35.000000 0.458000
15.230000 487.869965 215.000015 -0.232900
241.470001 68.970001 215.000015 0.023000
298.269989 94.169998 225.000000 0.894600
157.669998 258.649994 75.000000 1.253800
136.740005 121.040001 35.000000 0.538200
298.269989 94.169998 215.000015 0.941000
121.070007 192.259995 175.000000 1.074400
21.549999 94.790001 185.000000 -0.038800
87.070000 482.109985 215.000015 -0.243700
190.830002 249.960022 65.000000 0.946200
10.750000 436.549988 35.000000 1.371300
321.350006 295.559998 125.000000 -0.689900
29.600000 454.640015 115.000000 0.470300
56.240005 285.160004 135.000000 1.799000
378.690002 301.320007 145.000000 -0.662300
442.040009 436.390015 185.000000 0.597500
130.139999 391.570007 195.000000 0.387000
490.339996 265.519989 95.000000 0.151600
87.070000 482.109985 205.000000 -0.004700
449.420013 7.280000 25.000000 -1.238500
87.879997 274.649994 125.000000 1.839400
56.240005 285.160004 195.000000 0.942600
428.800018 332.540009 165.000000 -0.090000
475.950012 28.810001 165.000000 0.219500
400.339996 251.389999 55.000000 0.235000
153.250000 487.290009 205.000000 -0.517200
130.139999 391.570007 234.999985 0.416000
124.059998 227.130005 35.000000 1.149300
305.200012 98.620003 234.999985 1.168800
24.240000 60.180004 135.000000 1.237300
257.549988 341.380005 175.000000 0.206000
29.600000 454.640015 185.000000 0.485700
301.489990 273.140015 145.000000 -0.468800
36.660000 376.950012 245.000000 0.170800
326.859985 294.880005 135.000000 -0.525600
326.859985 294.880005 225.000000 0.242900
87.070000 482.109985 175.000000 -0.092800
326.859985 294.880005 104.999992 -0.462700
485.619965 287.269989 35.000000 0.615300
351.149994 317.230011 115.000000 -0.957300
130.139999 391.570007 175.000000 0.121800
490.339996 265.519989 85.000000 0.242700
259.609985 410.989990 205.000000 -0.577100
155.990005 360.869995 15.000001 0.251700
351.989990 427.250000 35.000000 0.287200
451.160004 411.480011 165.000000 0.611700
190.830002 249.960022 165.000000 0.983900
475.950012 28.810001 115.000000 0.136400
124.059998 227.130005 85.000000 1.992300
449.420013 7.280000 104.999992 -0.279300
153.250000 487.290009 185.000000 -0.343900
490.339996 265.519989 104.999992 -0.179200
136.740005 121.040001 25.000000 0.234800
259.609985 410.989990 145.000000 -0.338500
278.220001 309.720001 185.000000 0.546200
428.800018 332.540009 215.000015 -0.013400
241.470001 68.970001 115.000000 0.815000
428.800018 332.540009 175.000000 -0.247000
422.380005 473.869995 45.000000 -0.504100
301.489990 273.140015 15.000001 1.464700
418.980042 132.100006 215.000015 1.826000
254.429977 472.820007 225.000000 -0.982000
259.609985 410.989990 115.000000 -1.075800
322.970001 454.979980 234.999985 -0.272000
213.610001 335.230011 55.000000 -0.015600
449.420013 7.280000 195.000000 0.171000
10.750000 436.549988 215.000015 0.578600
369.950012 384.730011 225.000000 0.127100
362.690002 176.309998 25.000000 0.357300
422.380005 473.869995 135.000000 -0.126700
124.059998 227.130005 145.000000 1.547200
90.820000 436.950012 155.000000 -0.033600
303.149994 321.829987 125.000000 -0.834100
469.350006 191.869995 115.000000 0.421200
313.820007 301.010010 165.000000 -0.383500
241.470001 68.970001 234.999985 0.576200
110.449997 318.959991 45.000000 0.699900
318.250000 429.989990 95.000000 -0.888000
155.990005 360.869995 115.000000 -0.592700
397.839996 243.309998 115.000000 -0.758200
164.960007 162.529999 195.000000 0.661100
136.740005 121.040001 225.000000 0.083700
190.830002 249.960022 115.000000 1.086400
395.619995 29.740000 25.000000 -1.409200
213.610001 335.230011 155.000000 -0.136100
29.600000 454.640015 135.000000 0.374100
130.139999 391.570007 155.000000 -0.383900
346.649994 423.839996 115.000000 -0.915800
121.070007 192.259995 104.999992 2.358700
378.690002 301.320007 85.000000 -0.636100
157.669998 258.649994 95.000000 1.209900
432.929993 319.820007 25.000000 0.616000
125.440002 312.079987 125.000000 0.484400
36.660000 376.950012 155.000000 1.518500
432.929993 319.820007 195.000000 -0.403300
322.970001 454.979980 135.000000 -0.408800
155.990005 360.869995 25.000000 -0.070600
29.600000 454.640015 15.000001 1.432200
126.960007 469.989960 85.000000 -0.469600
87.070000 482.109985 25.000000 1.275500
400.339996 251.389999 95.000000 -0.428900
254.429977 472.820007 195.000000 -0.614800
397.839996 243.309998 65.000000 0.075400
442.040009 436.390015 85.000000 -0.716600
106.320000 324.380005 175.000000 0.832900
351.149994 317.230011 25.000000 1.085000
322.970001 454.979980 195.000000 -0.431700
305.200012 98.620003 15.000001 0.020500
279.510010 102.050003 175.000000 0.507000
485.619965 287.269989 215.000015 -0.316700
130.139999 391.570007 15.000001 0.058600
164.960007 162.529999 115.000000 2.450400
449.420013 7.280000 175.000000 0.122800
15.230000 487.869965 65.000000 0.738500
322.970001 454.979980 225.000000 -0.489300
213.610001 335.230011 175.000000 0.324100
442.040009 436.390015 115.000000 -0.205400
265.890015 249.910004 155.000000 0.447900
322.970001 454.979980 25.000000 0.361900
485.619965 287.269989 45.000000 0.314000
164.960007 162.529999 215.000015 0.442500
469.350006 191.869995 35.000000 0.740500
322.970001 454.979980 115.000000 -1.008600
400.339996 251.389999 75.000000 0.082200
418.980042 132.100006 135.000000 0.067800
322.970001 454.979980 155.000000 -0.389900
127.139999 327.489990 245.000000 -0.079000
475.950012 28.810001 185.000000 0.400500
36.660000 376.950012 165.000000 1.590600
259.609985 410.989990 35.000000 0.531900
254.429977 472.820007 104.999992 -1.124100
254.429977 472.820007 65.000000 -0.276800
422.380005 473.869995 145.000000 -0.065000
397.839996 243.309998 175.000000 -0.231600
24.240000 60.180004 195.000000 0.122100
351.989990 427.250000 185.000000 -0.068500
259.609985 410.989990 195.000000 -0.140500
106.320000 324.380005 104.999992 0.536500
18.750000 492.299988 85.000000 0.263100
360.170013 137.669998 85.000000 -0.264200
418.980042 132.100006 85.000000 0.529500
494.790039 48.910000 135.000000 0.532000
259.609985 410.989990 95.000000 -1.003700
360.320007 218.240005 15.000001 0.629500
157.669998 258.649994 85.000000 1.213700
469.350006 191.869995 95.000000 0.815800
125.440002 312.079987 215.000015 0.380300
432.929993 319.820007 215.000015 -0.183800
318.250000 429.989990 205.000000 -0.424700
157.669998 258.649994 125.000000 1.291500
177.470001 28.440002 95.000000 1.506500
485.619965 287.269989 95.000000 0.024500
418.980042 132.100006 205.000000 1.545000
485.619965 287.269989 165.000000 -0.750000
418.980042 132.100006 234.999985 1.994700
278.220001 309.720001 45.000000 0.678500
153.250000 487.290009 215.000015 -0.396000
303.149994 321.829987 245.000000 -0.070300
321.350006 295.559998 245.000000 -0.072300
213.610001 335.230011 15.000001 1.096700
87.879997 274.649994 104.999992 1.812700
254.429977 472.820007 185.000000 -0.652400
265.890015 249.910004 104.999992 0.287200
29.600000 454.640015 45.000000 1.162000
469.350006 191.869995 195.000000 0.188000
279.510010 102.050003 215.000015 1.000500
124.059998 227.130005 95.000000 1.947100
190.830002 249.960022 35.000000 0.891100
397.839996 243.309998 85.000000 -0.290700
449.420013 7.280000 125.000000 -0.440300
39.540001 330.609985 225.000000 0.753300
257.549988 341.380005 225.000000 0.388100
121.070007 192.259995 185.000000 0.730400
279.510010 102.050003 135.000000 0.526500
360.320007 218.240005 25.000000 0.782400
110.449997 318.959991 75.000000 0.341700
351.149994 317.230011 104.999992 -0.770800
87.070000 482.109985 125.000000 -0.055000
190.830002 249.960022 225.000000 0.551300
10.750000 436.549988 125.000000 0.673900
318.250000 429.989990 155.000000 -0.401000
254.429977 472.820007 85.000000 -0.755500
360.320007 218.240005 115.000000 -0.464700
125.440002 312.079987 205.000000 0.744400
21.549999 94.790001 65.000000 1.524300
400.339996 251.389999 175.000000 -0.585800
351.149994 317.230011 215.000015 0.076400
301.489990 273.140015 75.000000 0.166200
378.690002 301.320007 95.000000 -0.663800
298.269989 94.169998 234.999985 1.118700
39.540001 330.609985 205.000000 1.011300
24.240000 60.180004 55.000000 1.411800
322.970001 454.979980 15.000001 0.774800
21.549999 94.790001 135.000000 1.479800
127.139999 327.489990 205.000000 0.594200
164.960007 162.529999 25.000000 0.736300
155.990005 360.869995 155.000000 -0.267300
365.730011 403.760010 215.000015 -0.136600
362.690002 176.309998 155.000000 0.314300
451.160004 411.480011 85.000000 -0.538800
397.839996 243.309998 135.000000 -0.638700
125.440002 312.079987 135.000000 0.517400
298.269989 94.169998 125.000000 -0.050900
346.649994 423.839996 135.000000 -0.467100
365.730011 403.760010 225.000000 0.007900
400.339996 251.389999 225.000000 0.172100
90.820000 436.950012 234.999985 0.075600
442.040009 436.390015 225.000000 0.867200
351.149994 317.230011 15.000001 1.558600
475.950012 28.810001 95.000000 0.320300
126.960007 469.989960 185.000000 -0.170300
29.600000 454.640015 85.000000 0.539000
365.730011 403.760010 95.000000 -0.656100
494.790039 48.910000 165.000000 0.325100
321.350006 295.559998 35.000000 1.083100
265.890015 249.910004 75.000000 0.629500
124.059998 227.130005 234.999985 -0.118800
326.859985 294.880005 245.000000 -0.072300
124.059998 227.130005 185.000000 0.831500
298.269989 94.169998 185.000000 0.404200
153.250000 487.290009 155.000000 -0.808400
432.929993 319.820007 95.000000 -0.532400
121.070007 192.259995 215.000015 0.476000
321.350006 295.559998 115.000000 -0.770300
490.339996 265.519989 25.000000 0.564500
362.690002 176.309998 245.000000 1.898300
21.549999 94.790001 175.000000 0.208200
298.269989 94.169998 205.000000 0.766500
278.220001 309.720001 115.000000 -0.358500
422.380005 473.869995 225.000000 0.737800
451.160004 411.480011 35.000000 -0.637400
265.890015 249.910004 65.000000 0.819000
494.790039 48.910000 45.000000 0.517900
365.730011 403.760010 45.000000 0.146900
110.449997 318.959991 234.999985 0.061000
378.690002 301.320007 195.000000 -0.227000
326.859985 294.880005 155.000000 -0.577500
121.070007 192.259995 15.000001 0.896100
155.990005 360.869995 234.999985 0.399700
39.540001 330.609985 104.999992 1.668500
298.269989 94.169998 75.000000 -0.112400
395.619995 29.740000 175.000000 -0.013700
110.449997 318.959991 125.000000 0.531800
21.549999 94.790001 215.000015 -0.284100
155.990005 360.869995 205.000000 0.527100
475.950012 28.810001 145.000000 -0.047700
21.549999 94.790001 195.000000 -0.159800
265.890015 249.910004 205.000000 0.945200
136.740005 121.040001 165.000000 1.325600
257.549988 341.380005 35.000000 0.712600
87.879997 274.649994 175.000000 1.176000
110.449997 318.959991 85.000000 0.578800
400.339996 251.389999 135.000000 -0.729200
494.790039 48.910000 234.999985 0.370600
126.960007 469.989960 205.000000 0.184000
10.750000 436.549988 165.000000 0.909900
305.200012 98.620003 85.000000 -0.098200
190.830002 249.960022 195.000000 0.761700
351.989990 427.250000 145.000000 0.023300
106.320000 324.380005 185.000000 0.828100
15.230000 487.869965 104.999992 0.192200
87.879997 274.649994 155.000000 1.142400
124.059998 227.130005 215.000015 0.314100
279.510010 102.050003 45.000000 0.482100
90.820000 436.950012 45.000000 0.467200
418.980042 132.100006 65.000000 0.574100
121.070007 192.259995 195.000000 0.546400
362.690002 176.309998 225.000000 1.902100
313.820007 301.010010 245.000000 -0.158700
428.800018 332.540009 35.000000 0.263300
360.170013 137.669998 195.000000 1.708600
36.660000 376.950012 95.000000 0.872100
110.449997 318.959991 55.000000 0.396200
322.970001 454.979980 104.999992 -0.777700
241.470001 68.970001 185.000000 0.195000
254.429977 472.820007 175.000000 -0.621300
39.540001 330.609985 175.000000 1.397900
475.950012 28.810001 85.000000 0.767500
360.320007 218.240005 185.000000 0.370200
39.540001 330.609985 215.000015 0.862700
10.750000 436.549988 155.000000 0.783100
157.669998 258.649994 35.000000 1.030900
360.170013 137.669998 115.000000 -0.496900
278.220001 309.720001 155.000000 -0.167600
157.669998 258.649994 185.000000 0.754000
257.549988 341.380005 45.000000 0.363900
298.269989 94.169998 55.000000 -0.045100
351.149994 317.230011 155.000000 -0.793000
360.320007 218.240005 125.000000 -0.373500
298.269989 94.169998 15.000001 0.063600
136.740005 121.040001 75.000000 1.626500
36.660000 376.950012 145.000000 1.605500
157.669998 258.649994 65.000000 1.111800
10.750000 436.549988 175.000000 0.776800
36.660000 376.950012 15.000001 0.900600
442.040009 436.390015 25.000000 -0.272700
106.320000 324.380005 195.000000 0.737100
177.470001 28.440002 115.000000 1.507800
318.250000 429.989990 145.000000 -0.552700
155.990005 360.869995 185.000000 0.512300
279.510010 102.050003 145.000000 0.542800
21.549999 94.790001 205.000000 -0.109700
400.339996 251.389999 15.000001 0.494100
449.420013 7.280000 135.000000 -0.249000
155.990005 360.869995 95.000000 -0.990600
56.240005 285.160004 95.000000 1.693400
127.139999 327.489990 85.000000 -0.048800
265.890015 249.910004 215.000015 0.833900
121.070007 192.259995 245.000000 -0.582500
494.790039 48.910000 25.000000 -0.182600
321.350006 295.559998 215.000015 0.207900
303.149994 321.829987 115.000000 -0.860200
257.549988 341.380005 185.000000 0.367200
124.059998 227.130005 45.000000 1.319300
10.750000 436.549988 195.000000 0.871700
110.339996 469.959961 215.000015 0.028200
305.200012 98.620003 115.000000 -0.385200
155.990005 360.869995 145.000000 -0.222200
130.139999 391.570007 225.000000 0.391300
259.609985 410.989990 25.000000 0.740500
428.800018 332.540009 245.000000 0.034400
494.790039 48.910000 145.000000 0.434800
485.619965 287.269989 125.000000 -0.371900
351.149994 317.230011 234.999985 -0.067700
257.549988 341.380005 205.000000 0.401200
265.890015 249.910004 115.000000 0.356500
29.600000 454.640015 245.000000 -0.325500
153.250000 487.290009 55.000000 0.335800
110.339996 469.959961 175.000000 -0.094200
451.160004 411.480011 15.000001 -0.399600
18.750000 492.299988 145.000000 -0.208000
318.250000 429.989990 245.000000 -0.560100
157.669998 258.649994 145.000000 0.977700
39.540001 330.609985 125.000000 1.772100
87.879997 274.649994 225.000000 -0.005600
346.649994 423.839996 75.000000 -0.636900
322.970001 454.979980 175.000000 -0.640600
298.269989 94.169998 65.000000 -0.118100
301.489990 273.140015 45.000000 1.060600
127.139999 327.489990 185.000000 0.817300
475.950012 28.810001 234.999985 0.244400
451.160004 411.480011 25.000000 -0.487600
360.170013 137.669998 245.000000 1.977500
351.989990 427.250000 15.000001 0.546100
241.470001 68.970001 35.000000 0.252500
474.270020 286.970001 215.000015 -0.335900
449.420013 7.280000 234.999985 0.442500
346.649994 423.839996 95.000000 -0.749600
213.610001 335.230011 95.000000 -0.564700
87.879997 274.649994 165.000000 1.219800
422.380005 473.869995 95.000000 -0.895300
127.139999 327.489990 155.000000 0.358400
90.820000 436.950012 75.000000 0.018600
278.220001 309.720001 135.000000 -0.454800
127.139999 327.489990 215.000015 0.411200
121.070007 192.259995 234.999985 -0.167400
10.750000 436.549988 145.000000 0.890200
265.890015 249.910004 245.000000 0.828000
190.830002 249.960022 75.000000 0.885600
121.070007 192.259995 95.000000 2.249200
474.270020 286.970001 35.000000 0.458600
351.149994 317.230011 75.000000 -0.375400
279.510010 102.050003 125.000000 0.386800
164.960007 162.529999 85.000000 1.651000
360.170013 137.669998 35.000000 0.091000
469.350006 191.869995 85.000000 1.078400
10.750000 436.549988 115.000000 0.853500
422.380005 473.869995 65.000000 -0.716800
127.139999 327.489990 45.000000 0.197100
321.350006 295.559998 234.999985 0.341700
346.649994 423.839996 165.000000 0.024200
153.250000 487.290009 225.000000 -0.394800
153.250000 487.290009 195.000000 -0.456000
136.740005 121.040001 15.000001 0.159300
87.070000 482.109985 165.000000 -0.032200
469.350006 191.869995 215.000015 0.443200
265.890015 249.910004 35.000000 1.260800
313.820007 301.010010 195.000000 0.295800
305.200012 98.620003 215.000015 1.001800
157.669998 258.649994 175.000000 0.923500
153.250000 487.290009 234.999985 -0.184500
18.750000 492.299988 95.000000 0.316900
36.660000 376.950012 75.000000 0.878200
490.339996 265.519989 234.999985 -0.195600
313.820007 301.010010 125.000000 -0.721900
362.690002 176.309998 165.000000 0.548100
442.040009 436.390015 45.000000 -0.629300
397.839996 243.309998 125.000000 -0.653100
351.989990 427.250000 95.000000 -0.851200
257.549988 341.380005 195.000000 0.718600
126.960007 469.989960 104.999992 -0.695400
164.960007 162.529999 185.000000 1.154500
155.990005 360.869995 125.000000 -0.473800
15.230000 487.869965 245.000000 -0.540900
418.980042 132.100006 175.000000 0.697000
397.839996 243.309998 155.000000 -0.662300
365.730011 403.760010 75.000000 -0.624800
157.669998 258.649994 205.000000 0.530100
321.350006 295.559998 75.000000 -0.246900
322.970001 454.979980 145.000000 -0.373700
15.230000 487.869965 35.000000 1.096700
418.980042 132.100006 15.000001 -0.224500
378.690002 301.320007 205.000000 0.156000
432.929993 319.820007 245.000000 -0.002900
303.149994 321.829987 85.000000 -0.415100
362.690002 176.309998 95.000000 -0.031300
397.839996 243.309998 225.000000 0.614200
360.320007 218.240005 104.999992 -0.208000
451.160004 411.480011 135.000000 0.225500
442.040009 436.390015 145.000000 0.187200
303.149994 321.829987 155.000000 -0.462700
190.830002 249.960022 175.000000 0.941000
213.610001 335.230011 85.000000 -0.403600
265.890015 249.910004 15.000001 1.383900
24.240000 60.180004 205.000000 -0.200300
29.600000 454.640015 234.999985 -0.214200
395.619995 29.740000 165.000000 -0.064300
305.200012 98.620003 195.000000 0.760900
110.339996 469.959961 245.000000 0.089400
490.339996 265.519989 245.000000 0.003900
301.489990 273.140015 55.000000 0.671400
90.820000 436.950012 175.000000 0.385000
490.339996 265.519989 15.000001 0.414200
400.339996 251.389999 35.000000 0.416200
18.750000 492.299988 175.000000 -0.245100
125.440002 312.079987 175.000000 0.690900
87.070000 482.109985 55.000000 0.665700
422.380005 473.869995 125.000000 -0.344600
124.059998 227.130005 125.000000 2.114400
259.609985 410.989990 45.000000 0.244300
56.240005 285.160004 245.000000 -0.534000
318.250000 429.989990 104.999992 -0.904000
397.839996 243.309998 215.000015 0.389000
322.970001 454.979980 245.000000 -0.168000
305.200012 98.620003 155.000000 0.124300
318.250000 429.989990 175.000000 -0.203600
362.690002 176.309998 145.000000 -0.014400
326.859985 294.880005 195.000000 0.189500
490.339996 265.519989 215.000015 -0.411500
301.489990 273.140015 155.000000 -0.192200
106.320000 324.380005 225.000000 0.369800
164.960007 162.529999 35.000000 0.603800
87.879997 274.649994 65.000000 1.342200
110.449997 318.959991 115.000000 0.741700
279.510010 102.050003 225.000000 1.096200
106.320000 324.380005 25.000000 0.426800
190.830002 249.960022 45.000000 0.920600
10.750000 436.549988 234.999985 0.099900
126.960007 469.989960 35.000000 0.593100
318.250000 429.989990 195.000000 -0.407900
87.070000 482.109985 234.999985 -0.233800
265.890015 249.910004 225.000000 0.792800
136.740005 121.040001 65.000000 1.367400
360.320007 218.240005 95.000000 -0.327600
177.470001 28.440002 175.000000 0.814000
469.350006 191.869995 25.000000 0.797300
29.600000 454.640015 25.000000 1.454300
15.230000 487.869965 145.000000 -0.104100
474.270020 286.970001 65.000000 0.217700
432.929993 319.820007 15.000001 0.609700
360.320007 218.240005 225.000000 1.226500
190.830002 249.960022 145.000000 1.092200
474.270020 286.970001 115.000000 -0.504700
362.690002 176.309998 205.000000 1.750600
351.989990 427.250000 135.000000 -0.201100
326.859985 294.880005 15.000001 1.466300
318.250000 429.989990 185.000000 -0.292400
351.149994 317.230011 195.000000 -0.018700
126.960007 469.989960 165.000000 -0.256100
326.859985 294.880005 45.000000 0.751600
469.350006 191.869995 75.000000 1.217100
346.649994 423.839996 65.000000 -0.448900
110.449997 318.959991 15.000001 0.267000
29.600000 454.640015 195.000000 0.132500
164.960007 162.529999 155.000000 1.958600
21.549999 94.790001 75.000000 1.699300
449.420013 7.280000 45.000000 -0.998500
106.320000 324.380005 155.000000 0.672600
56.240005 285.160004 125.000000 1.963600
475.950012 28.810001 104.999992 0.250800
177.470001 28.440002 145.000000 1.103300
397.839996 243.309998 95.000000 -0.512500
279.510010 102.050003 185.000000 0.572700
449.420013 7.280000 55.000000 -0.718700
369.950012 384.730011 15.000001 1.049600
90.820000 436.950012 145.000000 -0.039900
485.619965 287.269989 75.000000 0.041800
321.350006 295.559998 185.000000 0.269600
259.609985 410.989990 55.000000 -0.368800
121.070007 192.259995 45.000000 1.177700
400.339996 251.389999 185.000000 -0.351600
362.690002 176.309998 125.000000 -0.179700
177.470001 28.440002 65.000000 0.709900
301.489990 273.140015 95.000000 -0.343500
18.750000 492.299988 104.999992 0.108400
395.619995 29.740000 195.000000 0.331600
126.960007 469.989960 175.000000 -0.155500
469.350006 191.869995 145.000000 -0.311000
395.619995 29.740000 35.000000 -1.410700
106.320000 324.380005 125.000000 0.628400
155.990005 360.869995 45.000000 -0.236900
351.149994 317.230011 65.000000 -0.169600
278.220001 309.720001 95.000000 -0.229900
451.160004 411.480011 95.000000 -0.504600
121.070007 192.259995 135.000000 2.226700
474.270020 286.970001 75.000000 0.173600
279.510010 102.050003 65.000000 0.386900
24.240000 60.180004 25.000000 1.206900
265.890015 249.910004 125.000000 0.296000
241.470001 68.970001 75.000000 0.639700
124.059998 227.130005 175.000000 0.977500
451.160004 411.480011 185.000000 0.405900
153.250000 487.290009 75.000000 -0.261400
400.339996 251.389999 155.000000 -0.580800
106.320000 324.380005 45.000000 0.474900
422.380005 473.869995 104.999992 -0.812800
485.619965 287.269989 85.000000 0.089000
422.380005 473.869995 25.000000 -0.615600
15.230000 487.869965 135.000000 -0.202600
428.800018 332.540009 95.000000 -0.441600
442.040009 436.390015 35.000000 -0.474800
485.619965 287.269989 55.000000 0.409000
90.820000 436.950012 185.000000 0.487000
397.839996 243.309998 25.000000 0.386100
494.790039 48.910000 195.000000 0.325500
442.040009 436.390015 215.000015 0.728400
213.610001 335.230011 25.000000 0.682600
127.139999 327.489990 234.999985 0.403600
127.139999 327.489990 35.000000 0.462100
369.950012 384.730011 115.000000 -0.555300
418.980042 132.100006 55.000000 0.543800
164.960007 162.529999 175.000000 1.303100
155.990005 360.869995 35.000000 -0.308700
494.790039 48.910000 115.000000 0.810200
15.230000 487.869965 25.000000 1.333400
365.730011 403.760010 155.000000 0.283100
125.440002 312.079987 55.000000 0.339100
418.980042 132.100006 95.000000 0.374600
326.859985 294.880005 165.000000 -0.459600
241.470001 68.970001 85.000000 0.942100
18.750000 492.299988 75.000000 0.668200
265.890015 249.910004 175.000000 0.839000
362.690002 176.309998 65.000000 0.081100
153.250000 487.290009 245.000000 -0.238500
322.970001 454.979980 95.000000 -0.892700
279.510010 102.050003 104.999992 0.317800
494.790039 48.910000 15.000001 -0.522300
326.859985 294.880005 185.000000 0.269600
124.059998 227.130005 155.000000 1.705200
124.059998 227.130005 55.000000 1.502500
106.320000 324.380005 145.000000 0.604000
400.339996 251.389999 65.000000 0.078900
157.669998 258.649994 195.000000 0.720400
153.250000 487.290009 15.000001 0.764600
177.470001 28.440002 155.000000 0.890800
485.619965 287.269989 104.999992 -0.300100
313.820007 301.010010 75.000000 -0.144600
322.970001 454.979980 125.000000 -0.629500
303.149994 321.829987 65.000000 -0.229700
177.470001 28.440002 104.999992 1.485500
164.960007 162.529999 135.000000 2.176800
475.950012 28.810001 65.000000 0.350200
157.669998 258.649994 115.000000 1.510200
428.800018 332.540009 75.000000 -0.404000
126.960007 469.989960 15.000001 0.716800
428.800018 332.540009 135.000000 -0.215900
313.820007 301.010010 155.000000 -0.458400
475.950012 28.810001 175.000000 0.331200
36.660000 376.950012 55.000000 0.621100
400.339996 251.389999 205.000000 0.047300
279.510010 102.050003 15.000001 0.035200
157.669998 258.649994 234.999985 0.013800
257.549988 341.380005 125.000000 -0.510200
321.350006 295.559998 65.000000 0.200900
395.619995 29.740000 75.000000 -0.838000
125.440002 312.079987 45.000000 0.393300
449.420013 7.280000 15.000001 -1.742400
177.470001 28.440002 25.000000 -0.336500
432.929993 319.820007 75.000000 -0.174900
305.200012 98.620003 225.000000 1.286400
155.990005 360.869995 175.000000 0.246900
279.510010 102.050003 155.000000 0.369300
24.240000 60.180004 95.000000 1.709300
494.790039 48.910000 175.000000 0.485900
87.879997 274.649994 115.000000 1.722700
136.740005 121.040001 185.000000 0.739000
177.470001 28.440002 225.000000 0.249000
125.440002 312.079987 145.000000 0.584100
87.879997 274.649994 55.000000 1.201700
36.660000 376.950012 104.999992 1.242600
164.960007 162.529999 225.000000 0.289500
301.489990 273.140015 85.000000 -0.217600
494.790039 48.910000 225.000000 0.348800
241.470001 68.970001 15.000001 0.004700
278.220001 309.720001 225.000000 0.509400
279.510010 102.050003 245.000000 1.111000
10.750000 436.549988 55.000000 1.064200
278.220001 309.720001 104.999992 -0.412400
127.139999 327.489990 115.000000 0.303500
125.440002 312.079987 15.000001 0.188700
326.859985 294.880005 215.000015 0.207900
110.449997 318.959991 165.000000 0.510000
213.610001 335.230011 215.000015 0.779700
36.660000 376.950012 65.000000 0.924800
365.730011 403.760010 55.000000 -0.231700
106.320000 324.380005 205.000000 0.614000
106.320000 324.380005 234.999985 0.215700
18.750000 492.299988 125.000000 -0.157100
153.250000 487.290009 65.000000 0.036400
157.669998 258.649994 15.000001 1.027800
18.750000 492.299988 205.000000 -0.305200
125.440002 312.079987 25.000000 0.379200
449.420013 7.280000 65.000000 -0.352100
110.449997 318.959991 245.000000 -0.063000
29.600000 454.640015 35.000000 1.373400
397.839996 243.309998 45.000000 0.182800
125.440002 312.079987 85.000000 0.231100
369.950012 384.730011 65.000000 -0.319500
257.549988 341.380005 145.000000 -0.319700
15.230000 487.869965 45.000000 1.023300
110.339996 469.959961 205.000000 0.222500
360.320007 218.240005 65.000000 -0.095800
127.139999 327.489990 104.999992 0.278400
155.990005 360.869995 165.000000 -0.001600
432.929993 319.820007 145.000000 -0.632000
326.859985 294.880005 115.000000 -0.770300
24.240000 60.180004 104.999992 1.716200
15.230000 487.869965 195.000000 0.010700
449.420013 7.280000 145.000000 -0.133200
254.429977 472.820007 15.000001 1.156800
130.139999 391.570007 65.000000 -1.066400
127.139999 327.489990 195.000000 0.767900
301.489990 273.140015 205.000000 0.601800
254.429977 472.820007 205.000000 -0.619600
241.470001 68.970001 25.000000 -0.005100
397.839996 243.309998 234.999985 0.534700
90.820000 436.950012 95.000000 -0.237400
365.730011 403.760010 175.000000 0.265100
177.470001 28.440002 245.000000 0.158900
362.690002 176.309998 234.999985 1.733600
351.989990 427.250000 225.000000 -0.118200
90.820000 436.950012 15.000001 1.041100
301.489990 273.140015 185.000000 0.350200
469.350006 191.869995 125.000000 0.064800
126.960007 469.989960 125.000000 -0.610100
322.970001 454.979980 75.000000 -0.839300
130.139999 391.570007 185.000000 0.326200
126.960007 469.989960 245.000000 -0.126500
121.070007 192.259995 75.000000 1.980000
18.750000 492.299988 115.000000 -0.113100
303.149994 321.829987 55.000000 0.248700
130.139999 391.570007 245.000000 0.146800
265.890015 249.910004 55.000000 1.051600
90.820000 436.950012 165.000000 0.278200
56.240005 285.160004 115.000000 2.052200
10.750000 436.549988 205.000000 0.718900
18.750000 492.299988 35.000000 1.235700
298.269989 94.169998 195.000000 0.566600
106.320000 324.380005 55.000000 0.443900
265.890015 249.910004 145.000000 0.403900
369.950012 384.730011 85.000000 -0.659000
360.320007 218.240005 215.000015 1.023700
474.270020 286.970001 145.000000 -0.842200
451.160004 411.480011 115.000000 -0.007200
442.040009 436.390015 245.000000 1.292800
351.989990 427.250000 175.000000 0.076200
56.240005 285.160004 234.999985 -0.168000
494.790039 48.910000 95.000000 0.871700
110.449997 318.959991 215.000015 0.488200
36.660000 376.950012 135.000000 1.629500
301.489990 273.140015 35.000000 1.177700
106.320000 324.380005 35.000000 0.427100
474.270020 286.970001 185.000000 -0.750100
449.420013 7.280000 35.000000 -1.287400
278.220001 309.720001 245.000000 0.414400
395.619995 29.740000 125.000000 -0.684800
130.139999 391.570007 25.000000 -0.003400
365.730011 403.760010 125.000000 -0.437600
126.960007 469.989960 45.000000 0.408700
10.750000 436.549988 45.000000 1.216500
106.320000 324.380005 85.000000 0.397500
177.470001 28.440002 195.000000 0.284800
422.380005 473.869995 15.000001 -0.489900
87.879997 274.649994 205.000000 0.294600
90.820000 436.950012 215.000015 0.457300
259.609985 410.989990 165.000000 -0.319600
360.320007 218.240005 55.000000 0.093500
213.610001 335.230011 245.000000 0.368400
397.839996 243.309998 15.000001 0.629700
360.170013 137.669998 135.000000 -0.049200
110.339996 469.959961 15.000001 0.839700
474.270020 286.970001 15.000001 0.309900
125.440002 312.079987 245.000000 0.249600
87.070000 482.109985 195.000000 -0.023700
130.139999 391.570007 45.000000 -0.577000
475.950012 28.810001 35.000000 -0.510100
301.489990 273.140015 125.000000 -0.190300
362.690002 176.309998 15.000001 0.411600
39.540001 330.609985 245.000000 0.110600
321.350006 295.559998 225.000000 0.242900
395.619995 29.740000 65.000000 -0.895200
157.669998 258.649994 155.000000 1.207100
265.890015 249.910004 165.000000 0.455900
190.830002 249.960022 215.000015 0.748600
21.549999 94.790001 245.000000 0.027800
10.750000 436.549988 75.000000 0.838000
24.240000 60.180004 115.000000 1.350700
87.879997 274.649994 135.000000 1.643400
153.250000 487.290009 45.000000 0.504200
418.980042 132.100006 104.999992 0.207000
241.470001 68.970001 45.000000 0.175400
318.250000 429.989990 225.000000 -0.381200
124.059998 227.130005 225.000000 -0.076900
127.139999 327.489990 65.000000 -0.042300
15.230000 487.869965 155.000000 0.081000
124.059998 227.130005 165.000000 1.180400
24.240000 60.180004 75.000000 1.369400
18.750000 492.299988 234.999985 -0.534900
18.750000 492.299988 215.000015 -0.256000
110.449997 318.959991 65.000000 0.189900
321.350006 295.559998 135.000000 -0.525600
254.429977 472.820007 215.000015 -0.863300
351.149994 317.230011 165.000000 -0.496500
259.609985 410.989990 225.000000 -0.489100
449.420013 7.280000 85.000000 -0.148500
322.970001 454.979980 45.000000 -0.078700
418.980042 132.100006 195.000000 1.523700
305.200012 98.620003 35.000000 -0.037600
490.339996 265.519989 75.000000 0.532700
400.339996 251.389999 165.000000 -0.628400
29.600000 454.640015 65.000000 0.664500
