pygeostat_saved_data
4
X
Y
Z
value
442.040009 436.390015 45.000000 -0.629300
241.470001 68.970001 75.000000 0.639700
300.089996 259.239990 55.000000 0.549700
153.250000 487.290009 165.000000 -0.733000
155.990005 360.869995 175.000000 0.246900
129.550003 337.709991 234.999985 0.604000
110.339996 469.959961 245.000000 0.089400
494.790039 48.910000 15.000001 -0.522300
164.960007 162.529999 45.000000 0.591000
313.820007 301.010010 205.000000 0.417900
351.989990 427.250000 225.000000 -0.118200
428.800018 332.540009 45.000000 0.131400
356.609985 440.149963 185.000000 -0.147400
78.150002 435.610016 75.000000 -0.129300
451.160004 411.480011 55.000000 -0.699800
90.820000 436.950012 55.000000 0.041000
254.429977 472.820007 104.999992 -1.124100
442.040009 436.390015 85.000000 -0.716600
153.250000 487.290009 65.000000 0.036400
351.149994 317.230011 75.000000 -0.375400
273.750000 95.489998 115.000000 0.229000
326.859985 294.880005 145.000000 -0.598800
56.240005 285.160004 245.000000 -0.534000
127.139999 327.489990 215.000015 0.411200
422.380005 473.869995 245.000000 1.255800
351.989990 427.250000 245.000000 0.108000
418.980042 132.100006 55.000000 0.543800
279.510010 102.050003 25.000000 0.268600
418.980042 132.100006 185.000000 1.017400
321.350006 295.559998 95.000000 -0.698900
453.849976 194.809998 234.999985 0.806200
432.929993 319.820007 195.000000 -0.403300
257.549988 341.380005 25.000000 1.066200
449.420013 7.280000 55.000000 -0.718700
29.600000 454.640015 55.000000 0.980900
126.960007 469.989960 155.000000 -0.578000
422.380005 473.869995 185.000000 0.229300
90.820000 436.950012 155.000000 -0.033600
241.470001 68.970001 215.000015 0.023000
127.139999 327.489990 185.000000 0.817300
136.740005 121.040001 104.999992 2.052000
218.190002 427.929962 15.000001 0.687300
362.690002 176.309998 155.000000 0.314300
155.990005 360.869995 45.000000 -0.236900
218.190002 427.929962 104.999992 -0.986800
442.040009 436.390015 185.000000 0.597500
475.950012 28.810001 35.000000 -0.510100
355.769989 359.440002 75.000000 -0.531200
412.209991 59.169994 245.000000 1.162500
365.730011 403.760010 125.000000 -0.437600
428.800018 332.540009 145.000000 -0.366800
127.139999 327.489990 55.000000 0.193900
44.119999 165.649994 245.000000 -0.177300
432.929993 319.820007 135.000000 -0.376200
121.070007 192.259995 245.000000 -0.582500
378.690002 301.320007 205.000000 0.156000
142.399994 474.899994 15.000001 0.650200
15.230000 487.869965 155.000000 0.081000
90.820000 436.950012 165.000000 0.278200
305.200012 98.620003 104.999992 -0.110100
110.339996 469.959961 135.000000 -0.491700
233.159988 273.779999 175.000000 0.799900
259.609985 410.989990 115.000000 -1.075800
106.320000 324.380005 215.000015 0.556200
326.859985 294.880005 65.000000 0.200900
177.470001 28.440002 175.000000 0.814000
305.200012 98.620003 65.000000 -0.206100
474.270020 286.970001 65.000000 0.217700
356.609985 440.149963 45.000000 0.005300
365.730011 403.760010 195.000000 0.223000
265.890015 249.910004 15.000001 1.383900
233.159988 273.779999 15.000001 1.388400
469.350006 191.869995 65.000000 1.260500
446.070007 82.370003 205.000000 1.223200
395.619995 29.740000 155.000000 -0.458000
298.269989 94.169998 65.000000 -0.118100
153.250000 487.290009 55.000000 0.335800
218.190002 427.929962 215.000015 -0.200400
127.139999 327.489990 175.000000 0.957300
164.960007 162.529999 215.000015 0.442500
490.339996 265.519989 234.999985 -0.195600
346.649994 423.839996 165.000000 0.024200
395.619995 29.740000 55.000000 -0.795600
442.040009 436.390015 95.000000 -0.562700
169.940002 341.750000 125.000000 -0.337500
483.099976 150.429993 45.000000 1.155800
395.619995 29.740000 175.000000 -0.013700
8.950000 60.600002 125.000000 1.330500
82.779999 262.029999 25.000000 0.930300
475.950012 28.810001 175.000000 0.331200
155.990005 360.869995 115.000000 -0.592700
56.240005 285.160004 234.999985 -0.168000
278.220001 309.720001 55.000000 0.306600
453.849976 194.809998 65.000000 1.019300
10.750000 436.549988 104.999992 0.834100
218.190002 427.929962 25.000000 0.272000
39.540001 330.609985 75.000000 1.480200
218.190002 427.929962 75.000000 -0.787100
256.179993 475.419983 35.000000 0.463700
400.339996 251.389999 25.000000 0.408300
456.659973 8.810000 95.000000 -0.103400
153.250000 487.290009 75.000000 -0.261400
44.119999 165.649994 95.000000 2.347500
169.940002 341.750000 55.000000 -0.473500
279.510010 102.050003 195.000000 0.758700
475.920013 471.420013 145.000000 -0.149800
190.830002 249.960022 205.000000 0.825100
155.990005 360.869995 104.999992 -1.002700
422.380005 473.869995 215.000015 0.531100
395.619995 29.740000 65.000000 -0.895200
300.089996 259.239990 115.000000 -0.056900
136.740005 121.040001 75.000000 1.626500
190.830002 249.960022 55.000000 1.063200
428.840027 99.199997 175.000000 0.731100
157.669998 258.649994 65.000000 1.111800
135.559998 23.230000 55.000000 0.431500
39.540001 330.609985 234.999985 0.389500
241.470001 68.970001 185.000000 0.195000
432.929993 319.820007 165.000000 -0.557400
422.380005 473.869995 155.000000 -0.054100
400.339996 251.389999 115.000000 -0.622100
475.920013 471.420013 185.000000 0.308100
451.160004 411.480011 195.000000 0.727800
135.559998 23.230000 75.000000 1.230300
305.200012 98.620003 95.000000 -0.159400
110.339996 469.959961 75.000000 0.006400
190.830002 249.960022 15.000001 0.971600
490.339996 265.519989 15.000001 0.414200
126.960007 469.989960 165.000000 -0.256100
177.470001 28.440002 234.999985 -0.019400
155.990005 360.869995 85.000000 -0.992600
273.750000 95.489998 155.000000 0.313900
485.619965 287.269989 15.000001 0.336500
490.339996 265.519989 115.000000 -0.321700
278.220001 309.720001 145.000000 -0.164100
474.270020 286.970001 175.000000 -0.620400
397.839996 243.309998 65.000000 0.075400
130.139999 391.570007 195.000000 0.387000
62.029999 312.450012 55.000000 0.956700
422.380005 473.869995 145.000000 -0.065000
483.099976 150.429993 25.000000 0.855200
75.480003 447.730011 215.000015 0.365900
29.600000 454.640015 95.000000 0.706700
401.970001 486.839996 234.999985 0.813500
365.730011 403.760010 85.000000 -0.745700
24.240000 60.180004 115.000000 1.350700
378.690002 301.320007 65.000000 -0.277700
451.160004 411.480011 104.999992 -0.382400
490.339996 265.519989 65.000000 0.514100
490.339996 265.519989 95.000000 0.151600
351.149994 317.230011 45.000000 0.190200
313.820007 301.010010 195.000000 0.295800
177.470001 28.440002 85.000000 1.248600
39.540001 330.609985 185.000000 1.269100
360.170013 137.669998 75.000000 -0.136700
475.950012 28.810001 225.000000 0.149500
149.710007 20.520000 155.000000 1.274900
44.119999 165.649994 155.000000 1.488900
494.790039 48.910000 35.000000 0.122900
449.420013 7.280000 85.000000 -0.148500
106.320000 324.380005 175.000000 0.832900
257.549988 341.380005 185.000000 0.367200
130.139999 391.570007 35.000000 -0.164800
446.070007 82.370003 45.000000 0.017200
401.970001 486.839996 185.000000 -0.029000
360.170013 137.669998 135.000000 -0.049200
241.470001 68.970001 45.000000 0.175400
313.820007 301.010010 45.000000 0.612600
321.350006 295.559998 75.000000 -0.246900
273.750000 95.489998 75.000000 0.404300
82.779999 262.029999 234.999985 -0.322700
265.890015 249.910004 175.000000 0.839000
142.399994 474.899994 225.000000 -0.073900
346.649994 423.839996 65.000000 -0.448900
418.980042 132.100006 245.000000 1.796600
256.179993 475.419983 125.000000 -0.657700
326.859985 294.880005 205.000000 0.106300
490.339996 265.519989 205.000000 -0.415500
451.160004 411.480011 125.000000 0.000100
8.950000 60.600002 225.000000 -0.240800
87.070000 482.109985 15.000001 1.245400
56.240005 285.160004 85.000000 1.546400
233.159988 273.779999 85.000000 0.062400
142.399994 474.899994 155.000000 -0.803700
428.800018 332.540009 35.000000 0.263300
412.209991 59.169994 165.000000 0.340000
418.980042 132.100006 225.000000 1.948800
121.070007 192.259995 115.000000 2.557900
475.950012 28.810001 165.000000 0.219500
257.549988 341.380005 245.000000 0.157100
87.070000 482.109985 115.000000 -0.433700
153.250000 487.290009 195.000000 -0.456000
90.820000 436.950012 245.000000 0.022600
142.399994 474.899994 205.000000 -0.112300
21.549999 94.790001 215.000015 -0.284100
149.710007 20.520000 15.000001 -0.770400
56.240005 285.160004 195.000000 0.942600
494.790039 48.910000 115.000000 0.810200
190.830002 249.960022 175.000000 0.941000
389.589996 27.639999 145.000000 -0.466000
301.489990 273.140015 155.000000 -0.192200
121.070007 192.259995 165.000000 1.506900
494.790039 48.910000 165.000000 0.325100
474.270020 286.970001 115.000000 -0.504700
475.950012 28.810001 125.000000 -0.009500
129.550003 337.709991 125.000000 0.115700
355.769989 359.440002 95.000000 -0.764600
213.610001 335.230011 25.000000 0.682600
279.510010 102.050003 85.000000 0.406100
75.480003 447.730011 205.000000 0.491300
148.389999 16.129999 215.000015 0.441300
469.350006 191.869995 175.000000 -0.056900
278.220001 309.720001 85.000000 -0.244300
451.160004 411.480011 234.999985 1.118500
149.710007 20.520000 95.000000 1.513500
110.449997 318.959991 195.000000 0.761400
378.690002 301.320007 35.000000 0.472500
475.950012 28.810001 145.000000 -0.047700
474.270020 286.970001 85.000000 -0.051400
400.339996 251.389999 135.000000 -0.729200
254.429977 472.820007 45.000000 0.401700
177.470001 28.440002 15.000001 -0.466200
82.779999 262.029999 215.000015 0.105300
446.070007 82.370003 165.000000 0.542900
428.800018 332.540009 225.000000 -0.077900
326.859985 294.880005 85.000000 -0.311500
401.970001 486.839996 75.000000 -0.792000
15.230000 487.869965 185.000000 -0.064200
485.619965 287.269989 65.000000 0.383100
90.820000 436.950012 25.000000 0.999700
321.350006 295.559998 145.000000 -0.598800
24.240000 60.180004 15.000001 1.145300
130.139999 391.570007 25.000000 -0.003400
87.070000 482.109985 155.000000 -0.122000
87.070000 482.109985 25.000000 1.275500
474.270020 286.970001 125.000000 -0.476600
449.420013 7.280000 95.000000 -0.261900
126.960007 469.989960 35.000000 0.593100
273.750000 95.489998 125.000000 0.293200
397.839996 243.309998 145.000000 -0.466700
303.149994 321.829987 225.000000 0.234300
449.420013 7.280000 45.000000 -0.998500
8.950000 60.600002 115.000000 1.441900
78.150002 435.610016 104.999992 0.029100
8.950000 60.600002 215.000015 -0.410800
362.690002 176.309998 75.000000 -0.062300
257.549988 341.380005 115.000000 -0.721100
130.139999 391.570007 104.999992 -0.823600
401.970001 486.839996 195.000000 -0.133000
428.840027 99.199997 195.000000 1.170600
449.420013 7.280000 135.000000 -0.249000
369.950012 384.730011 35.000000 0.585800
279.510010 102.050003 55.000000 0.424600
78.150002 435.610016 35.000000 0.874900
177.470001 28.440002 225.000000 0.249000
148.389999 16.129999 155.000000 1.180000
106.320000 324.380005 55.000000 0.443900
135.559998 23.230000 35.000000 -0.493500
24.240000 60.180004 234.999985 -0.222200
321.350006 295.559998 55.000000 0.471200
322.970001 454.979980 55.000000 -0.272800
456.659973 8.810000 215.000015 0.254300
401.970001 486.839996 25.000000 -0.289900
469.350006 191.869995 25.000000 0.797300
218.190002 427.929962 55.000000 -0.373800
126.960007 469.989960 185.000000 -0.170300
298.269989 94.169998 85.000000 0.049100
475.920013 471.420013 95.000000 -0.964400
126.960007 469.989960 145.000000 -0.549400
121.070007 192.259995 225.000000 0.113900
279.510010 102.050003 205.000000 0.906700
254.429977 472.820007 155.000000 -0.526000
254.429977 472.820007 85.000000 -0.755500
442.040009 436.390015 125.000000 -0.063500
362.690002 176.309998 104.999992 -0.328900
389.589996 27.639999 234.999985 0.788400
218.190002 427.929962 175.000000 -0.473100
305.200012 98.620003 125.000000 -0.243000
21.549999 94.790001 155.000000 0.829200
75.480003 447.730011 125.000000 0.229400
362.690002 176.309998 25.000000 0.357300
278.220001 309.720001 115.000000 -0.358500
121.070007 192.259995 234.999985 -0.167400
82.779999 262.029999 65.000000 1.519100
110.339996 469.959961 95.000000 -0.466200
121.070007 192.259995 135.000000 2.226700
305.200012 98.620003 165.000000 0.314900
125.440002 312.079987 125.000000 0.484400
494.790039 48.910000 234.999985 0.370600
395.619995 29.740000 104.999992 -0.724800
29.600000 454.640015 205.000000 0.266900
400.339996 251.389999 65.000000 0.078900
494.790039 48.910000 215.000015 0.532500
21.549999 94.790001 85.000000 1.728400
56.240005 285.160004 65.000000 1.390200
301.489990 273.140015 75.000000 0.166200
21.549999 94.790001 135.000000 1.479800
148.389999 16.129999 65.000000 0.689500
130.139999 391.570007 165.000000 0.077800
15.230000 487.869965 225.000000 -0.354300
362.690002 176.309998 145.000000 -0.014400
164.960007 162.529999 165.000000 1.447300
449.420013 7.280000 25.000000 -1.238500
360.320007 218.240005 205.000000 0.906600
301.489990 273.140015 115.000000 -0.348200
449.420013 7.280000 195.000000 0.171000
456.659973 8.810000 15.000001 -1.705900
273.750000 95.489998 145.000000 0.333600
378.690002 301.320007 215.000015 -0.209900
82.779999 262.029999 175.000000 0.947400
121.070007 192.259995 15.000001 0.896100
475.920013 471.420013 35.000000 -0.517300
475.950012 28.810001 25.000000 -1.099300
169.940002 341.750000 145.000000 -0.093800
118.160011 475.640015 95.000000 -0.357300
326.859985 294.880005 55.000000 0.471200
360.170013 137.669998 205.000000 1.982100
265.890015 249.910004 215.000015 0.833900
153.250000 487.290009 205.000000 -0.517200
10.750000 436.549988 155.000000 0.783100
362.690002 176.309998 85.000000 -0.116200
90.820000 436.950012 225.000000 0.448500
125.440002 312.079987 145.000000 0.584100
303.149994 321.829987 55.000000 0.248700
356.609985 440.149963 215.000015 -0.215300
153.250000 487.290009 175.000000 -0.683100
422.380005 473.869995 205.000000 0.355800
127.139999 327.489990 165.000000 0.642600
351.989990 427.250000 104.999992 -0.619300
164.960007 162.529999 155.000000 1.958600
301.489990 273.140015 95.000000 -0.343500
213.610001 335.230011 215.000015 0.779700
10.750000 436.549988 115.000000 0.853500
110.449997 318.959991 215.000015 0.488200
126.960007 469.989960 75.000000 -0.258500
278.220001 309.720001 185.000000 0.546200
303.149994 321.829987 155.000000 -0.462700
10.750000 436.549988 95.000000 0.696100
351.149994 317.230011 85.000000 -0.355800
475.920013 471.420013 234.999985 1.450900
153.250000 487.290009 215.000015 -0.396000
87.879997 274.649994 125.000000 1.839400
36.660000 376.950012 225.000000 0.722900
313.820007 301.010010 85.000000 -0.493200
301.489990 273.140015 185.000000 0.350200
442.040009 436.390015 75.000000 -0.744700
44.119999 165.649994 55.000000 1.648600
157.669998 258.649994 35.000000 1.030900
397.839996 243.309998 35.000000 0.287200
397.839996 243.309998 195.000000 0.056200
346.649994 423.839996 185.000000 -0.153800
87.879997 274.649994 85.000000 1.407500
259.609985 410.989990 25.000000 0.740500
412.209991 59.169994 95.000000 -0.216700
241.470001 68.970001 15.000001 0.004700
254.429977 472.820007 35.000000 0.463700
397.839996 243.309998 175.000000 -0.231600
389.589996 27.639999 135.000000 -0.914700
318.250000 429.989990 25.000000 0.704500
362.690002 176.309998 35.000000 0.315900
177.470001 28.440002 95.000000 1.506500
346.649994 423.839996 195.000000 -0.210900
24.240000 60.180004 135.000000 1.237300
106.320000 324.380005 115.000000 0.549600
428.840027 99.199997 234.999985 1.825200
446.070007 82.370003 175.000000 0.645100
494.790039 48.910000 25.000000 -0.182600
351.989990 427.250000 155.000000 0.344500
265.890015 249.910004 115.000000 0.356500
351.149994 317.230011 115.000000 -0.957300
155.990005 360.869995 55.000000 -0.661600
177.470001 28.440002 25.000000 -0.336500
298.269989 94.169998 145.000000 -0.005600
360.170013 137.669998 55.000000 -0.048200
21.549999 94.790001 35.000000 1.522100
149.710007 20.520000 104.999992 1.657100
56.240005 285.160004 45.000000 1.197500
78.150002 435.610016 135.000000 0.211200
110.339996 469.959961 205.000000 0.222500
127.139999 327.489990 85.000000 -0.048800
75.480003 447.730011 65.000000 0.278700
300.089996 259.239990 65.000000 0.366200
142.399994 474.899994 125.000000 -0.829900
78.150002 435.610016 165.000000 0.527500
14.899999 492.149963 245.000000 -0.343600
451.160004 411.480011 245.000000 1.138200
164.960007 162.529999 75.000000 1.758300
432.929993 319.820007 25.000000 0.616000
190.830002 249.960022 135.000000 1.156200
303.149994 321.829987 85.000000 -0.415100
233.159988 273.779999 95.000000 0.109900
322.970001 454.979980 185.000000 -0.500300
213.610001 335.230011 175.000000 0.324100
318.250000 429.989990 215.000015 -0.712500
395.619995 29.740000 215.000015 0.603800
490.339996 265.519989 135.000000 -0.509100
303.149994 321.829987 135.000000 -0.723700
148.389999 16.129999 95.000000 1.285200
428.800018 332.540009 15.000001 0.592900
428.840027 99.199997 104.999992 0.308800
449.420013 7.280000 155.000000 -0.275500
135.559998 23.230000 115.000000 1.655700
483.099976 150.429993 65.000000 1.505900
483.099976 150.429993 15.000001 0.762300
125.440002 312.079987 65.000000 0.236500
78.150002 435.610016 15.000001 0.882900
422.380005 473.869995 125.000000 -0.344600
125.440002 312.079987 245.000000 0.249600
318.250000 429.989990 15.000001 1.013200
362.690002 176.309998 65.000000 0.081100
233.159988 273.779999 195.000000 1.009500
360.170013 137.669998 15.000001 -0.090100
213.610001 335.230011 65.000000 -0.352300
360.170013 137.669998 25.000000 0.039800
256.179993 475.419983 225.000000 -0.982000
300.089996 259.239990 225.000000 0.929100
213.610001 335.230011 125.000000 -0.341200
157.669998 258.649994 234.999985 0.013800
474.270020 286.970001 95.000000 -0.143900
190.830002 249.960022 95.000000 0.986300
422.380005 473.869995 115.000000 -0.739100
351.149994 317.230011 145.000000 -0.654800
490.339996 265.519989 55.000000 0.500800
233.159988 273.779999 145.000000 0.508000
124.059998 227.130005 95.000000 1.947100
428.800018 332.540009 215.000015 -0.013400
432.929993 319.820007 85.000000 -0.122500
142.399994 474.899994 85.000000 -0.535100
303.149994 321.829987 145.000000 -0.615300
490.339996 265.519989 104.999992 -0.179200
153.250000 487.290009 135.000000 -0.698800
254.429977 472.820007 195.000000 -0.614800
318.250000 429.989990 245.000000 -0.560100
254.429977 472.820007 175.000000 -0.621300
136.740005 121.040001 225.000000 0.083700
321.350006 295.559998 175.000000 -0.037900
303.149994 321.829987 165.000000 -0.245100
130.139999 391.570007 55.000000 -0.780200
346.649994 423.839996 145.000000 -0.286000
110.449997 318.959991 245.000000 -0.063000
129.550003 337.709991 95.000000 0.012900
39.540001 330.609985 85.000000 1.324800
124.059998 227.130005 115.000000 2.192500
36.660000 376.950012 215.000015 0.770700
300.089996 259.239990 165.000000 0.225400
75.480003 447.730011 15.000001 0.983400
412.209991 59.169994 195.000000 0.895900
44.119999 165.649994 15.000001 0.742900
356.609985 440.149963 75.000000 -0.660300
87.879997 274.649994 205.000000 0.294600
39.540001 330.609985 135.000000 1.706900
360.320007 218.240005 135.000000 -0.393800
346.649994 423.839996 234.999985 -0.037300
82.779999 262.029999 75.000000 1.545100
241.470001 68.970001 85.000000 0.942100
400.339996 251.389999 215.000015 0.176600
428.840027 99.199997 165.000000 0.569800
469.350006 191.869995 115.000000 0.421200
118.160011 475.640015 45.000000 0.785900
14.899999 492.149963 234.999985 -0.534900
322.970001 454.979980 95.000000 -0.892700
106.320000 324.380005 145.000000 0.604000
82.779999 262.029999 195.000000 0.545500
442.040009 436.390015 135.000000 -0.060400
451.160004 411.480011 145.000000 0.362400
75.480003 447.730011 55.000000 0.420700
378.690002 301.320007 165.000000 -0.581500
303.149994 321.829987 234.999985 -0.005900
490.339996 265.519989 185.000000 -0.688500
15.230000 487.869965 165.000000 -0.073200
62.029999 312.450012 225.000000 0.348500
401.970001 486.839996 205.000000 0.227400
10.750000 436.549988 55.000000 1.064200
432.929993 319.820007 225.000000 -0.239000
241.470001 68.970001 95.000000 0.951800
469.350006 191.869995 15.000001 0.778700
428.840027 99.199997 215.000015 1.402800
36.660000 376.950012 125.000000 1.399200
318.250000 429.989990 195.000000 -0.407900
153.250000 487.290009 185.000000 -0.343900
395.619995 29.740000 15.000001 -1.320600
110.339996 469.959961 125.000000 -0.468400
303.149994 321.829987 95.000000 -0.615700
121.070007 192.259995 185.000000 0.730400
401.970001 486.839996 175.000000 0.031700
326.859985 294.880005 215.000015 0.207900
233.159988 273.779999 185.000000 0.814600
130.139999 391.570007 245.000000 0.146800
190.830002 249.960022 35.000000 0.891100
44.119999 165.649994 104.999992 2.355400
422.380005 473.869995 165.000000 0.207300
39.540001 330.609985 125.000000 1.772100
400.339996 251.389999 234.999985 0.233800
485.619965 287.269989 205.000000 -0.505700
360.320007 218.240005 95.000000 -0.327600
278.220001 309.720001 45.000000 0.678500
155.990005 360.869995 185.000000 0.512300
87.879997 274.649994 155.000000 1.142400
21.549999 94.790001 165.000000 0.346500
401.970001 486.839996 225.000000 0.637800
78.150002 435.610016 85.000000 -0.220900
56.240005 285.160004 95.000000 1.693400
432.929993 319.820007 95.000000 -0.532400
129.550003 337.709991 145.000000 0.415400
149.710007 20.520000 215.000015 0.123000
356.609985 440.149963 125.000000 -0.543100
14.899999 492.149963 115.000000 -0.113100
90.820000 436.950012 175.000000 0.385000
29.600000 454.640015 75.000000 0.355000
485.619965 287.269989 225.000000 -0.516000
14.899999 492.149963 45.000000 1.135900
422.380005 473.869995 85.000000 -0.803800
136.740005 121.040001 85.000000 1.731900
44.119999 165.649994 205.000000 0.294200
62.029999 312.450012 125.000000 1.356600
218.190002 427.929962 225.000000 -0.367400
298.269989 94.169998 245.000000 1.268600
233.159988 273.779999 205.000000 0.806200
21.549999 94.790001 55.000000 1.558700
254.429977 472.820007 25.000000 0.739600
169.940002 341.750000 35.000000 -0.071700
10.750000 436.549988 35.000000 1.371300
213.610001 335.230011 135.000000 -0.331700
389.589996 27.639999 165.000000 -0.213100
313.820007 301.010010 104.999992 -0.752100
106.320000 324.380005 135.000000 0.576000
265.890015 249.910004 245.000000 0.828000
87.070000 482.109985 215.000015 -0.243700
279.510010 102.050003 145.000000 0.542800
378.690002 301.320007 125.000000 -0.703600
256.179993 475.419983 234.999985 -0.788400
456.659973 8.810000 45.000000 -0.706800
356.609985 440.149963 234.999985 -0.073300
469.350006 191.869995 135.000000 -0.293800
256.179993 475.419983 55.000000 0.110300
418.980042 132.100006 35.000000 0.018500
453.849976 194.809998 75.000000 1.032400
87.070000 482.109985 55.000000 0.665700
177.470001 28.440002 104.999992 1.485500
418.980042 132.100006 45.000000 0.249700
475.920013 471.420013 215.000015 0.861000
78.150002 435.610016 205.000000 0.547700
110.339996 469.959961 185.000000 -0.033900
303.149994 321.829987 125.000000 -0.834100
127.139999 327.489990 115.000000 0.303500
125.440002 312.079987 15.000001 0.188700
142.399994 474.899994 104.999992 -0.753500
241.470001 68.970001 155.000000 0.416000
360.170013 137.669998 115.000000 -0.496900
75.480003 447.730011 35.000000 1.111400
378.690002 301.320007 85.000000 -0.636100
475.950012 28.810001 45.000000 -0.317200
129.550003 337.709991 65.000000 0.084800
432.929993 319.820007 155.000000 -0.576100
365.730011 403.760010 135.000000 -0.255900
485.619965 287.269989 85.000000 0.089000
218.190002 427.929962 65.000000 -0.553600
127.139999 327.489990 35.000000 0.462100
118.160011 475.640015 215.000015 0.034200
106.320000 324.380005 185.000000 0.828100
273.750000 95.489998 205.000000 0.634100
155.990005 360.869995 195.000000 0.475500
265.890015 249.910004 135.000000 0.459400
474.270020 286.970001 55.000000 0.362700
121.070007 192.259995 195.000000 0.546400
213.610001 335.230011 45.000000 0.166400
29.600000 454.640015 175.000000 0.495000
36.660000 376.950012 55.000000 0.621100
56.240005 285.160004 215.000015 0.399400
321.350006 295.559998 135.000000 -0.525600
124.059998 227.130005 215.000015 0.314100
453.849976 194.809998 245.000000 0.816500
418.980042 132.100006 195.000000 1.523700
298.269989 94.169998 95.000000 -0.045900
351.989990 427.250000 195.000000 0.054400
279.510010 102.050003 35.000000 0.451200
279.510010 102.050003 135.000000 0.526500
218.190002 427.929962 115.000000 -0.874300
412.209991 59.169994 15.000001 -0.882300
14.899999 492.149963 205.000000 -0.305200
360.170013 137.669998 185.000000 1.348500
257.549988 341.380005 35.000000 0.712600
355.769989 359.440002 125.000000 -0.823400
428.840027 99.199997 185.000000 1.011400
127.139999 327.489990 75.000000 0.040200
8.950000 60.600002 25.000000 1.525700
442.040009 436.390015 55.000000 -0.626300
24.240000 60.180004 195.000000 0.122100
142.399994 474.899994 135.000000 -0.831200
428.840027 99.199997 245.000000 1.401200
301.489990 273.140015 85.000000 -0.217600
273.750000 95.489998 234.999985 0.781000
456.659973 8.810000 145.000000 -0.192300
39.540001 330.609985 104.999992 1.668500
422.380005 473.869995 45.000000 -0.504100
446.070007 82.370003 115.000000 0.399100
300.089996 259.239990 95.000000 -0.087200
110.339996 469.959961 55.000000 0.355800
422.380005 473.869995 195.000000 0.206400
169.940002 341.750000 85.000000 -0.826200
164.960007 162.529999 35.000000 0.603800
136.740005 121.040001 45.000000 0.771800
126.960007 469.989960 25.000000 0.815900
494.790039 48.910000 195.000000 0.325500
346.649994 423.839996 85.000000 -0.868200
446.070007 82.370003 195.000000 0.847300
259.609985 410.989990 95.000000 -1.003700
305.200012 98.620003 45.000000 -0.003800
15.230000 487.869965 205.000000 -0.121800
44.119999 165.649994 195.000000 0.409400
155.990005 360.869995 234.999985 0.399700
453.849976 194.809998 15.000001 0.711800
418.980042 132.100006 205.000000 1.545000
446.070007 82.370003 25.000000 -0.311600
44.119999 165.649994 135.000000 2.141100
305.200012 98.620003 25.000000 -0.107200
418.980042 132.100006 215.000015 1.826000
39.540001 330.609985 45.000000 0.826100
401.970001 486.839996 15.000001 -0.317200
164.960007 162.529999 85.000000 1.651000
301.489990 273.140015 195.000000 0.406500
378.690002 301.320007 195.000000 -0.227000
136.740005 121.040001 115.000000 2.112100
87.070000 482.109985 75.000000 0.192600
136.740005 121.040001 55.000000 1.139000
360.170013 137.669998 245.000000 1.977500
169.940002 341.750000 185.000000 0.570900
300.089996 259.239990 234.999985 0.779800
90.820000 436.950012 35.000000 0.713600
475.920013 471.420013 55.000000 -0.793400
456.659973 8.810000 65.000000 -0.605700
451.160004 411.480011 25.000000 -0.487600
256.179993 475.419983 135.000000 -0.637900
129.550003 337.709991 104.999992 -0.070100
355.769989 359.440002 245.000000 -0.306200
456.659973 8.810000 75.000000 -0.361900
164.960007 162.529999 15.000001 0.688500
118.160011 475.640015 25.000000 0.909100
82.779999 262.029999 185.000000 0.728100
378.690002 301.320007 55.000000 0.033700
29.600000 454.640015 165.000000 0.550300
78.150002 435.610016 145.000000 0.391400
106.320000 324.380005 234.999985 0.215700
29.600000 454.640015 115.000000 0.470300
346.649994 423.839996 115.000000 -0.915800
36.660000 376.950012 35.000000 0.957900
355.769989 359.440002 215.000015 -0.165000
254.429977 472.820007 205.000000 -0.619600
256.179993 475.419983 155.000000 -0.526000
213.610001 335.230011 115.000000 -0.384500
127.139999 327.489990 135.000000 0.307500
142.399994 474.899994 65.000000 0.195900
365.730011 403.760010 185.000000 0.072900
397.839996 243.309998 125.000000 -0.653100
218.190002 427.929962 95.000000 -1.146600
148.389999 16.129999 135.000000 1.606300
474.270020 286.970001 205.000000 -0.404600
456.659973 8.810000 195.000000 0.175600
397.839996 243.309998 185.000000 -0.191700
360.320007 218.240005 225.000000 1.226500
449.420013 7.280000 175.000000 0.122800
360.320007 218.240005 45.000000 0.169200
155.990005 360.869995 95.000000 -0.990600
56.240005 285.160004 205.000000 0.584800
177.470001 28.440002 165.000000 0.789300
313.820007 301.010010 115.000000 -0.696300
153.250000 487.290009 25.000000 0.675600
21.549999 94.790001 205.000000 -0.109700
321.350006 295.559998 85.000000 -0.311500
190.830002 249.960022 125.000000 1.105200
90.820000 436.950012 185.000000 0.487000
351.149994 317.230011 135.000000 -0.912600
362.690002 176.309998 115.000000 -0.236100
259.609985 410.989990 55.000000 -0.368800
360.320007 218.240005 125.000000 -0.373500
400.339996 251.389999 75.000000 0.082200
254.429977 472.820007 125.000000 -0.657700
110.449997 318.959991 225.000000 0.304600
412.209991 59.169994 175.000000 0.491300
39.540001 330.609985 215.000015 0.862700
136.740005 121.040001 175.000000 0.889600
326.859985 294.880005 234.999985 0.341700
29.600000 454.640015 85.000000 0.539000
39.540001 330.609985 145.000000 1.739400
456.659973 8.810000 205.000000 0.189000
190.830002 249.960022 65.000000 0.946200
456.659973 8.810000 104.999992 -0.294500
279.510010 102.050003 225.000000 1.096200
155.990005 360.869995 165.000000 -0.001600
449.420013 7.280000 165.000000 0.216400
485.619965 287.269989 145.000000 -0.766700
432.929993 319.820007 15.000001 0.609700
142.399994 474.899994 175.000000 -0.300200
475.920013 471.420013 245.000000 1.711200
169.940002 341.750000 104.999992 -0.655300
351.989990 427.250000 185.000000 -0.068500
129.550003 337.709991 85.000000 0.003000
265.890015 249.910004 55.000000 1.051600
75.480003 447.730011 75.000000 0.155600
24.240000 60.180004 45.000000 1.343500
142.399994 474.899994 45.000000 0.228400
56.240005 285.160004 155.000000 1.667900
305.200012 98.620003 225.000000 1.286400
356.609985 440.149963 135.000000 -0.222600
474.270020 286.970001 15.000001 0.309900
129.550003 337.709991 25.000000 0.159000
273.750000 95.489998 45.000000 0.238200
169.940002 341.750000 245.000000 0.154200
322.970001 454.979980 215.000015 -0.425000
401.970001 486.839996 115.000000 -0.747900
432.929993 319.820007 45.000000 0.287000
21.549999 94.790001 145.000000 0.993100
355.769989 359.440002 185.000000 -0.104900
301.489990 273.140015 175.000000 0.101100
254.429977 472.820007 135.000000 -0.637900
475.950012 28.810001 245.000000 0.494900
130.139999 391.570007 175.000000 0.121800
469.350006 191.869995 215.000015 0.443200
78.150002 435.610016 245.000000 0.009000
257.549988 341.380005 15.000001 1.501600
442.040009 436.390015 205.000000 0.594800
389.589996 27.639999 35.000000 -1.446100
389.589996 27.639999 155.000000 -0.323900
400.339996 251.389999 85.000000 -0.517000
346.649994 423.839996 215.000015 -0.212100
127.139999 327.489990 145.000000 0.304000
126.960007 469.989960 125.000000 -0.610100
164.960007 162.529999 135.000000 2.176800
278.220001 309.720001 95.000000 -0.229900
14.899999 492.149963 95.000000 0.316900
135.559998 23.230000 234.999985 0.071200
313.820007 301.010010 145.000000 -0.744500
369.950012 384.730011 125.000000 -0.515800
135.559998 23.230000 245.000000 0.224500
351.149994 317.230011 165.000000 -0.496500
485.619965 287.269989 135.000000 -0.340400
24.240000 60.180004 104.999992 1.716200
356.609985 440.149963 95.000000 -0.886700
351.989990 427.250000 55.000000 -0.205500
400.339996 251.389999 145.000000 -0.805500
301.489990 273.140015 135.000000 -0.494400
494.790039 48.910000 125.000000 0.571100
389.589996 27.639999 25.000000 -1.252700
355.769989 359.440002 135.000000 -0.839900
422.380005 473.869995 175.000000 0.320000
190.830002 249.960022 215.000015 0.748600
355.769989 359.440002 195.000000 -0.059800
218.190002 427.929962 85.000000 -1.114900
401.970001 486.839996 45.000000 -0.523700
213.610001 335.230011 165.000000 -0.042700
148.389999 16.129999 185.000000 0.415500
124.059998 227.130005 155.000000 1.705200
124.059998 227.130005 125.000000 2.114400
110.339996 469.959961 35.000000 0.538900
8.950000 60.600002 205.000000 -0.343400
298.269989 94.169998 15.000001 0.063600
322.970001 454.979980 85.000000 -0.541300
483.099976 150.429993 234.999985 0.952700
254.429977 472.820007 55.000000 0.110300
395.619995 29.740000 135.000000 -0.565300
400.339996 251.389999 225.000000 0.172100
321.350006 295.559998 104.999992 -0.462700
412.209991 59.169994 65.000000 -0.276500
36.660000 376.950012 175.000000 1.373500
418.980042 132.100006 155.000000 0.257600
129.550003 337.709991 165.000000 0.515400
233.159988 273.779999 35.000000 1.115000
259.609985 410.989990 85.000000 -0.999600
346.649994 423.839996 135.000000 -0.467100
451.160004 411.480011 115.000000 -0.007200
75.480003 447.730011 234.999985 0.096800
360.320007 218.240005 175.000000 0.283200
418.980042 132.100006 175.000000 0.697000
142.399994 474.899994 75.000000 -0.485900
428.840027 99.199997 205.000000 1.527600
303.149994 321.829987 245.000000 -0.070300
14.899999 492.149963 65.000000 0.652200
190.830002 249.960022 145.000000 1.092200
87.070000 482.109985 35.000000 1.139200
177.470001 28.440002 55.000000 0.465900
355.769989 359.440002 35.000000 0.579300
129.550003 337.709991 185.000000 0.631100
213.610001 335.230011 95.000000 -0.564700
453.849976 194.809998 125.000000 0.168600
322.970001 454.979980 125.000000 -0.629500
321.350006 295.559998 25.000000 1.122300
494.790039 48.910000 225.000000 0.348800
62.029999 312.450012 215.000015 0.555500
305.200012 98.620003 145.000000 -0.150600
78.150002 435.610016 234.999985 -0.038000
164.960007 162.529999 225.000000 0.289500
326.859985 294.880005 95.000000 -0.698900
475.950012 28.810001 104.999992 0.250800
44.119999 165.649994 165.000000 1.252700
257.549988 341.380005 215.000015 0.493900
397.839996 243.309998 75.000000 -0.132200
412.209991 59.169994 75.000000 -0.331700
475.950012 28.810001 195.000000 0.372100
148.389999 16.129999 145.000000 1.321700
453.849976 194.809998 104.999992 0.639100
153.250000 487.290009 145.000000 -0.819500
44.119999 165.649994 225.000000 -0.061600
56.240005 285.160004 225.000000 0.104900
313.820007 301.010010 15.000001 1.647800
318.250000 429.989990 85.000000 -0.919900
149.710007 20.520000 55.000000 0.276300
400.339996 251.389999 55.000000 0.235000
351.149994 317.230011 65.000000 -0.169600
15.230000 487.869965 95.000000 0.278200
303.149994 321.829987 35.000000 0.971300
177.470001 28.440002 145.000000 1.103300
153.250000 487.290009 125.000000 -0.744800
449.420013 7.280000 75.000000 -0.508900
157.669998 258.649994 215.000015 0.504400
8.950000 60.600002 155.000000 0.638500
126.960007 469.989960 175.000000 -0.155500
149.710007 20.520000 175.000000 0.741500
346.649994 423.839996 55.000000 -0.145200
142.399994 474.899994 195.000000 -0.290700
397.839996 243.309998 225.000000 0.614200
44.119999 165.649994 215.000015 0.114200
442.040009 436.390015 195.000000 0.662200
313.820007 301.010010 35.000000 0.808700
56.240005 285.160004 15.000001 0.141800
257.549988 341.380005 135.000000 -0.425000
169.940002 341.750000 25.000000 0.076100
278.220001 309.720001 35.000000 0.985700
110.449997 318.959991 25.000000 0.536100
360.320007 218.240005 55.000000 0.093500
449.420013 7.280000 215.000015 0.157200
321.350006 295.559998 165.000000 -0.459600
124.059998 227.130005 145.000000 1.547200
456.659973 8.810000 25.000000 -1.273000
233.159988 273.779999 45.000000 0.722200
8.950000 60.600002 165.000000 0.502200
321.350006 295.559998 15.000001 1.466300
218.190002 427.929962 35.000000 0.088100
256.179993 475.419983 185.000000 -0.652400
157.669998 258.649994 104.999992 1.193100
153.250000 487.290009 85.000000 -0.601100
29.600000 454.640015 145.000000 0.388300
322.970001 454.979980 245.000000 -0.168000
124.059998 227.130005 225.000000 -0.076900
362.690002 176.309998 185.000000 0.900000
313.820007 301.010010 75.000000 -0.144600
136.740005 121.040001 205.000000 0.432100
442.040009 436.390015 104.999992 -0.297300
39.540001 330.609985 245.000000 0.110600
378.690002 301.320007 145.000000 -0.662300
356.609985 440.149963 65.000000 -0.482000
318.250000 429.989990 155.000000 -0.401000
278.220001 309.720001 104.999992 -0.412400
265.890015 249.910004 225.000000 0.792800
301.489990 273.140015 234.999985 0.496600
233.159988 273.779999 245.000000 0.453800
278.220001 309.720001 225.000000 0.509400
153.250000 487.290009 35.000000 0.590700
474.270020 286.970001 25.000000 0.523200
475.920013 471.420013 155.000000 -0.198100
121.070007 192.259995 215.000015 0.476000
218.190002 427.929962 205.000000 -0.181100
241.470001 68.970001 35.000000 0.252500
87.879997 274.649994 234.999985 -0.089200
218.190002 427.929962 125.000000 -1.041400
400.339996 251.389999 15.000001 0.494100
190.830002 249.960022 225.000000 0.551300
110.339996 469.959961 195.000000 0.166800
110.339996 469.959961 65.000000 -0.038000
494.790039 48.910000 45.000000 0.517900
106.320000 324.380005 195.000000 0.737100
36.660000 376.950012 15.000001 0.900600
397.839996 243.309998 115.000000 -0.758200
279.510010 102.050003 95.000000 0.182800
259.609985 410.989990 35.000000 0.531900
278.220001 309.720001 195.000000 0.589800
453.849976 194.809998 95.000000 0.707600
142.399994 474.899994 35.000000 0.560000
190.830002 249.960022 234.999985 0.560500
75.480003 447.730011 45.000000 0.696000
110.449997 318.959991 85.000000 0.578800
24.240000 60.180004 65.000000 1.231900
233.159988 273.779999 65.000000 0.427700
218.190002 427.929962 145.000000 -0.625200
451.160004 411.480011 155.000000 0.558900
365.730011 403.760010 35.000000 0.339900
21.549999 94.790001 65.000000 1.524300
326.859985 294.880005 15.000001 1.466300
87.070000 482.109985 125.000000 -0.055000
451.160004 411.480011 95.000000 -0.504600
305.200012 98.620003 85.000000 -0.098200
322.970001 454.979980 165.000000 -0.227400
177.470001 28.440002 245.000000 0.158900
378.690002 301.320007 45.000000 0.414500
75.480003 447.730011 195.000000 0.320200
213.610001 335.230011 85.000000 -0.403600
14.899999 492.149963 15.000001 1.237300
351.989990 427.250000 75.000000 -0.587700
62.029999 312.450012 95.000000 1.200300
256.179993 475.419983 15.000001 1.156800
428.840027 99.199997 155.000000 0.409500
400.339996 251.389999 45.000000 0.238100
15.230000 487.869965 75.000000 0.625800
124.059998 227.130005 35.000000 1.149300
124.059998 227.130005 205.000000 0.443100
273.750000 95.489998 95.000000 0.290200
428.800018 332.540009 195.000000 -0.135100
365.730011 403.760010 65.000000 -0.338100
10.750000 436.549988 85.000000 0.682500
10.750000 436.549988 225.000000 0.186600
149.710007 20.520000 85.000000 1.181300
301.489990 273.140015 205.000000 0.601800
401.970001 486.839996 145.000000 -0.205100
453.849976 194.809998 135.000000 -0.221500
149.710007 20.520000 145.000000 1.160300
21.549999 94.790001 45.000000 1.646100
62.029999 312.450012 75.000000 1.197500
87.070000 482.109985 245.000000 -0.239200
300.089996 259.239990 215.000015 0.811800
422.380005 473.869995 15.000001 -0.489900
449.420013 7.280000 115.000000 -0.513800
169.940002 341.750000 205.000000 0.734000
279.510010 102.050003 115.000000 0.375300
15.230000 487.869965 195.000000 0.010700
346.649994 423.839996 175.000000 -0.183400
130.139999 391.570007 75.000000 -0.922500
412.209991 59.169994 85.000000 -0.144000
278.220001 309.720001 125.000000 -0.577000
15.230000 487.869965 234.999985 -0.361700
326.859985 294.880005 245.000000 -0.072300
365.730011 403.760010 245.000000 0.089000
326.859985 294.880005 155.000000 -0.577500
300.089996 259.239990 125.000000 -0.025500
153.250000 487.290009 95.000000 -0.581800
362.690002 176.309998 165.000000 0.548100
305.200012 98.620003 234.999985 1.168800
241.470001 68.970001 175.000000 0.258300
256.179993 475.419983 25.000000 0.739600
126.960007 469.989960 104.999992 -0.695400
346.649994 423.839996 95.000000 -0.749600
169.940002 341.750000 95.000000 -0.772800
21.549999 94.790001 245.000000 0.027800
10.750000 436.549988 195.000000 0.871700
428.800018 332.540009 245.000000 0.034400
490.339996 265.519989 195.000000 -0.771800
451.160004 411.480011 225.000000 0.993200
365.730011 403.760010 75.000000 -0.624800
318.250000 429.989990 185.000000 -0.292400
279.510010 102.050003 234.999985 1.031200
265.890015 249.910004 234.999985 0.993400
135.559998 23.230000 215.000015 -0.045000
303.149994 321.829987 104.999992 -0.668700
300.089996 259.239990 195.000000 0.697000
21.549999 94.790001 175.000000 0.208200
346.649994 423.839996 75.000000 -0.636900
355.769989 359.440002 104.999992 -0.829500
449.420013 7.280000 145.000000 -0.133200
14.899999 492.149963 195.000000 -0.174200
82.779999 262.029999 104.999992 1.996400
257.549988 341.380005 234.999985 0.228500
449.420013 7.280000 65.000000 -0.352100
164.960007 162.529999 195.000000 0.661100
369.950012 384.730011 75.000000 -0.525000
355.769989 359.440002 145.000000 -0.596300
360.320007 218.240005 155.000000 -0.101100
494.790039 48.910000 145.000000 0.434800
90.820000 436.950012 234.999985 0.075600
155.990005 360.869995 145.000000 -0.222200
449.420013 7.280000 234.999985 0.442500
106.320000 324.380005 15.000001 0.298900
78.150002 435.610016 125.000000 0.460600
56.240005 285.160004 25.000000 0.950200
474.270020 286.970001 75.000000 0.173600
8.950000 60.600002 95.000000 1.536500
428.800018 332.540009 205.000000 -0.093600
10.750000 436.549988 205.000000 0.718900
121.070007 192.259995 85.000000 2.068200
474.270020 286.970001 135.000000 -0.536500
78.150002 435.610016 225.000000 0.143900
446.070007 82.370003 35.000000 -0.052200
106.320000 324.380005 155.000000 0.672600
136.740005 121.040001 135.000000 2.087600
428.800018 332.540009 234.999985 0.139400
124.059998 227.130005 45.000000 1.319300
485.619965 287.269989 95.000000 0.024500
36.660000 376.950012 245.000000 0.170800
121.070007 192.259995 95.000000 2.249200
453.849976 194.809998 115.000000 0.193500
126.960007 469.989960 65.000000 0.015700
428.800018 332.540009 155.000000 -0.137400
401.970001 486.839996 55.000000 -0.685600
110.339996 469.959961 234.999985 -0.108900
29.600000 454.640015 15.000001 1.432200
39.540001 330.609985 35.000000 0.684700
456.659973 8.810000 245.000000 0.501400
369.950012 384.730011 185.000000 -0.038600
313.820007 301.010010 65.000000 0.031300
490.339996 265.519989 45.000000 0.577400
87.879997 274.649994 245.000000 -0.405400
129.550003 337.709991 155.000000 0.465500
29.600000 454.640015 135.000000 0.374100
326.859985 294.880005 175.000000 -0.037900
87.070000 482.109985 65.000000 0.572600
10.750000 436.549988 185.000000 0.619100
8.950000 60.600002 175.000000 0.171000
298.269989 94.169998 75.000000 -0.112400
142.399994 474.899994 215.000015 -0.211800
428.840027 99.199997 25.000000 -0.399800
148.389999 16.129999 125.000000 1.454200
301.489990 273.140015 125.000000 -0.190300
110.449997 318.959991 65.000000 0.189900
213.610001 335.230011 55.000000 -0.015600
469.350006 191.869995 95.000000 0.815800
14.899999 492.149963 165.000000 -0.190000
149.710007 20.520000 245.000000 0.042700
110.339996 469.959961 145.000000 -0.384800
378.690002 301.320007 155.000000 -0.512600
106.320000 324.380005 75.000000 0.490300
18.750000 492.299988 15.000001 1.237300
157.669998 258.649994 195.000000 0.720400
87.879997 274.649994 104.999992 1.812700
318.250000 429.989990 125.000000 -0.760800
432.929993 319.820007 55.000000 0.109100
346.649994 423.839996 225.000000 -0.318700
157.669998 258.649994 245.000000 0.114900
87.070000 482.109985 175.000000 -0.092800
8.950000 60.600002 35.000000 1.340600
155.990005 360.869995 245.000000 0.132400
362.690002 176.309998 55.000000 0.088000
14.899999 492.149963 215.000015 -0.256000
451.160004 411.480011 185.000000 0.405900
365.730011 403.760010 145.000000 -0.003400
378.690002 301.320007 135.000000 -0.904100
190.830002 249.960022 115.000000 1.086400
18.750000 492.299988 135.000000 -0.212800
356.609985 440.149963 225.000000 -0.095500
257.549988 341.380005 65.000000 -0.237900
36.660000 376.950012 135.000000 1.629500
397.839996 243.309998 104.999992 -0.662400
301.489990 273.140015 25.000000 1.223200
362.690002 176.309998 245.000000 1.898300
389.589996 27.639999 125.000000 -0.819100
259.609985 410.989990 145.000000 -0.338500
241.470001 68.970001 195.000000 0.050800
241.470001 68.970001 205.000000 0.036700
475.950012 28.810001 115.000000 0.136400
129.550003 337.709991 245.000000 0.163900
494.790039 48.910000 185.000000 0.534900
8.950000 60.600002 185.000000 0.062100
490.339996 265.519989 245.000000 0.003900
378.690002 301.320007 25.000000 0.894300
346.649994 423.839996 25.000000 0.587500
485.619965 287.269989 245.000000 -0.193900
422.380005 473.869995 35.000000 -0.457200
135.559998 23.230000 65.000000 0.806400
351.149994 317.230011 35.000000 0.777500
24.240000 60.180004 165.000000 0.475800
278.220001 309.720001 65.000000 -0.012800
369.950012 384.730011 175.000000 0.098300
124.059998 227.130005 104.999992 2.164700
110.449997 318.959991 155.000000 0.693600
149.710007 20.520000 75.000000 0.984400
127.139999 327.489990 205.000000 0.594200
418.980042 132.100006 115.000000 0.141500
397.839996 243.309998 215.000015 0.389000
273.750000 95.489998 195.000000 0.544500
442.040009 436.390015 215.000015 0.728400
400.339996 251.389999 35.000000 0.416200
155.990005 360.869995 215.000015 0.621600
346.649994 423.839996 155.000000 -0.051400
322.970001 454.979980 155.000000 -0.389900
428.800018 332.540009 85.000000 -0.467200
213.610001 335.230011 75.000000 -0.533400
313.820007 301.010010 55.000000 0.281000
118.160011 475.640015 185.000000 -0.315500
90.820000 436.950012 104.999992 -0.303700
265.890015 249.910004 95.000000 0.252300
360.170013 137.669998 195.000000 1.708600
10.750000 436.549988 25.000000 1.445100
29.600000 454.640015 215.000015 0.250700
273.750000 95.489998 135.000000 0.351500
75.480003 447.730011 115.000000 0.219500
39.540001 330.609985 155.000000 1.694800
456.659973 8.810000 225.000000 0.241400
257.549988 341.380005 205.000000 0.401200
313.820007 301.010010 225.000000 0.240500
303.149994 321.829987 25.000000 1.332900
298.269989 94.169998 104.999992 -0.073400
36.660000 376.950012 75.000000 0.878200
351.149994 317.230011 95.000000 -0.674000
142.399994 474.899994 145.000000 -0.696600
351.989990 427.250000 95.000000 -0.851200
362.690002 176.309998 195.000000 1.374600
259.609985 410.989990 234.999985 -0.531100
400.339996 251.389999 245.000000 0.203100
395.619995 29.740000 165.000000 -0.064300
155.990005 360.869995 65.000000 -0.810200
241.470001 68.970001 104.999992 0.825400
24.240000 60.180004 225.000000 -0.379900
127.139999 327.489990 125.000000 0.376200
15.230000 487.869965 115.000000 -0.067500
87.879997 274.649994 75.000000 1.458500
157.669998 258.649994 225.000000 0.449600
82.779999 262.029999 245.000000 -0.269000
279.510010 102.050003 175.000000 0.507000
475.920013 471.420013 25.000000 -0.521600
149.710007 20.520000 125.000000 1.565100
326.859985 294.880005 225.000000 0.242900
148.389999 16.129999 35.000000 -0.264500
442.040009 436.390015 234.999985 1.172100
87.070000 482.109985 185.000000 -0.083500
369.950012 384.730011 205.000000 0.080900
18.750000 492.299988 145.000000 -0.208000
494.790039 48.910000 104.999992 1.071400
451.160004 411.480011 45.000000 -0.536600
135.559998 23.230000 145.000000 1.246200
318.250000 429.989990 35.000000 0.372700
400.339996 251.389999 165.000000 -0.628400
241.470001 68.970001 135.000000 0.756500
351.149994 317.230011 155.000000 -0.793000
62.029999 312.450012 65.000000 1.251200
169.940002 341.750000 75.000000 -0.596200
259.609985 410.989990 65.000000 -0.315500
259.609985 410.989990 135.000000 -0.618400
490.339996 265.519989 85.000000 0.242700
469.350006 191.869995 85.000000 1.078400
475.920013 471.420013 205.000000 0.642900
412.209991 59.169994 135.000000 -0.264100
148.389999 16.129999 115.000000 1.604300
87.070000 482.109985 104.999992 -0.059300
303.149994 321.829987 185.000000 0.199700
233.159988 273.779999 75.000000 0.156600
75.480003 447.730011 145.000000 0.507600
148.389999 16.129999 225.000000 0.094000
257.549988 341.380005 195.000000 0.718600
36.660000 376.950012 155.000000 1.518500
213.610001 335.230011 245.000000 0.368400
78.150002 435.610016 95.000000 0.038200
449.420013 7.280000 245.000000 0.446800
254.429977 472.820007 234.999985 -0.788400
475.920013 471.420013 135.000000 -0.493500
453.849976 194.809998 215.000015 0.735700
135.559998 23.230000 95.000000 1.575400
75.480003 447.730011 225.000000 0.139400
365.730011 403.760010 225.000000 0.007900
257.549988 341.380005 104.999992 -0.722100
75.480003 447.730011 175.000000 0.439600
378.690002 301.320007 234.999985 0.177000
278.220001 309.720001 155.000000 -0.167600
442.040009 436.390015 145.000000 0.187200
360.320007 218.240005 25.000000 0.782400
78.150002 435.610016 25.000000 0.948900
401.970001 486.839996 215.000015 0.249900
24.240000 60.180004 25.000000 1.206900
418.980042 132.100006 75.000000 0.317300
78.150002 435.610016 55.000000 0.528200
153.250000 487.290009 245.000000 -0.238500
442.040009 436.390015 165.000000 0.458500
135.559998 23.230000 45.000000 -0.082000
124.059998 227.130005 85.000000 1.992300
322.970001 454.979980 104.999992 -0.777700
469.350006 191.869995 205.000000 0.428900
148.389999 16.129999 104.999992 1.522200
118.160011 475.640015 75.000000 0.064400
389.589996 27.639999 95.000000 -0.840200
213.610001 335.230011 15.000001 1.096700
449.420013 7.280000 125.000000 -0.440300
485.619965 287.269989 25.000000 0.279400
149.710007 20.520000 195.000000 0.373600
475.950012 28.810001 135.000000 -0.134700
326.859985 294.880005 135.000000 -0.525600
82.779999 262.029999 85.000000 1.659300
129.550003 337.709991 15.000001 0.042700
418.980042 132.100006 25.000000 -0.299800
15.230000 487.869965 145.000000 -0.104100
428.840027 99.199997 65.000000 0.216100
418.980042 132.100006 85.000000 0.529500
8.950000 60.600002 234.999985 -0.404300
169.940002 341.750000 135.000000 -0.295800
129.550003 337.709991 35.000000 0.041300
355.769989 359.440002 175.000000 -0.156400
351.149994 317.230011 245.000000 -0.239200
90.820000 436.950012 65.000000 -0.153800
321.350006 295.559998 35.000000 1.083100
110.339996 469.959961 45.000000 0.516100
397.839996 243.309998 234.999985 0.534700
257.549988 341.380005 75.000000 -0.611100
126.960007 469.989960 85.000000 -0.469600
300.089996 259.239990 135.000000 -0.104200
136.740005 121.040001 234.999985 -0.033300
360.320007 218.240005 185.000000 0.370200
318.250000 429.989990 104.999992 -0.904000
254.429977 472.820007 245.000000 -0.663400
300.089996 259.239990 75.000000 0.196200
213.610001 335.230011 145.000000 -0.110700
190.830002 249.960022 85.000000 0.870800
298.269989 94.169998 225.000000 0.894600
21.549999 94.790001 75.000000 1.699300
273.750000 95.489998 245.000000 1.042700
351.989990 427.250000 175.000000 0.076200
321.350006 295.559998 65.000000 0.200900
485.619965 287.269989 125.000000 -0.371900
273.750000 95.489998 85.000000 0.263300
446.070007 82.370003 95.000000 0.757600
369.950012 384.730011 245.000000 -0.193200
127.139999 327.489990 245.000000 -0.079000
301.489990 273.140015 65.000000 0.284200
62.029999 312.450012 205.000000 0.630500
135.559998 23.230000 155.000000 1.210500
432.929993 319.820007 115.000000 -0.637600
356.609985 440.149963 245.000000 0.011800
474.270020 286.970001 245.000000 0.014900
157.669998 258.649994 155.000000 1.207100
254.429977 472.820007 65.000000 -0.276800
494.790039 48.910000 55.000000 0.909000
153.250000 487.290009 115.000000 -0.706800
369.950012 384.730011 55.000000 -0.052500
432.929993 319.820007 175.000000 -0.211100
326.859985 294.880005 104.999992 -0.462700
428.800018 332.540009 125.000000 -0.309400
136.740005 121.040001 165.000000 1.325600
483.099976 150.429993 205.000000 0.366500
321.350006 295.559998 225.000000 0.242900
110.339996 469.959961 25.000000 1.119400
365.730011 403.760010 175.000000 0.265100
169.940002 341.750000 165.000000 0.292800
446.070007 82.370003 145.000000 0.267600
483.099976 150.429993 35.000000 1.127700
110.449997 318.959991 45.000000 0.699900
346.649994 423.839996 205.000000 -0.236100
475.950012 28.810001 55.000000 -0.372500
362.690002 176.309998 205.000000 1.750600
483.099976 150.429993 165.000000 0.139600
428.840027 99.199997 55.000000 -0.030900
369.950012 384.730011 225.000000 0.127100
351.149994 317.230011 195.000000 -0.018700
321.350006 295.559998 125.000000 -0.689900
278.220001 309.720001 165.000000 0.209600
218.190002 427.929962 135.000000 -0.939800
125.440002 312.079987 45.000000 0.393300
110.449997 318.959991 135.000000 0.576600
351.149994 317.230011 234.999985 -0.067700
127.139999 327.489990 45.000000 0.197100
130.139999 391.570007 45.000000 -0.577000
456.659973 8.810000 35.000000 -1.076400
257.549988 341.380005 125.000000 -0.510200
18.750000 492.299988 245.000000 -0.343600
118.160011 475.640015 85.000000 -0.217500
321.350006 295.559998 155.000000 -0.577500
369.950012 384.730011 215.000015 0.105500
15.230000 487.869965 55.000000 1.161800
351.989990 427.250000 15.000001 0.546100
125.440002 312.079987 205.000000 0.744400
474.270020 286.970001 185.000000 -0.750100
446.070007 82.370003 65.000000 0.675400
126.960007 469.989960 55.000000 0.008600
39.540001 330.609985 55.000000 0.984700
397.839996 243.309998 165.000000 -0.406900
298.269989 94.169998 165.000000 0.139000
469.350006 191.869995 245.000000 0.663000
475.920013 471.420013 104.999992 -0.675800
401.970001 486.839996 95.000000 -0.820700
369.950012 384.730011 15.000001 1.049600
279.510010 102.050003 155.000000 0.369300
36.660000 376.950012 85.000000 0.818400
475.920013 471.420013 45.000000 -0.605100
401.970001 486.839996 245.000000 1.061000
494.790039 48.910000 175.000000 0.485900
301.489990 273.140015 55.000000 0.671400
18.750000 492.299988 195.000000 -0.174200
90.820000 436.950012 125.000000 -0.170000
362.690002 176.309998 225.000000 1.902100
422.380005 473.869995 225.000000 0.737800
233.159988 273.779999 104.999992 0.127300
90.820000 436.950012 75.000000 0.018600
494.790039 48.910000 245.000000 0.478700
303.149994 321.829987 195.000000 0.346300
395.619995 29.740000 115.000000 -0.619600
121.070007 192.259995 25.000000 0.896600
428.800018 332.540009 25.000000 0.423200
233.159988 273.779999 55.000000 0.665200
153.250000 487.290009 15.000001 0.764600
469.350006 191.869995 155.000000 -0.324100
164.960007 162.529999 115.000000 2.450400
453.849976 194.809998 145.000000 -0.183000
485.619965 287.269989 35.000000 0.615300
395.619995 29.740000 95.000000 -0.702300
241.470001 68.970001 245.000000 0.708000
124.059998 227.130005 185.000000 0.831500
356.609985 440.149963 35.000000 0.262800
18.750000 492.299988 35.000000 1.235700
218.190002 427.929962 185.000000 -0.440700
110.449997 318.959991 125.000000 0.531800
18.750000 492.299988 104.999992 0.108400
305.200012 98.620003 55.000000 -0.041100
265.890015 249.910004 65.000000 0.819000
82.779999 262.029999 225.000000 0.133000
369.950012 384.730011 85.000000 -0.659000
474.270020 286.970001 225.000000 -0.232200
490.339996 265.519989 75.000000 0.532700
29.600000 454.640015 225.000000 0.074900
494.790039 48.910000 85.000000 1.061700
44.119999 165.649994 125.000000 2.382400
8.950000 60.600002 145.000000 0.901500
469.350006 191.869995 35.000000 0.740500
305.200012 98.620003 135.000000 -0.064100
412.209991 59.169994 145.000000 -0.149500
313.820007 301.010010 25.000000 1.303100
401.970001 486.839996 165.000000 -0.065800
213.610001 335.230011 155.000000 -0.136100
135.559998 23.230000 195.000000 0.351200
400.339996 251.389999 125.000000 -0.732800
142.399994 474.899994 185.000000 -0.252700
313.820007 301.010010 95.000000 -0.578800
351.989990 427.250000 45.000000 -0.085400
136.740005 121.040001 155.000000 1.624200
278.220001 309.720001 234.999985 0.497300
62.029999 312.450012 195.000000 0.796200
118.160011 475.640015 65.000000 0.183500
485.619965 287.269989 185.000000 -0.636300
351.149994 317.230011 185.000000 -0.094500
149.710007 20.520000 205.000000 0.365700
355.769989 359.440002 55.000000 0.003600
412.209991 59.169994 55.000000 -0.617300
254.429977 472.820007 15.000001 1.156800
62.029999 312.450012 185.000000 0.855000
127.139999 327.489990 65.000000 -0.042300
389.589996 27.639999 195.000000 0.390900
21.549999 94.790001 225.000000 -0.233000
360.320007 218.240005 245.000000 1.384900
24.240000 60.180004 85.000000 1.506200
483.099976 150.429993 115.000000 0.745100
118.160011 475.640015 165.000000 -0.196800
126.960007 469.989960 135.000000 -0.700100
389.589996 27.639999 45.000000 -1.128900
121.070007 192.259995 45.000000 1.177700
164.960007 162.529999 104.999992 2.054801
351.989990 427.250000 115.000000 -0.591800
469.350006 191.869995 225.000000 0.743200
8.950000 60.600002 15.000001 1.440400
446.070007 82.370003 135.000000 0.398600
469.350006 191.869995 104.999992 0.632800
169.940002 341.750000 195.000000 0.616100
400.339996 251.389999 185.000000 -0.351600
451.160004 411.480011 215.000015 0.610400
446.070007 82.370003 55.000000 0.194500
346.649994 423.839996 104.999992 -0.644900
428.800018 332.540009 75.000000 -0.404000
82.779999 262.029999 35.000000 1.185700
8.950000 60.600002 65.000000 1.459500
475.920013 471.420013 225.000000 1.019400
56.240005 285.160004 185.000000 1.002200
142.399994 474.899994 234.999985 -0.105800
318.250000 429.989990 55.000000 -0.240900
56.240005 285.160004 125.000000 1.963600
118.160011 475.640015 15.000001 1.055400
265.890015 249.910004 185.000000 0.744200
14.899999 492.149963 155.000000 -0.320100
126.960007 469.989960 225.000000 -0.157900
298.269989 94.169998 35.000000 0.011400
389.589996 27.639999 245.000000 0.955100
490.339996 265.519989 125.000000 -0.320400
432.929993 319.820007 125.000000 -0.594000
130.139999 391.570007 155.000000 -0.383900
485.619965 287.269989 75.000000 0.041800
177.470001 28.440002 205.000000 0.285700
125.440002 312.079987 234.999985 0.263200
62.029999 312.450012 234.999985 0.089800
395.619995 29.740000 45.000000 -1.025800
18.750000 492.299988 45.000000 1.135900
233.159988 273.779999 135.000000 0.275200
118.160011 475.640015 234.999985 -0.297400
129.550003 337.709991 175.000000 0.663600
118.160011 475.640015 145.000000 -0.524400
155.990005 360.869995 135.000000 -0.337800
36.660000 376.950012 65.000000 0.924800
326.859985 294.880005 195.000000 0.189500
412.209991 59.169994 125.000000 -0.113200
14.899999 492.149963 35.000000 1.235700
126.960007 469.989960 45.000000 0.408700
490.339996 265.519989 155.000000 -0.655800
265.890015 249.910004 25.000000 1.401800
356.609985 440.149963 205.000000 -0.290500
126.960007 469.989960 205.000000 0.184000
129.550003 337.709991 75.000000 -0.255400
142.399994 474.899994 25.000000 0.575000
355.769989 359.440002 225.000000 0.000500
422.380005 473.869995 75.000000 -0.735500
475.950012 28.810001 234.999985 0.244400
213.610001 335.230011 104.999992 -0.586000
21.549999 94.790001 104.999992 1.877000
305.200012 98.620003 35.000000 -0.037600
75.480003 447.730011 155.000000 0.427800
378.690002 301.320007 15.000001 1.231100
356.609985 440.149963 55.000000 -0.314700
428.840027 99.199997 145.000000 0.207700
256.179993 475.419983 165.000000 -0.542200
127.139999 327.489990 155.000000 0.358400
326.859985 294.880005 25.000000 1.122300
90.820000 436.950012 195.000000 0.617300
305.200012 98.620003 175.000000 0.361800
157.669998 258.649994 175.000000 0.923500
279.510010 102.050003 104.999992 0.317800
322.970001 454.979980 225.000000 -0.489300
456.659973 8.810000 125.000000 -0.625200
44.119999 165.649994 65.000000 1.625700
241.470001 68.970001 55.000000 0.424300
305.200012 98.620003 245.000000 1.290200
475.950012 28.810001 95.000000 0.320300
24.240000 60.180004 175.000000 0.205100
278.220001 309.720001 175.000000 0.362900
78.150002 435.610016 195.000000 0.669600
318.250000 429.989990 65.000000 -0.566300
279.510010 102.050003 245.000000 1.111000
303.149994 321.829987 215.000015 0.252600
110.449997 318.959991 55.000000 0.396200
56.240005 285.160004 175.000000 1.144100
136.740005 121.040001 245.000000 -0.013300
273.750000 95.489998 35.000000 0.085700
10.750000 436.549988 45.000000 1.216500
124.059998 227.130005 25.000000 1.100400
177.470001 28.440002 135.000000 1.453400
82.779999 262.029999 55.000000 1.461200
90.820000 436.950012 15.000001 1.041100
475.950012 28.810001 15.000001 -1.021100
397.839996 243.309998 15.000001 0.629700
303.149994 321.829987 65.000000 -0.229700
395.619995 29.740000 25.000000 -1.409200
305.200012 98.620003 75.000000 -0.206200
14.899999 492.149963 135.000000 -0.212800
44.119999 165.649994 145.000000 1.820600
148.389999 16.129999 245.000000 0.250700
346.649994 423.839996 15.000001 0.613900
305.200012 98.620003 15.000001 0.020500
24.240000 60.180004 125.000000 1.271000
148.389999 16.129999 165.000000 0.774400
322.970001 454.979980 25.000000 0.361900
15.230000 487.869965 15.000001 1.400200
446.070007 82.370003 75.000000 0.592100
36.660000 376.950012 234.999985 0.143400
257.549988 341.380005 45.000000 0.363900
213.610001 335.230011 225.000000 0.442900
453.849976 194.809998 85.000000 0.784700
8.950000 60.600002 45.000000 1.543900
351.149994 317.230011 225.000000 0.220300
29.600000 454.640015 195.000000 0.132500
124.059998 227.130005 195.000000 0.555400
432.929993 319.820007 205.000000 -0.175200
449.420013 7.280000 35.000000 -1.287400
148.389999 16.129999 15.000001 -0.587500
44.119999 165.649994 185.000000 0.652700
21.549999 94.790001 115.000000 1.854800
446.070007 82.370003 185.000000 0.692700
422.380005 473.869995 65.000000 -0.716800
300.089996 259.239990 45.000000 0.936300
29.600000 454.640015 104.999992 0.615700
442.040009 436.390015 35.000000 -0.474800
298.269989 94.169998 125.000000 -0.050900
442.040009 436.390015 25.000000 -0.272700
298.269989 94.169998 234.999985 1.118700
453.849976 194.809998 195.000000 0.184500
300.089996 259.239990 85.000000 0.154500
360.170013 137.669998 65.000000 -0.247600
395.619995 29.740000 75.000000 -0.838000
78.150002 435.610016 65.000000 0.194400
351.149994 317.230011 55.000000 0.163500
256.179993 475.419983 65.000000 -0.276800
474.270020 286.970001 35.000000 0.458600
305.200012 98.620003 205.000000 0.976300
475.920013 471.420013 15.000001 -0.671200
412.209991 59.169994 45.000000 -0.653000
15.230000 487.869965 125.000000 -0.120400
356.609985 440.149963 195.000000 -0.251000
127.139999 327.489990 25.000000 0.113700
130.139999 391.570007 185.000000 0.326200
418.980042 132.100006 65.000000 0.574100
135.559998 23.230000 125.000000 1.567700
483.099976 150.429993 95.000000 1.193200
118.160011 475.640015 155.000000 -0.307300
177.470001 28.440002 35.000000 -0.092800
313.820007 301.010010 185.000000 0.224500
494.790039 48.910000 135.000000 0.532000
125.440002 312.079987 135.000000 0.517400
446.070007 82.370003 234.999985 1.559000
256.179993 475.419983 95.000000 -0.886200
321.350006 295.559998 234.999985 0.341700
118.160011 475.640015 115.000000 -0.490800
87.879997 274.649994 95.000000 1.474300
136.740005 121.040001 25.000000 0.234800
318.250000 429.989990 165.000000 -0.297400
36.660000 376.950012 205.000000 1.141300
305.200012 98.620003 195.000000 0.760900
432.929993 319.820007 245.000000 -0.002900
451.160004 411.480011 205.000000 0.655200
177.470001 28.440002 75.000000 0.909100
369.950012 384.730011 165.000000 0.253000
190.830002 249.960022 165.000000 0.983900
300.089996 259.239990 205.000000 0.712600
121.070007 192.259995 175.000000 1.074400
397.839996 243.309998 155.000000 -0.662300
321.350006 295.559998 245.000000 -0.072300
110.339996 469.959961 155.000000 -0.161500
213.610001 335.230011 195.000000 0.522000
298.269989 94.169998 205.000000 0.766500
475.950012 28.810001 155.000000 0.200100
259.609985 410.989990 245.000000 -0.480100
149.710007 20.520000 225.000000 0.142700
106.320000 324.380005 245.000000 -0.032900
233.159988 273.779999 125.000000 0.118700
326.859985 294.880005 45.000000 0.751600
273.750000 95.489998 175.000000 0.248400
422.380005 473.869995 95.000000 -0.895300
446.070007 82.370003 215.000015 1.380100
190.830002 249.960022 104.999992 0.973800
273.750000 95.489998 165.000000 0.259500
265.890015 249.910004 75.000000 0.629500
21.549999 94.790001 25.000000 1.407400
428.840027 99.199997 15.000001 -0.311500
254.429977 472.820007 165.000000 -0.542200
279.510010 102.050003 125.000000 0.386800
164.960007 162.529999 205.000000 0.694600
401.970001 486.839996 125.000000 -0.584500
87.070000 482.109985 95.000000 0.025300
395.619995 29.740000 85.000000 -0.520900
177.470001 28.440002 195.000000 0.284800
301.489990 273.140015 15.000001 1.464700
360.170013 137.669998 125.000000 -0.259900
428.840027 99.199997 125.000000 0.274000
273.750000 95.489998 25.000000 0.167100
474.270020 286.970001 215.000015 -0.335900
233.159988 273.779999 115.000000 0.214000
389.589996 27.639999 55.000000 -1.095700
362.690002 176.309998 125.000000 -0.179700
36.660000 376.950012 104.999992 1.242600
142.399994 474.899994 115.000000 -0.884100
279.510010 102.050003 65.000000 0.386900
8.950000 60.600002 104.999992 1.398200
136.740005 121.040001 15.000001 0.159300
446.070007 82.370003 104.999992 0.370400
36.660000 376.950012 95.000000 0.872100
360.320007 218.240005 35.000000 0.463600
142.399994 474.899994 245.000000 -0.162100
451.160004 411.480011 75.000000 -0.710400
90.820000 436.950012 135.000000 -0.091900
18.750000 492.299988 175.000000 -0.245100
494.790039 48.910000 75.000000 1.232400
129.550003 337.709991 115.000000 0.258100
360.170013 137.669998 175.000000 0.706300
62.029999 312.450012 35.000000 0.868300
303.149994 321.829987 175.000000 -0.037600
483.099976 150.429993 195.000000 0.335700
126.960007 469.989960 95.000000 -0.549600
75.480003 447.730011 245.000000 -0.102500
110.449997 318.959991 75.000000 0.341700
475.920013 471.420013 195.000000 0.228700
474.270020 286.970001 45.000000 0.432400
14.899999 492.149963 185.000000 -0.186900
149.710007 20.520000 65.000000 0.643400
322.970001 454.979980 65.000000 -0.498300
130.139999 391.570007 205.000000 0.439900
124.059998 227.130005 175.000000 0.977500
149.710007 20.520000 45.000000 0.129500
400.339996 251.389999 104.999992 -0.700600
18.750000 492.299988 205.000000 -0.305200
124.059998 227.130005 55.000000 1.502500
153.250000 487.290009 45.000000 0.504200
422.380005 473.869995 234.999985 0.974600
126.960007 469.989960 15.000001 0.716800
351.149994 317.230011 25.000000 1.085000
157.669998 258.649994 145.000000 0.977700
303.149994 321.829987 75.000000 -0.336300
321.350006 295.559998 45.000000 0.751600
254.429977 472.820007 75.000000 -0.490800
474.270020 286.970001 165.000000 -0.576800
360.170013 137.669998 225.000000 2.016500
118.160011 475.640015 104.999992 -0.579800
8.950000 60.600002 85.000000 1.650700
412.209991 59.169994 205.000000 0.887400
121.070007 192.259995 65.000000 1.640200
298.269989 94.169998 115.000000 -0.185600
24.240000 60.180004 55.000000 1.411800
483.099976 150.429993 75.000000 1.530200
24.240000 60.180004 75.000000 1.369400
453.849976 194.809998 155.000000 -0.096800
475.920013 471.420013 125.000000 -0.506600
259.609985 410.989990 104.999992 -0.958700
29.600000 454.640015 45.000000 1.162000
130.139999 391.570007 95.000000 -0.901900
265.890015 249.910004 155.000000 0.447900
130.139999 391.570007 225.000000 0.391300
87.070000 482.109985 225.000000 -0.190300
148.389999 16.129999 75.000000 1.065600
87.070000 482.109985 205.000000 -0.004700
190.830002 249.960022 75.000000 0.885600
360.170013 137.669998 215.000015 1.747400
78.150002 435.610016 185.000000 0.566700
75.480003 447.730011 25.000000 1.164300
10.750000 436.549988 65.000000 0.894100
456.659973 8.810000 55.000000 -0.740500
125.440002 312.079987 104.999992 0.558400
351.989990 427.250000 85.000000 -0.665300
259.609985 410.989990 125.000000 -0.988500
233.159988 273.779999 234.999985 0.727800
15.230000 487.869965 65.000000 0.738500
346.649994 423.839996 35.000000 0.259700
82.779999 262.029999 145.000000 1.680700
303.149994 321.829987 45.000000 0.617000
121.070007 192.259995 145.000000 1.864500
351.989990 427.250000 234.999985 -0.066700
494.790039 48.910000 95.000000 0.871700
10.750000 436.549988 234.999985 0.099900
24.240000 60.180004 95.000000 1.709300
449.420013 7.280000 205.000000 0.261100
24.240000 60.180004 155.000000 0.692700
259.609985 410.989990 225.000000 -0.489100
451.160004 411.480011 165.000000 0.611700
369.950012 384.730011 155.000000 0.109000
110.449997 318.959991 115.000000 0.741700
39.540001 330.609985 115.000000 1.910500
449.420013 7.280000 104.999992 -0.279300
378.690002 301.320007 225.000000 -0.011200
15.230000 487.869965 35.000000 1.096700
351.149994 317.230011 125.000000 -1.070500
446.070007 82.370003 245.000000 1.516800
397.839996 243.309998 205.000000 0.370400
365.730011 403.760010 155.000000 0.283100
395.619995 29.740000 35.000000 -1.410700
355.769989 359.440002 155.000000 -0.629400
106.320000 324.380005 125.000000 0.628400
18.750000 492.299988 225.000000 -0.185100
257.549988 341.380005 55.000000 0.078400
148.389999 16.129999 85.000000 1.456400
106.320000 324.380005 85.000000 0.397500
15.230000 487.869965 45.000000 1.023300
259.609985 410.989990 205.000000 -0.577100
87.879997 274.649994 165.000000 1.219800
126.960007 469.989960 215.000015 0.004500
389.589996 27.639999 175.000000 -0.030100
298.269989 94.169998 55.000000 -0.045100
18.750000 492.299988 55.000000 0.858200
301.489990 273.140015 145.000000 -0.468800
483.099976 150.429993 155.000000 0.099100
164.960007 162.529999 175.000000 1.303100
10.750000 436.549988 215.000015 0.578600
124.059998 227.130005 135.000000 2.040000
322.970001 454.979980 145.000000 -0.373700
428.840027 99.199997 115.000000 0.213200
318.250000 429.989990 225.000000 -0.381200
110.339996 469.959961 175.000000 -0.094200
300.089996 259.239990 104.999992 0.055300
241.470001 68.970001 65.000000 0.698100
428.840027 99.199997 225.000000 1.646700
265.890015 249.910004 195.000000 0.870500
218.190002 427.929962 195.000000 -0.215100
44.119999 165.649994 175.000000 1.069400
87.070000 482.109985 145.000000 -0.342300
15.230000 487.869965 245.000000 -0.540900
164.960007 162.529999 245.000000 -0.082700
432.929993 319.820007 65.000000 -0.089000
395.619995 29.740000 185.000000 0.077100
87.879997 274.649994 135.000000 1.643400
265.890015 249.910004 85.000000 0.200500
169.940002 341.750000 225.000000 0.532200
351.989990 427.250000 25.000000 0.520400
360.170013 137.669998 35.000000 0.091000
10.750000 436.549988 75.000000 0.838000
130.139999 391.570007 65.000000 -1.066400
365.730011 403.760010 104.999992 -0.738600
121.070007 192.259995 55.000000 1.540400
136.740005 121.040001 65.000000 1.367400
82.779999 262.029999 125.000000 1.896600
365.730011 403.760010 15.000001 0.779900
298.269989 94.169998 45.000000 -0.014100
322.970001 454.979980 175.000000 -0.640600
326.859985 294.880005 115.000000 -0.770300
360.320007 218.240005 85.000000 -0.164100
469.350006 191.869995 165.000000 -0.265900
428.840027 99.199997 45.000000 -0.018600
62.029999 312.450012 245.000000 -0.116500
125.440002 312.079987 195.000000 0.843100
360.320007 218.240005 165.000000 0.047700
127.139999 327.489990 95.000000 0.335400
355.769989 359.440002 115.000000 -0.869400
149.710007 20.520000 115.000000 1.738800
259.609985 410.989990 15.000001 1.172000
62.029999 312.450012 85.000000 1.127600
395.619995 29.740000 225.000000 0.568400
24.240000 60.180004 185.000000 0.101600
257.549988 341.380005 95.000000 -0.700700
483.099976 150.429993 85.000000 1.395100
490.339996 265.519989 175.000000 -0.680400
157.669998 258.649994 25.000000 0.948500
453.849976 194.809998 165.000000 -0.262300
360.320007 218.240005 115.000000 -0.464700
322.970001 454.979980 75.000000 -0.839300
259.609985 410.989990 185.000000 -0.445100
110.449997 318.959991 205.000000 0.592000
485.619965 287.269989 45.000000 0.314000
494.790039 48.910000 205.000000 0.476700
360.170013 137.669998 95.000000 -0.370500
494.790039 48.910000 155.000000 0.336200
432.929993 319.820007 234.999985 -0.046900
355.769989 359.440002 205.000000 0.052600
125.440002 312.079987 25.000000 0.379200
356.609985 440.149963 175.000000 -0.155100
475.950012 28.810001 85.000000 0.767500
110.449997 318.959991 185.000000 0.888200
300.089996 259.239990 15.000001 1.677000
356.609985 440.149963 145.000000 0.044800
326.859985 294.880005 125.000000 -0.689900
412.209991 59.169994 155.000000 0.053500
110.449997 318.959991 15.000001 0.267000
110.339996 469.959961 225.000000 -0.168300
75.480003 447.730011 85.000000 0.029300
56.240005 285.160004 55.000000 1.223200
78.150002 435.610016 155.000000 0.452200
356.609985 440.149963 165.000000 0.091700
149.710007 20.520000 234.999985 -0.069600
412.209991 59.169994 25.000000 -0.869300
412.209991 59.169994 35.000000 -0.668200
18.750000 492.299988 85.000000 0.263100
118.160011 475.640015 205.000000 -0.190900
321.350006 295.559998 205.000000 0.106300
256.179993 475.419983 85.000000 -0.755500
62.029999 312.450012 165.000000 1.220000
155.990005 360.869995 205.000000 0.527100
106.320000 324.380005 104.999992 0.536500
39.540001 330.609985 95.000000 1.494300
483.099976 150.429993 104.999992 1.031300
82.779999 262.029999 15.000001 0.562900
18.750000 492.299988 125.000000 -0.157100
298.269989 94.169998 195.000000 0.566600
422.380005 473.869995 135.000000 -0.126700
135.559998 23.230000 205.000000 0.104800
62.029999 312.450012 15.000001 0.446700
318.250000 429.989990 45.000000 0.277000
164.960007 162.529999 125.000000 2.202200
148.389999 16.129999 234.999985 0.028600
362.690002 176.309998 15.000001 0.411600
451.160004 411.480011 35.000000 -0.637400
155.990005 360.869995 225.000000 0.390500
39.540001 330.609985 195.000000 0.899100
412.209991 59.169994 115.000000 -0.288200
355.769989 359.440002 65.000000 -0.177400
395.619995 29.740000 125.000000 -0.684800
8.950000 60.600002 135.000000 1.122600
313.820007 301.010010 165.000000 -0.383500
273.750000 95.489998 185.000000 0.418500
273.750000 95.489998 65.000000 0.176600
300.089996 259.239990 185.000000 0.532500
87.879997 274.649994 55.000000 1.201700
257.549988 341.380005 165.000000 0.238100
256.179993 475.419983 145.000000 -0.711300
428.800018 332.540009 135.000000 -0.215900
356.609985 440.149963 85.000000 -0.805400
418.980042 132.100006 165.000000 0.485300
305.200012 98.620003 155.000000 0.124300
36.660000 376.950012 165.000000 1.590600
278.220001 309.720001 75.000000 0.150400
469.350006 191.869995 75.000000 1.217100
401.970001 486.839996 35.000000 -0.420000
155.990005 360.869995 25.000000 -0.070600
365.730011 403.760010 55.000000 -0.231700
453.849976 194.809998 35.000000 0.841900
313.820007 301.010010 155.000000 -0.458400
87.070000 482.109985 45.000000 0.973400
279.510010 102.050003 15.000001 0.035200
351.989990 427.250000 35.000000 0.287200
254.429977 472.820007 145.000000 -0.711300
157.669998 258.649994 95.000000 1.209900
313.820007 301.010010 135.000000 -0.814400
453.849976 194.809998 25.000000 0.834100
110.449997 318.959991 104.999992 0.434200
362.690002 176.309998 175.000000 0.739100
136.740005 121.040001 195.000000 0.567400
29.600000 454.640015 185.000000 0.485700
318.250000 429.989990 234.999985 -0.461800
483.099976 150.429993 135.000000 0.685200
233.159988 273.779999 155.000000 0.507400
456.659973 8.810000 85.000000 -0.036100
256.179993 475.419983 195.000000 -0.614800
136.740005 121.040001 95.000000 2.077200
29.600000 454.640015 25.000000 1.454300
213.610001 335.230011 234.999985 0.525400
124.059998 227.130005 245.000000 -0.264400
360.320007 218.240005 104.999992 -0.208000
346.649994 423.839996 245.000000 -0.175200
142.399994 474.899994 95.000000 -0.679300
265.890015 249.910004 205.000000 0.945200
36.660000 376.950012 145.000000 1.605500
265.890015 249.910004 145.000000 0.403900
149.710007 20.520000 185.000000 0.684500
110.339996 469.959961 104.999992 -0.806000
87.070000 482.109985 195.000000 -0.023700
278.220001 309.720001 205.000000 0.685300
177.470001 28.440002 155.000000 0.890800
305.200012 98.620003 185.000000 0.228700
485.619965 287.269989 165.000000 -0.750000
273.750000 95.489998 55.000000 0.338000
300.089996 259.239990 155.000000 -0.081900
490.339996 265.519989 35.000000 0.384000
90.820000 436.950012 115.000000 -0.105000
87.879997 274.649994 115.000000 1.722700
118.160011 475.640015 125.000000 -0.581500
422.380005 473.869995 104.999992 -0.812800
369.950012 384.730011 195.000000 0.208000
474.270020 286.970001 234.999985 -0.136400
298.269989 94.169998 175.000000 0.396700
298.269989 94.169998 215.000015 0.941000
62.029999 312.450012 175.000000 1.053500
356.609985 440.149963 104.999992 -0.610700
428.800018 332.540009 65.000000 -0.181600
29.600000 454.640015 125.000000 0.447600
298.269989 94.169998 185.000000 0.404200
177.470001 28.440002 125.000000 1.447900
322.970001 454.979980 35.000000 0.257200
428.840027 99.199997 85.000000 0.346900
278.220001 309.720001 15.000001 1.855200
149.710007 20.520000 165.000000 0.765600
395.619995 29.740000 245.000000 0.777600
125.440002 312.079987 85.000000 0.231100
169.940002 341.750000 175.000000 0.450300
401.970001 486.839996 85.000000 -0.921700
451.160004 411.480011 135.000000 0.225500
125.440002 312.079987 95.000000 0.410000
313.820007 301.010010 215.000015 0.239500
256.179993 475.419983 215.000015 -0.863300
360.170013 137.669998 234.999985 2.078700
369.950012 384.730011 145.000000 -0.283200
130.139999 391.570007 115.000000 -0.590800
369.950012 384.730011 234.999985 0.045800
397.839996 243.309998 85.000000 -0.290700
21.549999 94.790001 125.000000 1.456600
21.549999 94.790001 185.000000 -0.038800
169.940002 341.750000 45.000000 -0.252200
322.970001 454.979980 234.999985 -0.272000
82.779999 262.029999 45.000000 1.423000
256.179993 475.419983 175.000000 -0.621300
256.179993 475.419983 245.000000 -0.663400
428.800018 332.540009 175.000000 -0.247000
326.859985 294.880005 75.000000 -0.246900
273.750000 95.489998 225.000000 0.808500
56.240005 285.160004 165.000000 1.399900
313.820007 301.010010 125.000000 -0.721900
254.429977 472.820007 95.000000 -0.886200
110.449997 318.959991 145.000000 0.594100
355.769989 359.440002 165.000000 -0.121700
303.149994 321.829987 115.000000 -0.860200
15.230000 487.869965 135.000000 -0.202600
44.119999 165.649994 35.000000 1.262000
14.899999 492.149963 225.000000 -0.185100
278.220001 309.720001 245.000000 0.414400
259.609985 410.989990 45.000000 0.244300
18.750000 492.299988 115.000000 -0.113100
121.070007 192.259995 155.000000 1.705500
157.669998 258.649994 85.000000 1.213700
8.950000 60.600002 75.000000 1.405900
24.240000 60.180004 215.000015 -0.173600
155.990005 360.869995 75.000000 -0.921200
395.619995 29.740000 234.999985 0.657300
485.619965 287.269989 115.000000 -0.252500
125.440002 312.079987 175.000000 0.690900
475.950012 28.810001 65.000000 0.350200
56.240005 285.160004 115.000000 2.052200
78.150002 435.610016 175.000000 0.597100
36.660000 376.950012 45.000000 0.772500
10.750000 436.549988 165.000000 0.909900
126.960007 469.989960 115.000000 -0.764300
265.890015 249.910004 35.000000 1.260800
446.070007 82.370003 155.000000 0.322000
360.170013 137.669998 85.000000 -0.264200
15.230000 487.869965 175.000000 -0.146500
351.989990 427.250000 145.000000 0.023300
456.659973 8.810000 175.000000 0.148500
18.750000 492.299988 234.999985 -0.534900
256.179993 475.419983 115.000000 -1.005500
389.589996 27.639999 115.000000 -0.719200
303.149994 321.829987 205.000000 0.426200
135.559998 23.230000 104.999992 1.716200
177.470001 28.440002 115.000000 1.507800
135.559998 23.230000 185.000000 0.559700
125.440002 312.079987 165.000000 0.695100
446.070007 82.370003 125.000000 0.429900
360.320007 218.240005 15.000001 0.629500
412.209991 59.169994 215.000015 1.151700
322.970001 454.979980 195.000000 -0.431700
254.429977 472.820007 185.000000 -0.652400
136.740005 121.040001 35.000000 0.538200
87.070000 482.109985 234.999985 -0.233800
118.160011 475.640015 55.000000 0.402800
485.619965 287.269989 234.999985 -0.081000
389.589996 27.639999 65.000000 -0.885800
87.879997 274.649994 225.000000 -0.005600
360.170013 137.669998 145.000000 0.063700
155.990005 360.869995 35.000000 -0.308700
87.070000 482.109985 135.000000 -0.370800
453.849976 194.809998 175.000000 0.006800
360.320007 218.240005 195.000000 0.481600
44.119999 165.649994 85.000000 2.173200
82.779999 262.029999 135.000000 1.745000
469.350006 191.869995 185.000000 0.064100
278.220001 309.720001 215.000015 0.740800
190.830002 249.960022 45.000000 0.920600
318.250000 429.989990 145.000000 -0.552700
301.489990 273.140015 165.000000 -0.245200
233.159988 273.779999 215.000015 0.671500
155.990005 360.869995 15.000001 0.251700
475.920013 471.420013 85.000000 -0.940800
36.660000 376.950012 195.000000 1.338600
125.440002 312.079987 215.000015 0.380300
401.970001 486.839996 104.999992 -0.889600
279.510010 102.050003 45.000000 0.482100
10.750000 436.549988 245.000000 -0.274400
39.540001 330.609985 205.000000 1.011300
14.899999 492.149963 175.000000 -0.245100
494.790039 48.910000 65.000000 1.021600
213.610001 335.230011 35.000000 0.458000
256.179993 475.419983 104.999992 -1.124100
21.549999 94.790001 15.000001 1.230700
397.839996 243.309998 25.000000 0.386100
446.070007 82.370003 85.000000 0.656800
