pygeostat_saved_data
4
X
Y
Z
value
485.619965 287.269989 165.000000 -0.750000
278.220001 309.720001 135.000000 -0.454800
278.220001 309.720001 15.000001 1.855200
130.139999 391.570007 15.000001 0.058600
24.240000 60.180004 234.999985 -0.222200
313.820007 301.010010 245.000000 -0.158700
278.220001 309.720001 175.000000 0.362900
400.339996 251.389999 234.999985 0.233800
24.240000 60.180004 175.000000 0.205100
428.800018 332.540009 55.000000 0.051800
36.660000 376.950012 25.000000 0.845400
490.339996 265.519989 55.000000 0.500800
213.610001 335.230011 234.999985 0.525400
10.750000 436.549988 165.000000 0.909900
177.470001 28.440002 195.000000 0.284800
278.220001 309.720001 45.000000 0.678500
362.690002 176.309998 195.000000 1.374600
106.320000 324.380005 185.000000 0.828100
400.339996 251.389999 35.000000 0.416200
322.970001 454.979980 234.999985 -0.272000
469.350006 191.869995 215.000015 0.443200
278.220001 309.720001 95.000000 -0.229900
360.320007 218.240005 135.000000 -0.393800
360.320007 218.240005 155.000000 -0.101100
265.890015 249.910004 85.000000 0.200500
177.470001 28.440002 115.000000 1.507800
346.649994 423.839996 205.000000 -0.236100
321.350006 295.559998 145.000000 -0.598800
469.350006 191.869995 65.000000 1.260500
395.619995 29.740000 135.000000 -0.565300
428.800018 332.540009 35.000000 0.263300
259.609985 410.989990 55.000000 -0.368800
278.220001 309.720001 195.000000 0.589800
313.820007 301.010010 35.000000 0.808700
130.139999 391.570007 55.000000 -0.780200
360.320007 218.240005 95.000000 -0.327600
10.750000 436.549988 215.000015 0.578600
87.070000 482.109985 195.000000 -0.023700
36.660000 376.950012 215.000015 0.770700
494.790039 48.910000 205.000000 0.476700
397.839996 243.309998 155.000000 -0.662300
36.660000 376.950012 45.000000 0.772500
155.990005 360.869995 45.000000 -0.236900
490.339996 265.519989 15.000001 0.414200
346.649994 423.839996 145.000000 -0.286000
155.990005 360.869995 175.000000 0.246900
449.420013 7.280000 145.000000 -0.133200
397.839996 243.309998 205.000000 0.370400
360.320007 218.240005 145.000000 -0.297800
442.040009 436.390015 85.000000 -0.716600
449.420013 7.280000 234.999985 0.442500
351.149994 317.230011 185.000000 -0.094500
10.750000 436.549988 65.000000 0.894100
490.339996 265.519989 155.000000 -0.655800
130.139999 391.570007 65.000000 -1.066400
449.420013 7.280000 65.000000 -0.352100
36.660000 376.950012 185.000000 1.284900
494.790039 48.910000 125.000000 0.571100
326.859985 294.880005 145.000000 -0.598800
125.440002 312.079987 215.000015 0.380300
213.610001 335.230011 145.000000 -0.110700
125.440002 312.079987 85.000000 0.231100
106.320000 324.380005 165.000000 0.888400
485.619965 287.269989 95.000000 0.024500
24.240000 60.180004 225.000000 -0.379900
321.350006 295.559998 95.000000 -0.698900
326.859985 294.880005 104.999992 -0.462700
322.970001 454.979980 175.000000 -0.640600
428.800018 332.540009 45.000000 0.131400
395.619995 29.740000 25.000000 -1.409200
155.990005 360.869995 155.000000 -0.267300
322.970001 454.979980 25.000000 0.361900
442.040009 436.390015 145.000000 0.187200
321.350006 295.559998 155.000000 -0.577500
442.040009 436.390015 35.000000 -0.474800
259.609985 410.989990 65.000000 -0.315500
155.990005 360.869995 225.000000 0.390500
318.250000 429.989990 215.000015 -0.712500
125.440002 312.079987 104.999992 0.558400
257.549988 341.380005 185.000000 0.367200
24.240000 60.180004 125.000000 1.271000
494.790039 48.910000 234.999985 0.370600
155.990005 360.869995 104.999992 -1.002700
10.750000 436.549988 185.000000 0.619100
318.250000 429.989990 95.000000 -0.888000
265.890015 249.910004 104.999992 0.287200
106.320000 324.380005 234.999985 0.215700
125.440002 312.079987 195.000000 0.843100
449.420013 7.280000 175.000000 0.122800
265.890015 249.910004 215.000015 0.833900
10.750000 436.549988 135.000000 0.901900
257.549988 341.380005 135.000000 -0.425000
395.619995 29.740000 35.000000 -1.410700
177.470001 28.440002 15.000001 -0.466200
485.619965 287.269989 115.000000 -0.252500
442.040009 436.390015 95.000000 -0.562700
155.990005 360.869995 55.000000 -0.661600
164.960007 162.529999 15.000001 0.688500
130.139999 391.570007 175.000000 0.121800
125.440002 312.079987 25.000000 0.379200
36.660000 376.950012 65.000000 0.924800
321.350006 295.559998 25.000000 1.122300
494.790039 48.910000 135.000000 0.532000
177.470001 28.440002 165.000000 0.789300
90.820000 436.950012 195.000000 0.617300
321.350006 295.559998 15.000001 1.466300
155.990005 360.869995 234.999985 0.399700
346.649994 423.839996 25.000000 0.587500
87.070000 482.109985 25.000000 1.275500
395.619995 29.740000 234.999985 0.657300
395.619995 29.740000 85.000000 -0.520900
494.790039 48.910000 185.000000 0.534900
177.470001 28.440002 205.000000 0.285700
164.960007 162.529999 65.000000 1.147200
313.820007 301.010010 45.000000 0.612600
303.149994 321.829987 175.000000 -0.037600
278.220001 309.720001 55.000000 0.306600
259.609985 410.989990 115.000000 -1.075800
428.800018 332.540009 104.999992 -0.383700
428.800018 332.540009 85.000000 -0.467200
449.420013 7.280000 185.000000 0.376500
10.750000 436.549988 175.000000 0.776800
326.859985 294.880005 205.000000 0.106300
90.820000 436.950012 95.000000 -0.237400
360.320007 218.240005 195.000000 0.481600
125.440002 312.079987 75.000000 0.187500
395.619995 29.740000 95.000000 -0.702300
321.350006 295.559998 65.000000 0.200900
449.420013 7.280000 165.000000 0.216400
110.449997 318.959991 35.000000 0.386700
318.250000 429.989990 225.000000 -0.381200
351.149994 317.230011 234.999985 -0.067700
428.800018 332.540009 195.000000 -0.135100
298.269989 94.169998 25.000000 -0.012000
303.149994 321.829987 195.000000 0.346300
346.649994 423.839996 155.000000 -0.051400
87.070000 482.109985 234.999985 -0.233800
318.250000 429.989990 165.000000 -0.297400
400.339996 251.389999 195.000000 -0.052700
395.619995 29.740000 155.000000 -0.458000
451.160004 411.480011 155.000000 0.558900
298.269989 94.169998 75.000000 -0.112400
395.619995 29.740000 65.000000 -0.895200
451.160004 411.480011 125.000000 0.000100
259.609985 410.989990 104.999992 -0.958700
318.250000 429.989990 145.000000 -0.552700
125.440002 312.079987 145.000000 0.584100
362.690002 176.309998 215.000015 1.621300
397.839996 243.309998 115.000000 -0.758200
395.619995 29.740000 45.000000 -1.025800
326.859985 294.880005 195.000000 0.189500
449.420013 7.280000 75.000000 -0.508900
326.859985 294.880005 185.000000 0.269600
346.649994 423.839996 195.000000 -0.210900
346.649994 423.839996 55.000000 -0.145200
153.250000 487.290009 104.999992 -0.948700
257.549988 341.380005 95.000000 -0.700700
322.970001 454.979980 75.000000 -0.839300
451.160004 411.480011 225.000000 0.993200
321.350006 295.559998 195.000000 0.189500
313.820007 301.010010 75.000000 -0.144600
164.960007 162.529999 175.000000 1.303100
90.820000 436.950012 35.000000 0.713600
395.619995 29.740000 195.000000 0.331600
90.820000 436.950012 245.000000 0.022600
110.449997 318.959991 85.000000 0.578800
360.320007 218.240005 104.999992 -0.208000
397.839996 243.309998 45.000000 0.182800
321.350006 295.559998 215.000015 0.207900
351.149994 317.230011 125.000000 -1.070500
449.420013 7.280000 25.000000 -1.238500
449.420013 7.280000 215.000015 0.157200
400.339996 251.389999 75.000000 0.082200
395.619995 29.740000 115.000000 -0.619600
298.269989 94.169998 225.000000 0.894600
485.619965 287.269989 155.000000 -0.826800
110.449997 318.959991 135.000000 0.576600
153.250000 487.290009 65.000000 0.036400
153.250000 487.290009 85.000000 -0.601100
10.750000 436.549988 95.000000 0.696100
313.820007 301.010010 145.000000 -0.744500
106.320000 324.380005 225.000000 0.369800
303.149994 321.829987 25.000000 1.332900
451.160004 411.480011 195.000000 0.727800
449.420013 7.280000 135.000000 -0.249000
303.149994 321.829987 115.000000 -0.860200
106.320000 324.380005 125.000000 0.628400
303.149994 321.829987 155.000000 -0.462700
125.440002 312.079987 125.000000 0.484400
90.820000 436.950012 225.000000 0.448500
164.960007 162.529999 234.999985 -0.056600
298.269989 94.169998 205.000000 0.766500
449.420013 7.280000 155.000000 -0.275500
24.240000 60.180004 145.000000 0.776800
322.970001 454.979980 245.000000 -0.168000
494.790039 48.910000 85.000000 1.061700
24.240000 60.180004 135.000000 1.237300
397.839996 243.309998 65.000000 0.075400
125.440002 312.079987 225.000000 0.562200
490.339996 265.519989 185.000000 -0.688500
318.250000 429.989990 135.000000 -0.636400
449.420013 7.280000 85.000000 -0.148500
24.240000 60.180004 205.000000 -0.200300
490.339996 265.519989 205.000000 -0.415500
360.320007 218.240005 45.000000 0.169200
298.269989 94.169998 234.999985 1.118700
303.149994 321.829987 215.000015 0.252600
153.250000 487.290009 25.000000 0.675600
164.960007 162.529999 125.000000 2.202200
313.820007 301.010010 95.000000 -0.578800
257.549988 341.380005 115.000000 -0.721100
130.139999 391.570007 245.000000 0.146800
346.649994 423.839996 135.000000 -0.467100
164.960007 162.529999 115.000000 2.450400
87.070000 482.109985 75.000000 0.192600
125.440002 312.079987 55.000000 0.339100
10.750000 436.549988 55.000000 1.064200
362.690002 176.309998 135.000000 -0.133400
395.619995 29.740000 15.000001 -1.320600
326.859985 294.880005 155.000000 -0.577500
155.990005 360.869995 95.000000 -0.990600
360.320007 218.240005 205.000000 0.906600
485.619965 287.269989 75.000000 0.041800
110.449997 318.959991 45.000000 0.699900
153.250000 487.290009 185.000000 -0.343900
303.149994 321.829987 135.000000 -0.723700
485.619965 287.269989 25.000000 0.279400
87.070000 482.109985 35.000000 1.139200
326.859985 294.880005 65.000000 0.200900
298.269989 94.169998 45.000000 -0.014100
90.820000 436.950012 85.000000 -0.349500
125.440002 312.079987 65.000000 0.236500
259.609985 410.989990 245.000000 -0.480100
257.549988 341.380005 35.000000 0.712600
318.250000 429.989990 125.000000 -0.760800
485.619965 287.269989 245.000000 -0.193900
257.549988 341.380005 85.000000 -0.579000
397.839996 243.309998 225.000000 0.614200
346.649994 423.839996 115.000000 -0.915800
313.820007 301.010010 15.000001 1.647800
36.660000 376.950012 115.000000 1.424000
395.619995 29.740000 125.000000 -0.684800
451.160004 411.480011 175.000000 0.648000
87.070000 482.109985 245.000000 -0.239200
278.220001 309.720001 165.000000 0.209600
346.649994 423.839996 185.000000 -0.153800
153.250000 487.290009 135.000000 -0.698800
469.350006 191.869995 155.000000 -0.324100
125.440002 312.079987 185.000000 0.804000
451.160004 411.480011 234.999985 1.118500
346.649994 423.839996 35.000000 0.259700
351.149994 317.230011 165.000000 -0.496500
313.820007 301.010010 125.000000 -0.721900
326.859985 294.880005 234.999985 0.341700
153.250000 487.290009 205.000000 -0.517200
469.350006 191.869995 135.000000 -0.293800
87.070000 482.109985 185.000000 -0.083500
322.970001 454.979980 135.000000 -0.408800
259.609985 410.989990 234.999985 -0.531100
346.649994 423.839996 234.999985 -0.037300
490.339996 265.519989 195.000000 -0.771800
322.970001 454.979980 45.000000 -0.078700
298.269989 94.169998 125.000000 -0.050900
164.960007 162.529999 145.000000 2.295800
442.040009 436.390015 115.000000 -0.205400
395.619995 29.740000 165.000000 -0.064300
322.970001 454.979980 104.999992 -0.777700
130.139999 391.570007 35.000000 -0.164800
451.160004 411.480011 205.000000 0.655200
24.240000 60.180004 65.000000 1.231900
90.820000 436.950012 115.000000 -0.105000
400.339996 251.389999 15.000001 0.494100
318.250000 429.989990 185.000000 -0.292400
400.339996 251.389999 25.000000 0.408300
362.690002 176.309998 95.000000 -0.031300
451.160004 411.480011 95.000000 -0.504600
164.960007 162.529999 185.000000 1.154500
485.619965 287.269989 145.000000 -0.766700
303.149994 321.829987 234.999985 -0.005900
428.800018 332.540009 95.000000 -0.441600
346.649994 423.839996 215.000015 -0.212100
257.549988 341.380005 225.000000 0.388100
130.139999 391.570007 234.999985 0.416000
106.320000 324.380005 155.000000 0.672600
322.970001 454.979980 205.000000 -0.617600
313.820007 301.010010 25.000000 1.303100
10.750000 436.549988 45.000000 1.216500
494.790039 48.910000 95.000000 0.871700
494.790039 48.910000 145.000000 0.434800
428.800018 332.540009 205.000000 -0.093600
257.549988 341.380005 234.999985 0.228500
397.839996 243.309998 35.000000 0.287200
213.610001 335.230011 125.000000 -0.341200
494.790039 48.910000 104.999992 1.071400
490.339996 265.519989 115.000000 -0.321700
362.690002 176.309998 165.000000 0.548100
130.139999 391.570007 155.000000 -0.383900
346.649994 423.839996 125.000000 -0.662600
36.660000 376.950012 104.999992 1.242600
362.690002 176.309998 104.999992 -0.328900
278.220001 309.720001 205.000000 0.685300
362.690002 176.309998 75.000000 -0.062300
259.609985 410.989990 145.000000 -0.338500
362.690002 176.309998 25.000000 0.357300
265.890015 249.910004 165.000000 0.455900
110.449997 318.959991 115.000000 0.741700
213.610001 335.230011 195.000000 0.522000
400.339996 251.389999 45.000000 0.238100
318.250000 429.989990 245.000000 -0.560100
360.320007 218.240005 165.000000 0.047700
318.250000 429.989990 195.000000 -0.407900
110.449997 318.959991 15.000001 0.267000
326.859985 294.880005 245.000000 -0.072300
449.420013 7.280000 15.000001 -1.742400
485.619965 287.269989 205.000000 -0.505700
360.320007 218.240005 75.000000 -0.108300
153.250000 487.290009 175.000000 -0.683100
177.470001 28.440002 215.000015 0.173300
130.139999 391.570007 215.000015 0.430100
395.619995 29.740000 104.999992 -0.724800
362.690002 176.309998 15.000001 0.411600
87.070000 482.109985 65.000000 0.572600
351.149994 317.230011 195.000000 -0.018700
213.610001 335.230011 65.000000 -0.352300
110.449997 318.959991 95.000000 0.522100
322.970001 454.979980 225.000000 -0.489300
10.750000 436.549988 245.000000 -0.274400
303.149994 321.829987 15.000001 1.740500
490.339996 265.519989 45.000000 0.577400
153.250000 487.290009 95.000000 -0.581800
125.440002 312.079987 45.000000 0.393300
177.470001 28.440002 225.000000 0.249000
442.040009 436.390015 225.000000 0.867200
494.790039 48.910000 15.000001 -0.522300
257.549988 341.380005 65.000000 -0.237900
451.160004 411.480011 185.000000 0.405900
177.470001 28.440002 25.000000 -0.336500
395.619995 29.740000 215.000015 0.603800
213.610001 335.230011 215.000015 0.779700
10.750000 436.549988 85.000000 0.682500
490.339996 265.519989 234.999985 -0.195600
400.339996 251.389999 185.000000 -0.351600
397.839996 243.309998 55.000000 0.398400
397.839996 243.309998 25.000000 0.386100
153.250000 487.290009 55.000000 0.335800
469.350006 191.869995 205.000000 0.428900
155.990005 360.869995 65.000000 -0.810200
36.660000 376.950012 175.000000 1.373500
130.139999 391.570007 225.000000 0.391300
265.890015 249.910004 75.000000 0.629500
110.449997 318.959991 245.000000 -0.063000
490.339996 265.519989 245.000000 0.003900
351.149994 317.230011 35.000000 0.777500
397.839996 243.309998 165.000000 -0.406900
257.549988 341.380005 145.000000 -0.319700
303.149994 321.829987 85.000000 -0.415100
346.649994 423.839996 15.000001 0.613900
110.449997 318.959991 185.000000 0.888200
298.269989 94.169998 55.000000 -0.045100
442.040009 436.390015 65.000000 -0.689700
90.820000 436.950012 215.000015 0.457300
125.440002 312.079987 15.000001 0.188700
177.470001 28.440002 185.000000 0.510100
469.350006 191.869995 175.000000 -0.056900
322.970001 454.979980 65.000000 -0.498300
130.139999 391.570007 45.000000 -0.577000
164.960007 162.529999 135.000000 2.176800
321.350006 295.559998 55.000000 0.471200
265.890015 249.910004 55.000000 1.051600
257.549988 341.380005 15.000001 1.501600
321.350006 295.559998 85.000000 -0.311500
469.350006 191.869995 104.999992 0.632800
177.470001 28.440002 65.000000 0.709900
24.240000 60.180004 45.000000 1.343500
87.070000 482.109985 15.000001 1.245400
397.839996 243.309998 185.000000 -0.191700
428.800018 332.540009 125.000000 -0.309400
400.339996 251.389999 245.000000 0.203100
449.420013 7.280000 125.000000 -0.440300
322.970001 454.979980 145.000000 -0.373700
442.040009 436.390015 155.000000 0.606700
303.149994 321.829987 125.000000 -0.834100
130.139999 391.570007 145.000000 -0.080100
10.750000 436.549988 125.000000 0.673900
397.839996 243.309998 215.000015 0.389000
164.960007 162.529999 95.000000 2.127200
164.960007 162.529999 155.000000 1.958600
485.619965 287.269989 234.999985 -0.081000
10.750000 436.549988 35.000000 1.371300
351.149994 317.230011 135.000000 -0.912600
449.420013 7.280000 195.000000 0.171000
351.149994 317.230011 65.000000 -0.169600
451.160004 411.480011 55.000000 -0.699800
303.149994 321.829987 65.000000 -0.229700
442.040009 436.390015 125.000000 -0.063500
494.790039 48.910000 165.000000 0.325100
265.890015 249.910004 25.000000 1.401800
278.220001 309.720001 245.000000 0.414400
213.610001 335.230011 205.000000 0.623200
24.240000 60.180004 75.000000 1.369400
322.970001 454.979980 195.000000 -0.431700
278.220001 309.720001 25.000000 1.396400
485.619965 287.269989 65.000000 0.383100
213.610001 335.230011 155.000000 -0.136100
318.250000 429.989990 205.000000 -0.424700
298.269989 94.169998 155.000000 0.216100
24.240000 60.180004 165.000000 0.475800
257.549988 341.380005 215.000015 0.493900
153.250000 487.290009 215.000015 -0.396000
313.820007 301.010010 185.000000 0.224500
322.970001 454.979980 35.000000 0.257200
10.750000 436.549988 15.000001 1.170200
322.970001 454.979980 125.000000 -0.629500
442.040009 436.390015 135.000000 -0.060400
485.619965 287.269989 15.000001 0.336500
265.890015 249.910004 234.999985 0.993400
326.859985 294.880005 135.000000 -0.525600
259.609985 410.989990 15.000001 1.172000
24.240000 60.180004 85.000000 1.506200
164.960007 162.529999 35.000000 0.603800
303.149994 321.829987 104.999992 -0.668700
451.160004 411.480011 45.000000 -0.536600
451.160004 411.480011 15.000001 -0.399600
24.240000 60.180004 15.000001 1.145300
490.339996 265.519989 165.000000 -0.758700
485.619965 287.269989 125.000000 -0.371900
87.070000 482.109985 95.000000 0.025300
106.320000 324.380005 85.000000 0.397500
362.690002 176.309998 205.000000 1.750600
360.320007 218.240005 115.000000 -0.464700
490.339996 265.519989 175.000000 -0.680400
155.990005 360.869995 115.000000 -0.592700
110.449997 318.959991 145.000000 0.594100
395.619995 29.740000 175.000000 -0.013700
24.240000 60.180004 104.999992 1.716200
428.800018 332.540009 25.000000 0.423200
397.839996 243.309998 234.999985 0.534700
485.619965 287.269989 55.000000 0.409000
442.040009 436.390015 234.999985 1.172100
346.649994 423.839996 45.000000 -0.160300
322.970001 454.979980 15.000001 0.774800
177.470001 28.440002 245.000000 0.158900
362.690002 176.309998 55.000000 0.088000
213.610001 335.230011 45.000000 0.166400
442.040009 436.390015 195.000000 0.662200
125.440002 312.079987 95.000000 0.410000
259.609985 410.989990 185.000000 -0.445100
155.990005 360.869995 205.000000 0.527100
10.750000 436.549988 145.000000 0.890200
153.250000 487.290009 165.000000 -0.733000
90.820000 436.950012 145.000000 -0.039900
10.750000 436.549988 195.000000 0.871700
213.610001 335.230011 175.000000 0.324100
322.970001 454.979980 215.000015 -0.425000
395.619995 29.740000 245.000000 0.777600
278.220001 309.720001 155.000000 -0.167600
451.160004 411.480011 25.000000 -0.487600
428.800018 332.540009 215.000015 -0.013400
177.470001 28.440002 145.000000 1.103300
485.619965 287.269989 135.000000 -0.340400
451.160004 411.480011 165.000000 0.611700
485.619965 287.269989 225.000000 -0.516000
346.649994 423.839996 75.000000 -0.636900
130.139999 391.570007 195.000000 0.387000
400.339996 251.389999 145.000000 -0.805500
153.250000 487.290009 225.000000 -0.394800
400.339996 251.389999 175.000000 -0.585800
313.820007 301.010010 65.000000 0.031300
110.449997 318.959991 225.000000 0.304600
351.149994 317.230011 245.000000 -0.239200
36.660000 376.950012 75.000000 0.878200
326.859985 294.880005 15.000001 1.466300
265.890015 249.910004 35.000000 1.260800
164.960007 162.529999 85.000000 1.651000
278.220001 309.720001 215.000015 0.740800
36.660000 376.950012 155.000000 1.518500
298.269989 94.169998 95.000000 -0.045900
36.660000 376.950012 234.999985 0.143400
428.800018 332.540009 245.000000 0.034400
303.149994 321.829987 245.000000 -0.070300
451.160004 411.480011 85.000000 -0.538800
469.350006 191.869995 125.000000 0.064800
259.609985 410.989990 225.000000 -0.489100
326.859985 294.880005 85.000000 -0.311500
87.070000 482.109985 225.000000 -0.190300
265.890015 249.910004 95.000000 0.252300
259.609985 410.989990 175.000000 -0.496300
259.609985 410.989990 95.000000 -1.003700
351.149994 317.230011 225.000000 0.220300
87.070000 482.109985 104.999992 -0.059300
494.790039 48.910000 25.000000 -0.182600
298.269989 94.169998 15.000001 0.063600
36.660000 376.950012 225.000000 0.722900
106.320000 324.380005 55.000000 0.443900
351.149994 317.230011 45.000000 0.190200
321.350006 295.559998 115.000000 -0.770300
87.070000 482.109985 165.000000 -0.032200
106.320000 324.380005 15.000001 0.298900
313.820007 301.010010 165.000000 -0.383500
213.610001 335.230011 245.000000 0.368400
469.350006 191.869995 25.000000 0.797300
318.250000 429.989990 85.000000 -0.919900
351.149994 317.230011 115.000000 -0.957300
259.609985 410.989990 215.000015 -0.382700
130.139999 391.570007 25.000000 -0.003400
451.160004 411.480011 115.000000 -0.007200
360.320007 218.240005 215.000015 1.023700
397.839996 243.309998 75.000000 -0.132200
259.609985 410.989990 135.000000 -0.618400
153.250000 487.290009 125.000000 -0.744800
449.420013 7.280000 104.999992 -0.279300
451.160004 411.480011 215.000015 0.610400
395.619995 29.740000 225.000000 0.568400
442.040009 436.390015 104.999992 -0.297300
259.609985 410.989990 205.000000 -0.577100
24.240000 60.180004 195.000000 0.122100
490.339996 265.519989 104.999992 -0.179200
494.790039 48.910000 55.000000 0.909000
278.220001 309.720001 75.000000 0.150400
494.790039 48.910000 155.000000 0.336200
303.149994 321.829987 95.000000 -0.615700
490.339996 265.519989 65.000000 0.514100
153.250000 487.290009 155.000000 -0.808400
318.250000 429.989990 35.000000 0.372700
451.160004 411.480011 104.999992 -0.382400
259.609985 410.989990 45.000000 0.244300
490.339996 265.519989 85.000000 0.242700
442.040009 436.390015 185.000000 0.597500
428.800018 332.540009 15.000001 0.592900
87.070000 482.109985 205.000000 -0.004700
362.690002 176.309998 245.000000 1.898300
318.250000 429.989990 115.000000 -0.754400
164.960007 162.529999 225.000000 0.289500
213.610001 335.230011 104.999992 -0.586000
298.269989 94.169998 104.999992 -0.073400
362.690002 176.309998 185.000000 0.900000
346.649994 423.839996 95.000000 -0.749600
400.339996 251.389999 95.000000 -0.428900
321.350006 295.559998 185.000000 0.269600
265.890015 249.910004 65.000000 0.819000
153.250000 487.290009 245.000000 -0.238500
321.350006 295.559998 125.000000 -0.689900
257.549988 341.380005 245.000000 0.157100
351.149994 317.230011 85.000000 -0.355800
90.820000 436.950012 65.000000 -0.153800
494.790039 48.910000 175.000000 0.485900
318.250000 429.989990 25.000000 0.704500
490.339996 265.519989 35.000000 0.384000
164.960007 162.529999 55.000000 1.036700
36.660000 376.950012 125.000000 1.399200
153.250000 487.290009 115.000000 -0.706800
326.859985 294.880005 45.000000 0.751600
360.320007 218.240005 15.000001 0.629500
360.320007 218.240005 35.000000 0.463600
106.320000 324.380005 95.000000 0.407200
106.320000 324.380005 65.000000 0.276000
395.619995 29.740000 55.000000 -0.795600
257.549988 341.380005 195.000000 0.718600
351.149994 317.230011 145.000000 -0.654800
428.800018 332.540009 135.000000 -0.215900
346.649994 423.839996 104.999992 -0.644900
322.970001 454.979980 95.000000 -0.892700
469.350006 191.869995 195.000000 0.188000
485.619965 287.269989 195.000000 -0.602700
351.149994 317.230011 155.000000 -0.793000
265.890015 249.910004 225.000000 0.792800
177.470001 28.440002 35.000000 -0.092800
351.149994 317.230011 75.000000 -0.375400
442.040009 436.390015 215.000015 0.728400
259.609985 410.989990 35.000000 0.531900
494.790039 48.910000 115.000000 0.810200
485.619965 287.269989 45.000000 0.314000
265.890015 249.910004 155.000000 0.447900
360.320007 218.240005 234.999985 1.277800
362.690002 176.309998 125.000000 -0.179700
153.250000 487.290009 15.000001 0.764600
90.820000 436.950012 205.000000 0.471700
259.609985 410.989990 155.000000 -0.574900
318.250000 429.989990 104.999992 -0.904000
442.040009 436.390015 55.000000 -0.626300
213.610001 335.230011 185.000000 0.600700
326.859985 294.880005 115.000000 -0.770300
259.609985 410.989990 125.000000 -0.988500
318.250000 429.989990 75.000000 -0.566700
298.269989 94.169998 175.000000 0.396700
278.220001 309.720001 125.000000 -0.577000
469.350006 191.869995 35.000000 0.740500
298.269989 94.169998 245.000000 1.268600
153.250000 487.290009 35.000000 0.590700
326.859985 294.880005 175.000000 -0.037900
164.960007 162.529999 215.000015 0.442500
36.660000 376.950012 55.000000 0.621100
313.820007 301.010010 155.000000 -0.458400
110.449997 318.959991 125.000000 0.531800
485.619965 287.269989 104.999992 -0.300100
106.320000 324.380005 175.000000 0.832900
469.350006 191.869995 185.000000 0.064100
298.269989 94.169998 115.000000 -0.185600
321.350006 295.559998 75.000000 -0.246900
298.269989 94.169998 85.000000 0.049100
87.070000 482.109985 215.000015 -0.243700
449.420013 7.280000 55.000000 -0.718700
400.339996 251.389999 205.000000 0.047300
106.320000 324.380005 75.000000 0.490300
362.690002 176.309998 85.000000 -0.116200
362.690002 176.309998 35.000000 0.315900
177.470001 28.440002 175.000000 0.814000
125.440002 312.079987 165.000000 0.695100
257.549988 341.380005 104.999992 -0.722100
278.220001 309.720001 35.000000 0.985700
36.660000 376.950012 35.000000 0.957900
153.250000 487.290009 75.000000 -0.261400
125.440002 312.079987 155.000000 0.581000
298.269989 94.169998 195.000000 0.566600
265.890015 249.910004 15.000001 1.383900
259.609985 410.989990 165.000000 -0.319600
494.790039 48.910000 225.000000 0.348800
106.320000 324.380005 25.000000 0.426800
130.139999 391.570007 95.000000 -0.901900
155.990005 360.869995 85.000000 -0.992600
106.320000 324.380005 45.000000 0.474900
125.440002 312.079987 205.000000 0.744400
90.820000 436.950012 185.000000 0.487000
451.160004 411.480011 35.000000 -0.637400
265.890015 249.910004 245.000000 0.828000
469.350006 191.869995 45.000000 1.210200
351.149994 317.230011 95.000000 -0.674000
449.420013 7.280000 35.000000 -1.287400
490.339996 265.519989 135.000000 -0.509100
278.220001 309.720001 185.000000 0.546200
265.890015 249.910004 195.000000 0.870500
428.800018 332.540009 115.000000 -0.308500
24.240000 60.180004 115.000000 1.350700
428.800018 332.540009 185.000000 -0.178200
346.649994 423.839996 175.000000 -0.183400
490.339996 265.519989 95.000000 0.151600
110.449997 318.959991 25.000000 0.536100
153.250000 487.290009 45.000000 0.504200
400.339996 251.389999 115.000000 -0.622100
110.449997 318.959991 104.999992 0.434200
313.820007 301.010010 115.000000 -0.696300
177.470001 28.440002 45.000000 0.126800
321.350006 295.559998 35.000000 1.083100
485.619965 287.269989 85.000000 0.089000
400.339996 251.389999 104.999992 -0.700600
164.960007 162.529999 165.000000 1.447300
298.269989 94.169998 35.000000 0.011400
313.820007 301.010010 234.999985 0.209300
322.970001 454.979980 155.000000 -0.389900
494.790039 48.910000 75.000000 1.232400
110.449997 318.959991 65.000000 0.189900
346.649994 423.839996 165.000000 0.024200
36.660000 376.950012 135.000000 1.629500
313.820007 301.010010 135.000000 -0.814400
130.139999 391.570007 115.000000 -0.590800
313.820007 301.010010 225.000000 0.240500
428.800018 332.540009 75.000000 -0.404000
213.610001 335.230011 95.000000 -0.564700
110.449997 318.959991 234.999985 0.061000
153.250000 487.290009 234.999985 -0.184500
130.139999 391.570007 104.999992 -0.823600
400.339996 251.389999 215.000015 0.176600
326.859985 294.880005 95.000000 -0.698900
110.449997 318.959991 175.000000 0.818800
130.139999 391.570007 75.000000 -0.922500
451.160004 411.480011 135.000000 0.225500
90.820000 436.950012 45.000000 0.467200
360.320007 218.240005 85.000000 -0.164100
155.990005 360.869995 135.000000 -0.337800
265.890015 249.910004 125.000000 0.296000
346.649994 423.839996 65.000000 -0.448900
87.070000 482.109985 125.000000 -0.055000
451.160004 411.480011 75.000000 -0.710400
397.839996 243.309998 175.000000 -0.231600
469.350006 191.869995 55.000000 1.256500
469.350006 191.869995 15.000001 0.778700
494.790039 48.910000 215.000015 0.532500
130.139999 391.570007 185.000000 0.326200
303.149994 321.829987 185.000000 0.199700
318.250000 429.989990 55.000000 -0.240900
106.320000 324.380005 135.000000 0.576000
177.470001 28.440002 125.000000 1.447900
130.139999 391.570007 205.000000 0.439900
278.220001 309.720001 145.000000 -0.164100
87.070000 482.109985 175.000000 -0.092800
428.800018 332.540009 145.000000 -0.366800
321.350006 295.559998 225.000000 0.242900
10.750000 436.549988 115.000000 0.853500
257.549988 341.380005 155.000000 -0.044800
155.990005 360.869995 245.000000 0.132400
397.839996 243.309998 104.999992 -0.662400
90.820000 436.950012 15.000001 1.041100
177.470001 28.440002 85.000000 1.248600
397.839996 243.309998 135.000000 -0.638700
177.470001 28.440002 234.999985 -0.019400
490.339996 265.519989 125.000000 -0.320400
360.320007 218.240005 225.000000 1.226500
153.250000 487.290009 195.000000 -0.456000
90.820000 436.950012 234.999985 0.075600
428.800018 332.540009 165.000000 -0.090000
213.610001 335.230011 165.000000 -0.042700
400.339996 251.389999 85.000000 -0.517000
351.149994 317.230011 175.000000 -0.387200
10.750000 436.549988 75.000000 0.838000
400.339996 251.389999 125.000000 -0.732800
278.220001 309.720001 234.999985 0.497300
449.420013 7.280000 225.000000 0.540000
10.750000 436.549988 25.000000 1.445100
24.240000 60.180004 95.000000 1.709300
326.859985 294.880005 55.000000 0.471200
395.619995 29.740000 205.000000 0.564800
442.040009 436.390015 165.000000 0.458500
442.040009 436.390015 245.000000 1.292800
87.070000 482.109985 145.000000 -0.342300
164.960007 162.529999 245.000000 -0.082700
395.619995 29.740000 185.000000 0.077100
322.970001 454.979980 115.000000 -1.008600
130.139999 391.570007 125.000000 -0.538600
303.149994 321.829987 145.000000 -0.615300
485.619965 287.269989 175.000000 -0.723600
397.839996 243.309998 245.000000 0.482300
326.859985 294.880005 25.000000 1.122300
360.320007 218.240005 65.000000 -0.095800
490.339996 265.519989 75.000000 0.532700
397.839996 243.309998 95.000000 -0.512500
490.339996 265.519989 145.000000 -0.773200
155.990005 360.869995 75.000000 -0.921200
298.269989 94.169998 185.000000 0.404200
362.690002 176.309998 234.999985 1.733600
362.690002 176.309998 145.000000 -0.014400
321.350006 295.559998 205.000000 0.106300
322.970001 454.979980 185.000000 -0.500300
318.250000 429.989990 15.000001 1.013200
322.970001 454.979980 85.000000 -0.541300
110.449997 318.959991 155.000000 0.693600
494.790039 48.910000 195.000000 0.325500
360.320007 218.240005 245.000000 1.384900
321.350006 295.559998 245.000000 -0.072300
90.820000 436.950012 25.000000 0.999700
395.619995 29.740000 145.000000 -0.574900
303.149994 321.829987 225.000000 0.234300
278.220001 309.720001 115.000000 -0.358500
469.350006 191.869995 234.999985 0.784400
362.690002 176.309998 175.000000 0.739100
177.470001 28.440002 95.000000 1.506500
321.350006 295.559998 45.000000 0.751600
213.610001 335.230011 75.000000 -0.533400
351.149994 317.230011 15.000001 1.558600
397.839996 243.309998 195.000000 0.056200
177.470001 28.440002 135.000000 1.453400
318.250000 429.989990 155.000000 -0.401000
257.549988 341.380005 75.000000 -0.611100
213.610001 335.230011 55.000000 -0.015600
397.839996 243.309998 15.000001 0.629700
346.649994 423.839996 85.000000 -0.868200
110.449997 318.959991 195.000000 0.761400
442.040009 436.390015 25.000000 -0.272700
36.660000 376.950012 15.000001 0.900600
298.269989 94.169998 215.000015 0.941000
257.549988 341.380005 165.000000 0.238100
87.070000 482.109985 135.000000 -0.370800
110.449997 318.959991 215.000015 0.488200
318.250000 429.989990 175.000000 -0.203600
110.449997 318.959991 75.000000 0.341700
449.420013 7.280000 45.000000 -0.998500
428.800018 332.540009 225.000000 -0.077900
303.149994 321.829987 45.000000 0.617000
362.690002 176.309998 225.000000 1.902100
