pygeostat_saved_data
4
X
Y
Z
value
121.070007 192.259995 15.000001 0.896100
474.270020 286.970001 85.000000 -0.051400
125.440002 312.079987 25.000000 0.379200
125.440002 312.079987 195.000000 0.843100
485.619965 287.269989 35.000000 0.615300
365.730011 403.760010 125.000000 -0.437600
475.950012 28.810001 45.000000 -0.317200
451.160004 411.480011 25.000000 -0.487600
432.929993 319.820007 25.000000 0.616000
485.619965 287.269989 75.000000 0.041800
321.350006 295.559998 195.000000 0.189500
127.139999 327.489990 55.000000 0.193900
278.220001 309.720001 55.000000 0.306600
301.489990 273.140015 25.000000 1.223200
318.250000 429.989990 185.000000 -0.292400
15.230000 487.869965 145.000000 -0.104100
301.489990 273.140015 115.000000 -0.348200
87.070000 482.109985 65.000000 0.572600
157.669998 258.649994 15.000001 1.027800
106.320000 324.380005 115.000000 0.549600
362.690002 176.309998 25.000000 0.357300
475.950012 28.810001 95.000000 0.320300
305.200012 98.620003 234.999985 1.168800
365.730011 403.760010 45.000000 0.146900
87.070000 482.109985 115.000000 -0.433700
451.160004 411.480011 185.000000 0.405900
164.960007 162.529999 205.000000 0.694600
313.820007 301.010010 205.000000 0.417900
451.160004 411.480011 75.000000 -0.710400
15.230000 487.869965 104.999992 0.192200
241.470001 68.970001 185.000000 0.195000
449.420013 7.280000 195.000000 0.171000
474.270020 286.970001 185.000000 -0.750100
127.139999 327.489990 35.000000 0.462100
485.619965 287.269989 95.000000 0.024500
10.750000 436.549988 175.000000 0.776800
24.240000 60.180004 115.000000 1.350700
110.449997 318.959991 85.000000 0.578800
56.240005 285.160004 234.999985 -0.168000
127.139999 327.489990 115.000000 0.303500
313.820007 301.010010 45.000000 0.612600
124.059998 227.130005 165.000000 1.180400
278.220001 309.720001 205.000000 0.685300
451.160004 411.480011 195.000000 0.727800
369.950012 384.730011 245.000000 -0.193200
110.449997 318.959991 15.000001 0.267000
56.240005 285.160004 205.000000 0.584800
475.950012 28.810001 175.000000 0.331200
241.470001 68.970001 215.000015 0.023000
474.270020 286.970001 225.000000 -0.232200
265.890015 249.910004 185.000000 0.744200
474.270020 286.970001 245.000000 0.014900
36.660000 376.950012 185.000000 1.284900
110.449997 318.959991 25.000000 0.536100
305.200012 98.620003 115.000000 -0.385200
346.649994 423.839996 25.000000 0.587500
124.059998 227.130005 75.000000 1.796200
494.790039 48.910000 25.000000 -0.182600
485.619965 287.269989 205.000000 -0.505700
257.549988 341.380005 85.000000 -0.579000
265.890015 249.910004 245.000000 0.828000
449.420013 7.280000 15.000001 -1.742400
397.839996 243.309998 234.999985 0.534700
24.240000 60.180004 135.000000 1.237300
177.470001 28.440002 95.000000 1.506500
451.160004 411.480011 115.000000 -0.007200
36.660000 376.950012 95.000000 0.872100
90.820000 436.950012 175.000000 0.385000
257.549988 341.380005 95.000000 -0.700700
475.950012 28.810001 125.000000 -0.009500
449.420013 7.280000 165.000000 0.216400
153.250000 487.290009 85.000000 -0.601100
321.350006 295.559998 135.000000 -0.525600
301.489990 273.140015 65.000000 0.284200
346.649994 423.839996 205.000000 -0.236100
395.619995 29.740000 195.000000 0.331600
121.070007 192.259995 35.000000 1.185100
369.950012 384.730011 135.000000 -0.445300
365.730011 403.760010 95.000000 -0.656100
400.339996 251.389999 145.000000 -0.805500
87.070000 482.109985 234.999985 -0.233800
360.170013 137.669998 195.000000 1.708600
490.339996 265.519989 205.000000 -0.415500
136.740005 121.040001 185.000000 0.739000
10.750000 436.549988 234.999985 0.099900
322.970001 454.979980 65.000000 -0.498300
351.149994 317.230011 25.000000 1.085000
351.149994 317.230011 175.000000 -0.387200
474.270020 286.970001 234.999985 -0.136400
318.250000 429.989990 145.000000 -0.552700
124.059998 227.130005 45.000000 1.319300
322.970001 454.979980 55.000000 -0.272800
177.470001 28.440002 55.000000 0.465900
87.070000 482.109985 95.000000 0.025300
130.139999 391.570007 175.000000 0.121800
10.750000 436.549988 145.000000 0.890200
121.070007 192.259995 185.000000 0.730400
442.040009 436.390015 75.000000 -0.744700
362.690002 176.309998 145.000000 -0.014400
136.740005 121.040001 55.000000 1.139000
87.070000 482.109985 35.000000 1.139200
362.690002 176.309998 245.000000 1.898300
24.240000 60.180004 85.000000 1.506200
90.820000 436.950012 245.000000 0.022600
265.890015 249.910004 95.000000 0.252300
490.339996 265.519989 45.000000 0.577400
153.250000 487.290009 135.000000 -0.698800
303.149994 321.829987 15.000001 1.740500
36.660000 376.950012 55.000000 0.621100
442.040009 436.390015 205.000000 0.594800
127.139999 327.489990 245.000000 -0.079000
318.250000 429.989990 35.000000 0.372700
157.669998 258.649994 155.000000 1.207100
449.420013 7.280000 95.000000 -0.261900
432.929993 319.820007 135.000000 -0.376200
494.790039 48.910000 234.999985 0.370600
490.339996 265.519989 35.000000 0.384000
378.690002 301.320007 145.000000 -0.662300
125.440002 312.079987 15.000001 0.188700
21.549999 94.790001 165.000000 0.346500
157.669998 258.649994 75.000000 1.253800
124.059998 227.130005 155.000000 1.705200
449.420013 7.280000 85.000000 -0.148500
127.139999 327.489990 185.000000 0.817300
121.070007 192.259995 175.000000 1.074400
259.609985 410.989990 25.000000 0.740500
378.690002 301.320007 15.000001 1.231100
36.660000 376.950012 25.000000 0.845400
322.970001 454.979980 25.000000 0.361900
485.619965 287.269989 195.000000 -0.602700
10.750000 436.549988 135.000000 0.901900
56.240005 285.160004 215.000015 0.399400
360.170013 137.669998 205.000000 1.982100
56.240005 285.160004 125.000000 1.963600
127.139999 327.489990 65.000000 -0.042300
126.960007 469.989960 165.000000 -0.256100
321.350006 295.559998 115.000000 -0.770300
360.170013 137.669998 234.999985 2.078700
322.970001 454.979980 85.000000 -0.541300
87.070000 482.109985 135.000000 -0.370800
365.730011 403.760010 225.000000 0.007900
36.660000 376.950012 195.000000 1.338600
442.040009 436.390015 155.000000 0.606700
351.149994 317.230011 35.000000 0.777500
127.139999 327.489990 175.000000 0.957300
318.250000 429.989990 75.000000 -0.566700
449.420013 7.280000 245.000000 0.446800
346.649994 423.839996 55.000000 -0.145200
126.960007 469.989960 175.000000 -0.155500
125.440002 312.079987 175.000000 0.690900
213.610001 335.230011 55.000000 -0.015600
126.960007 469.989960 65.000000 0.015700
485.619965 287.269989 15.000001 0.336500
494.790039 48.910000 165.000000 0.325100
177.470001 28.440002 115.000000 1.507800
87.879997 274.649994 65.000000 1.342200
298.269989 94.169998 85.000000 0.049100
87.070000 482.109985 165.000000 -0.032200
106.320000 324.380005 55.000000 0.443900
360.320007 218.240005 165.000000 0.047700
10.750000 436.549988 95.000000 0.696100
303.149994 321.829987 35.000000 0.971300
322.970001 454.979980 104.999992 -0.777700
130.139999 391.570007 104.999992 -0.823600
346.649994 423.839996 104.999992 -0.644900
213.610001 335.230011 135.000000 -0.331700
259.609985 410.989990 175.000000 -0.496300
21.549999 94.790001 225.000000 -0.233000
301.489990 273.140015 185.000000 0.350200
474.270020 286.970001 15.000001 0.309900
397.839996 243.309998 95.000000 -0.512500
110.449997 318.959991 225.000000 0.304600
56.240005 285.160004 15.000001 0.141800
136.740005 121.040001 25.000000 0.234800
313.820007 301.010010 245.000000 -0.158700
136.740005 121.040001 155.000000 1.624200
303.149994 321.829987 215.000015 0.252600
360.320007 218.240005 55.000000 0.093500
56.240005 285.160004 95.000000 1.693400
485.619965 287.269989 165.000000 -0.750000
326.859985 294.880005 35.000000 1.083100
321.350006 295.559998 125.000000 -0.689900
428.800018 332.540009 85.000000 -0.467200
365.730011 403.760010 145.000000 -0.003400
241.470001 68.970001 234.999985 0.576200
313.820007 301.010010 15.000001 1.647800
155.990005 360.869995 115.000000 -0.592700
432.929993 319.820007 225.000000 -0.239000
474.270020 286.970001 25.000000 0.523200
360.170013 137.669998 185.000000 1.348500
157.669998 258.649994 234.999985 0.013800
87.879997 274.649994 95.000000 1.474300
474.270020 286.970001 165.000000 -0.576800
449.420013 7.280000 75.000000 -0.508900
318.250000 429.989990 65.000000 -0.566300
90.820000 436.950012 35.000000 0.713600
121.070007 192.259995 85.000000 2.068200
177.470001 28.440002 155.000000 0.890800
469.350006 191.869995 195.000000 0.188000
90.820000 436.950012 95.000000 -0.237400
87.879997 274.649994 35.000000 0.916300
265.890015 249.910004 15.000001 1.383900
365.730011 403.760010 135.000000 -0.255900
106.320000 324.380005 195.000000 0.737100
360.170013 137.669998 75.000000 -0.136700
485.619965 287.269989 25.000000 0.279400
442.040009 436.390015 245.000000 1.292800
126.960007 469.989960 85.000000 -0.469600
24.240000 60.180004 125.000000 1.271000
24.240000 60.180004 215.000015 -0.173600
485.619965 287.269989 45.000000 0.314000
490.339996 265.519989 135.000000 -0.509100
155.990005 360.869995 135.000000 -0.337800
126.960007 469.989960 195.000000 -0.210500
397.839996 243.309998 104.999992 -0.662400
360.170013 137.669998 135.000000 -0.049200
322.970001 454.979980 15.000001 0.774800
365.730011 403.760010 245.000000 0.089000
490.339996 265.519989 155.000000 -0.655800
153.250000 487.290009 115.000000 -0.706800
15.230000 487.869965 245.000000 -0.540900
36.660000 376.950012 45.000000 0.772500
177.470001 28.440002 215.000015 0.173300
87.070000 482.109985 25.000000 1.275500
362.690002 176.309998 104.999992 -0.328900
449.420013 7.280000 234.999985 0.442500
451.160004 411.480011 245.000000 1.138200
259.609985 410.989990 35.000000 0.531900
153.250000 487.290009 35.000000 0.590700
126.960007 469.989960 245.000000 -0.126500
428.800018 332.540009 75.000000 -0.404000
322.970001 454.979980 155.000000 -0.389900
121.070007 192.259995 205.000000 0.151300
278.220001 309.720001 145.000000 -0.164100
351.149994 317.230011 104.999992 -0.770800
360.170013 137.669998 45.000000 0.086100
127.139999 327.489990 155.000000 0.358400
303.149994 321.829987 115.000000 -0.860200
124.059998 227.130005 65.000000 1.619100
136.740005 121.040001 205.000000 0.432100
121.070007 192.259995 145.000000 1.864500
259.609985 410.989990 115.000000 -1.075800
298.269989 94.169998 245.000000 1.268600
155.990005 360.869995 65.000000 -0.810200
326.859985 294.880005 55.000000 0.471200
87.070000 482.109985 104.999992 -0.059300
110.449997 318.959991 104.999992 0.434200
136.740005 121.040001 175.000000 0.889600
259.609985 410.989990 85.000000 -0.999600
177.470001 28.440002 234.999985 -0.019400
326.859985 294.880005 225.000000 0.242900
241.470001 68.970001 145.000000 0.641700
241.470001 68.970001 95.000000 0.951800
56.240005 285.160004 85.000000 1.546400
298.269989 94.169998 95.000000 -0.045900
164.960007 162.529999 165.000000 1.447300
87.070000 482.109985 145.000000 -0.342300
362.690002 176.309998 225.000000 1.902100
428.800018 332.540009 234.999985 0.139400
56.240005 285.160004 155.000000 1.667900
474.270020 286.970001 45.000000 0.432400
322.970001 454.979980 175.000000 -0.640600
400.339996 251.389999 104.999992 -0.700600
124.059998 227.130005 35.000000 1.149300
326.859985 294.880005 234.999985 0.341700
301.489990 273.140015 45.000000 1.060600
451.160004 411.480011 55.000000 -0.699800
121.070007 192.259995 65.000000 1.640200
164.960007 162.529999 175.000000 1.303100
326.859985 294.880005 25.000000 1.122300
475.950012 28.810001 35.000000 -0.510100
257.549988 341.380005 165.000000 0.238100
321.350006 295.559998 85.000000 -0.311500
346.649994 423.839996 165.000000 0.024200
490.339996 265.519989 95.000000 0.151600
15.230000 487.869965 225.000000 -0.354300
475.950012 28.810001 75.000000 0.385100
318.250000 429.989990 115.000000 -0.754400
378.690002 301.320007 35.000000 0.472500
397.839996 243.309998 245.000000 0.482300
346.649994 423.839996 75.000000 -0.636900
326.859985 294.880005 165.000000 -0.459600
301.489990 273.140015 135.000000 -0.494400
362.690002 176.309998 85.000000 -0.116200
106.320000 324.380005 75.000000 0.490300
259.609985 410.989990 165.000000 -0.319600
136.740005 121.040001 135.000000 2.087600
360.170013 137.669998 85.000000 -0.264200
110.449997 318.959991 205.000000 0.592000
130.139999 391.570007 65.000000 -1.066400
351.149994 317.230011 165.000000 -0.496500
397.839996 243.309998 145.000000 -0.466700
362.690002 176.309998 185.000000 0.900000
490.339996 265.519989 175.000000 -0.680400
153.250000 487.290009 205.000000 -0.517200
110.449997 318.959991 175.000000 0.818800
351.149994 317.230011 135.000000 -0.912600
318.250000 429.989990 55.000000 -0.240900
469.350006 191.869995 125.000000 0.064800
395.619995 29.740000 25.000000 -1.409200
365.730011 403.760010 165.000000 0.240200
106.320000 324.380005 25.000000 0.426800
490.339996 265.519989 195.000000 -0.771800
400.339996 251.389999 45.000000 0.238100
127.139999 327.489990 104.999992 0.278400
87.879997 274.649994 205.000000 0.294600
432.929993 319.820007 175.000000 -0.211100
378.690002 301.320007 55.000000 0.033700
369.950012 384.730011 15.000001 1.049600
125.440002 312.079987 75.000000 0.187500
130.139999 391.570007 25.000000 -0.003400
155.990005 360.869995 215.000015 0.621600
177.470001 28.440002 65.000000 0.709900
395.619995 29.740000 115.000000 -0.619600
400.339996 251.389999 205.000000 0.047300
126.960007 469.989960 35.000000 0.593100
346.649994 423.839996 215.000015 -0.212100
121.070007 192.259995 165.000000 1.506900
177.470001 28.440002 75.000000 0.909100
265.890015 249.910004 35.000000 1.260800
259.609985 410.989990 205.000000 -0.577100
157.669998 258.649994 165.000000 1.016100
321.350006 295.559998 75.000000 -0.246900
365.730011 403.760010 15.000001 0.779900
351.149994 317.230011 225.000000 0.220300
449.420013 7.280000 125.000000 -0.440300
153.250000 487.290009 25.000000 0.675600
490.339996 265.519989 225.000000 -0.352900
110.449997 318.959991 234.999985 0.061000
213.610001 335.230011 25.000000 0.682600
130.139999 391.570007 125.000000 -0.538600
428.800018 332.540009 185.000000 -0.178200
106.320000 324.380005 45.000000 0.474900
360.320007 218.240005 215.000015 1.023700
475.950012 28.810001 155.000000 0.200100
494.790039 48.910000 135.000000 0.532000
56.240005 285.160004 35.000000 0.805900
322.970001 454.979980 165.000000 -0.227400
400.339996 251.389999 85.000000 -0.517000
474.270020 286.970001 155.000000 -0.728500
24.240000 60.180004 25.000000 1.206900
305.200012 98.620003 215.000015 1.001800
360.320007 218.240005 85.000000 -0.164100
469.350006 191.869995 185.000000 0.064100
346.649994 423.839996 45.000000 -0.160300
321.350006 295.559998 145.000000 -0.598800
369.950012 384.730011 175.000000 0.098300
155.990005 360.869995 205.000000 0.527100
213.610001 335.230011 225.000000 0.442900
155.990005 360.869995 234.999985 0.399700
106.320000 324.380005 104.999992 0.536500
127.139999 327.489990 25.000000 0.113700
351.149994 317.230011 185.000000 -0.094500
56.240005 285.160004 135.000000 1.799000
469.350006 191.869995 135.000000 -0.293800
395.619995 29.740000 155.000000 -0.458000
360.320007 218.240005 135.000000 -0.393800
36.660000 376.950012 85.000000 0.818400
301.489990 273.140015 95.000000 -0.343500
474.270020 286.970001 195.000000 -0.515500
351.149994 317.230011 145.000000 -0.654800
365.730011 403.760010 75.000000 -0.624800
321.350006 295.559998 15.000001 1.466300
485.619965 287.269989 104.999992 -0.300100
305.200012 98.620003 125.000000 -0.243000
24.240000 60.180004 104.999992 1.716200
56.240005 285.160004 104.999992 1.647000
326.859985 294.880005 65.000000 0.200900
87.070000 482.109985 225.000000 -0.190300
305.200012 98.620003 104.999992 -0.110100
451.160004 411.480011 205.000000 0.655200
321.350006 295.559998 104.999992 -0.462700
110.449997 318.959991 45.000000 0.699900
490.339996 265.519989 245.000000 0.003900
474.270020 286.970001 55.000000 0.362700
213.610001 335.230011 234.999985 0.525400
124.059998 227.130005 25.000000 1.100400
351.149994 317.230011 155.000000 -0.793000
106.320000 324.380005 175.000000 0.832900
125.440002 312.079987 45.000000 0.393300
301.489990 273.140015 245.000000 0.377900
177.470001 28.440002 45.000000 0.126800
241.470001 68.970001 125.000000 0.840400
278.220001 309.720001 15.000001 1.855200
428.800018 332.540009 115.000000 -0.308500
126.960007 469.989960 45.000000 0.408700
15.230000 487.869965 95.000000 0.278200
124.059998 227.130005 225.000000 -0.076900
475.950012 28.810001 215.000015 0.426700
469.350006 191.869995 75.000000 1.217100
124.059998 227.130005 205.000000 0.443100
265.890015 249.910004 65.000000 0.819000
494.790039 48.910000 15.000001 -0.522300
475.950012 28.810001 145.000000 -0.047700
475.950012 28.810001 205.000000 0.403400
87.070000 482.109985 175.000000 -0.092800
475.950012 28.810001 85.000000 0.767500
24.240000 60.180004 65.000000 1.231900
136.740005 121.040001 145.000000 1.749000
24.240000 60.180004 75.000000 1.369400
213.610001 335.230011 75.000000 -0.533400
106.320000 324.380005 125.000000 0.628400
87.879997 274.649994 55.000000 1.201700
136.740005 121.040001 104.999992 2.052000
351.149994 317.230011 215.000015 0.076400
474.270020 286.970001 205.000000 -0.404600
400.339996 251.389999 234.999985 0.233800
157.669998 258.649994 55.000000 1.239500
56.240005 285.160004 165.000000 1.399900
157.669998 258.649994 185.000000 0.754000
125.440002 312.079987 205.000000 0.744400
369.950012 384.730011 115.000000 -0.555300
10.750000 436.549988 125.000000 0.673900
303.149994 321.829987 125.000000 -0.834100
360.170013 137.669998 104.999992 -0.483900
449.420013 7.280000 25.000000 -1.238500
177.470001 28.440002 245.000000 0.158900
265.890015 249.910004 104.999992 0.287200
257.549988 341.380005 225.000000 0.388100
346.649994 423.839996 35.000000 0.259700
490.339996 265.519989 25.000000 0.564500
265.890015 249.910004 225.000000 0.792800
449.420013 7.280000 175.000000 0.122800
400.339996 251.389999 35.000000 0.416200
322.970001 454.979980 195.000000 -0.431700
106.320000 324.380005 205.000000 0.614000
428.800018 332.540009 135.000000 -0.215900
360.170013 137.669998 65.000000 -0.247600
36.660000 376.950012 165.000000 1.590600
360.170013 137.669998 215.000015 1.747400
213.610001 335.230011 85.000000 -0.403600
365.730011 403.760010 155.000000 0.283100
10.750000 436.549988 225.000000 0.186600
449.420013 7.280000 225.000000 0.540000
87.879997 274.649994 245.000000 -0.405400
21.549999 94.790001 95.000000 1.754700
318.250000 429.989990 45.000000 0.277000
259.609985 410.989990 215.000015 -0.382700
490.339996 265.519989 185.000000 -0.688500
360.170013 137.669998 55.000000 -0.048200
125.440002 312.079987 225.000000 0.562200
90.820000 436.950012 25.000000 0.999700
15.230000 487.869965 195.000000 0.010700
87.879997 274.649994 125.000000 1.839400
303.149994 321.829987 225.000000 0.234300
321.350006 295.559998 55.000000 0.471200
121.070007 192.259995 125.000000 2.360200
321.350006 295.559998 185.000000 0.269600
442.040009 436.390015 195.000000 0.662200
121.070007 192.259995 195.000000 0.546400
278.220001 309.720001 35.000000 0.985700
369.950012 384.730011 145.000000 -0.283200
475.950012 28.810001 135.000000 -0.134700
301.489990 273.140015 125.000000 -0.190300
259.609985 410.989990 55.000000 -0.368800
155.990005 360.869995 85.000000 -0.992600
395.619995 29.740000 95.000000 -0.702300
469.350006 191.869995 245.000000 0.663000
106.320000 324.380005 215.000015 0.556200
395.619995 29.740000 75.000000 -0.838000
136.740005 121.040001 65.000000 1.367400
15.230000 487.869965 135.000000 -0.202600
10.750000 436.549988 35.000000 1.371300
56.240005 285.160004 245.000000 -0.534000
121.070007 192.259995 135.000000 2.226700
257.549988 341.380005 195.000000 0.718600
485.619965 287.269989 215.000015 -0.316700
21.549999 94.790001 15.000001 1.230700
155.990005 360.869995 104.999992 -1.002700
259.609985 410.989990 245.000000 -0.480100
326.859985 294.880005 115.000000 -0.770300
360.320007 218.240005 185.000000 0.370200
106.320000 324.380005 145.000000 0.604000
87.879997 274.649994 195.000000 0.560800
303.149994 321.829987 104.999992 -0.668700
469.350006 191.869995 234.999985 0.784400
157.669998 258.649994 45.000000 1.009300
15.230000 487.869965 65.000000 0.738500
278.220001 309.720001 165.000000 0.209600
400.339996 251.389999 115.000000 -0.622100
130.139999 391.570007 215.000015 0.430100
313.820007 301.010010 85.000000 -0.493200
451.160004 411.480011 225.000000 0.993200
278.220001 309.720001 65.000000 -0.012800
365.730011 403.760010 115.000000 -0.674300
362.690002 176.309998 165.000000 0.548100
449.420013 7.280000 104.999992 -0.279300
365.730011 403.760010 205.000000 0.016400
213.610001 335.230011 95.000000 -0.564700
365.730011 403.760010 104.999992 -0.738600
87.879997 274.649994 145.000000 1.278900
322.970001 454.979980 135.000000 -0.408800
278.220001 309.720001 125.000000 -0.577000
322.970001 454.979980 125.000000 -0.629500
298.269989 94.169998 65.000000 -0.118100
278.220001 309.720001 155.000000 -0.167600
362.690002 176.309998 155.000000 0.314300
369.950012 384.730011 234.999985 0.045800
130.139999 391.570007 85.000000 -1.045000
106.320000 324.380005 245.000000 -0.032900
494.790039 48.910000 205.000000 0.476700
56.240005 285.160004 225.000000 0.104900
378.690002 301.320007 185.000000 -0.084400
21.549999 94.790001 25.000000 1.407400
321.350006 295.559998 234.999985 0.341700
397.839996 243.309998 165.000000 -0.406900
494.790039 48.910000 175.000000 0.485900
369.950012 384.730011 185.000000 -0.038600
259.609985 410.989990 65.000000 -0.315500
490.339996 265.519989 215.000015 -0.411500
485.619965 287.269989 115.000000 -0.252500
259.609985 410.989990 75.000000 -0.515100
318.250000 429.989990 195.000000 -0.407900
164.960007 162.529999 85.000000 1.651000
278.220001 309.720001 195.000000 0.589800
106.320000 324.380005 234.999985 0.215700
365.730011 403.760010 55.000000 -0.231700
257.549988 341.380005 135.000000 -0.425000
318.250000 429.989990 85.000000 -0.919900
177.470001 28.440002 135.000000 1.453400
326.859985 294.880005 85.000000 -0.311500
378.690002 301.320007 165.000000 -0.581500
21.549999 94.790001 104.999992 1.877000
369.950012 384.730011 75.000000 -0.525000
400.339996 251.389999 215.000015 0.176600
451.160004 411.480011 125.000000 0.000100
351.149994 317.230011 205.000000 0.213200
126.960007 469.989960 75.000000 -0.258500
265.890015 249.910004 145.000000 0.403900
303.149994 321.829987 135.000000 -0.723700
365.730011 403.760010 215.000015 -0.136600
127.139999 327.489990 45.000000 0.197100
177.470001 28.440002 205.000000 0.285700
397.839996 243.309998 155.000000 -0.662300
21.549999 94.790001 185.000000 -0.038800
278.220001 309.720001 115.000000 -0.358500
362.690002 176.309998 45.000000 0.044900
87.070000 482.109985 245.000000 -0.239200
362.690002 176.309998 65.000000 0.081100
494.790039 48.910000 145.000000 0.434800
259.609985 410.989990 125.000000 -0.988500
326.859985 294.880005 45.000000 0.751600
322.970001 454.979980 205.000000 -0.617600
125.440002 312.079987 95.000000 0.410000
428.800018 332.540009 25.000000 0.423200
432.929993 319.820007 195.000000 -0.403300
257.549988 341.380005 75.000000 -0.611100
397.839996 243.309998 225.000000 0.614200
278.220001 309.720001 234.999985 0.497300
301.489990 273.140015 55.000000 0.671400
378.690002 301.320007 195.000000 -0.227000
397.839996 243.309998 35.000000 0.287200
369.950012 384.730011 55.000000 -0.052500
164.960007 162.529999 65.000000 1.147200
87.070000 482.109985 55.000000 0.665700
397.839996 243.309998 125.000000 -0.653100
449.420013 7.280000 145.000000 -0.133200
321.350006 295.559998 175.000000 -0.037900
360.320007 218.240005 225.000000 1.226500
485.619965 287.269989 155.000000 -0.826800
305.200012 98.620003 25.000000 -0.107200
397.839996 243.309998 15.000001 0.629700
432.929993 319.820007 75.000000 -0.174900
36.660000 376.950012 215.000015 0.770700
351.149994 317.230011 45.000000 0.190200
318.250000 429.989990 135.000000 -0.636400
87.070000 482.109985 85.000000 0.191500
494.790039 48.910000 75.000000 1.232400
494.790039 48.910000 225.000000 0.348800
346.649994 423.839996 115.000000 -0.915800
395.619995 29.740000 165.000000 -0.064300
298.269989 94.169998 205.000000 0.766500
442.040009 436.390015 234.999985 1.172100
265.890015 249.910004 155.000000 0.447900
177.470001 28.440002 85.000000 1.248600
322.970001 454.979980 75.000000 -0.839300
87.070000 482.109985 205.000000 -0.004700
378.690002 301.320007 95.000000 -0.663800
155.990005 360.869995 225.000000 0.390500
449.420013 7.280000 155.000000 -0.275500
259.609985 410.989990 195.000000 -0.140500
110.449997 318.959991 245.000000 -0.063000
153.250000 487.290009 55.000000 0.335800
124.059998 227.130005 115.000000 2.192500
303.149994 321.829987 75.000000 -0.336300
362.690002 176.309998 95.000000 -0.031300
303.149994 321.829987 85.000000 -0.415100
125.440002 312.079987 215.000015 0.380300
24.240000 60.180004 205.000000 -0.200300
257.549988 341.380005 15.000001 1.501600
257.549988 341.380005 35.000000 0.712600
432.929993 319.820007 45.000000 0.287000
474.270020 286.970001 104.999992 -0.389600
360.170013 137.669998 25.000000 0.039800
469.350006 191.869995 175.000000 -0.056900
305.200012 98.620003 85.000000 -0.098200
21.549999 94.790001 135.000000 1.479800
369.950012 384.730011 215.000015 0.105500
87.070000 482.109985 185.000000 -0.083500
313.820007 301.010010 215.000015 0.239500
442.040009 436.390015 135.000000 -0.060400
241.470001 68.970001 104.999992 0.825400
395.619995 29.740000 35.000000 -1.410700
474.270020 286.970001 35.000000 0.458600
298.269989 94.169998 75.000000 -0.112400
213.610001 335.230011 165.000000 -0.042700
124.059998 227.130005 104.999992 2.164701
10.750000 436.549988 185.000000 0.619100
164.960007 162.529999 45.000000 0.591000
90.820000 436.950012 205.000000 0.471700
177.470001 28.440002 145.000000 1.103300
265.890015 249.910004 195.000000 0.870500
378.690002 301.320007 75.000000 -0.370100
432.929993 319.820007 65.000000 -0.089000
395.619995 29.740000 215.000015 0.603800
36.660000 376.950012 75.000000 0.878200
432.929993 319.820007 215.000015 -0.183800
303.149994 321.829987 185.000000 0.199700
346.649994 423.839996 195.000000 -0.210900
164.960007 162.529999 185.000000 1.154500
124.059998 227.130005 85.000000 1.992300
442.040009 436.390015 95.000000 -0.562700
378.690002 301.320007 65.000000 -0.277700
110.449997 318.959991 145.000000 0.594100
395.619995 29.740000 205.000000 0.564800
24.240000 60.180004 225.000000 -0.379900
259.609985 410.989990 15.000001 1.172000
213.610001 335.230011 195.000000 0.522000
432.929993 319.820007 165.000000 -0.557400
298.269989 94.169998 195.000000 0.566600
155.990005 360.869995 195.000000 0.475500
130.139999 391.570007 205.000000 0.439900
397.839996 243.309998 185.000000 -0.191700
313.820007 301.010010 35.000000 0.808700
313.820007 301.010010 175.000000 -0.129300
24.240000 60.180004 15.000001 1.145300
321.350006 295.559998 45.000000 0.751600
241.470001 68.970001 15.000001 0.004700
126.960007 469.989960 155.000000 -0.578000
259.609985 410.989990 225.000000 -0.489100
213.610001 335.230011 115.000000 -0.384500
177.470001 28.440002 185.000000 0.510100
475.950012 28.810001 104.999992 0.250800
378.690002 301.320007 135.000000 -0.904100
313.820007 301.010010 125.000000 -0.721900
90.820000 436.950012 15.000001 1.041100
362.690002 176.309998 35.000000 0.315900
15.230000 487.869965 205.000000 -0.121800
475.950012 28.810001 234.999985 0.244400
301.489990 273.140015 175.000000 0.101100
36.660000 376.950012 145.000000 1.605500
451.160004 411.480011 104.999992 -0.382400
351.149994 317.230011 95.000000 -0.674000
87.879997 274.649994 104.999992 1.812700
126.960007 469.989960 125.000000 -0.610100
485.619965 287.269989 145.000000 -0.766700
257.549988 341.380005 45.000000 0.363900
126.960007 469.989960 145.000000 -0.549400
298.269989 94.169998 155.000000 0.216100
474.270020 286.970001 75.000000 0.173600
313.820007 301.010010 195.000000 0.295800
474.270020 286.970001 65.000000 0.217700
87.879997 274.649994 45.000000 1.018800
400.339996 251.389999 125.000000 -0.732800
278.220001 309.720001 245.000000 0.414400
321.350006 295.559998 205.000000 0.106300
397.839996 243.309998 55.000000 0.398400
351.149994 317.230011 245.000000 -0.239200
121.070007 192.259995 45.000000 1.177700
400.339996 251.389999 25.000000 0.408300
360.320007 218.240005 45.000000 0.169200
369.950012 384.730011 205.000000 0.080900
490.339996 265.519989 15.000001 0.414200
318.250000 429.989990 175.000000 -0.203600
494.790039 48.910000 95.000000 0.871700
360.170013 137.669998 35.000000 0.091000
378.690002 301.320007 104.999992 -0.799400
321.350006 295.559998 225.000000 0.242900
494.790039 48.910000 195.000000 0.325500
378.690002 301.320007 245.000000 -0.112800
432.929993 319.820007 15.000001 0.609700
351.149994 317.230011 55.000000 0.163500
257.549988 341.380005 234.999985 0.228500
213.610001 335.230011 65.000000 -0.352300
362.690002 176.309998 205.000000 1.750600
157.669998 258.649994 205.000000 0.530100
397.839996 243.309998 65.000000 0.075400
164.960007 162.529999 195.000000 0.661100
164.960007 162.529999 215.000015 0.442500
106.320000 324.380005 185.000000 0.828100
130.139999 391.570007 135.000000 -0.495300
155.990005 360.869995 155.000000 -0.267300
318.250000 429.989990 234.999985 -0.461800
36.660000 376.950012 15.000001 0.900600
494.790039 48.910000 215.000015 0.532500
213.610001 335.230011 215.000015 0.779700
469.350006 191.869995 104.999992 0.632800
136.740005 121.040001 35.000000 0.538200
15.230000 487.869965 155.000000 0.081000
365.730011 403.760010 195.000000 0.223000
110.449997 318.959991 55.000000 0.396200
303.149994 321.829987 65.000000 -0.229700
127.139999 327.489990 195.000000 0.767900
90.820000 436.950012 155.000000 -0.033600
395.619995 29.740000 45.000000 -1.025800
110.449997 318.959991 75.000000 0.341700
305.200012 98.620003 95.000000 -0.159400
303.149994 321.829987 45.000000 0.617000
397.839996 243.309998 85.000000 -0.290700
298.269989 94.169998 165.000000 0.139000
321.350006 295.559998 35.000000 1.083100
442.040009 436.390015 25.000000 -0.272700
432.929993 319.820007 104.999992 -0.524700
351.149994 317.230011 234.999985 -0.067700
490.339996 265.519989 165.000000 -0.758700
313.820007 301.010010 75.000000 -0.144600
469.350006 191.869995 35.000000 0.740500
126.960007 469.989960 185.000000 -0.170300
136.740005 121.040001 125.000000 2.334900
164.960007 162.529999 15.000001 0.688500
153.250000 487.290009 215.000015 -0.396000
475.950012 28.810001 115.000000 0.136400
313.820007 301.010010 155.000000 -0.458400
469.350006 191.869995 45.000000 1.210200
428.800018 332.540009 145.000000 -0.366800
326.859985 294.880005 75.000000 -0.246900
241.470001 68.970001 45.000000 0.175400
395.619995 29.740000 135.000000 -0.565300
490.339996 265.519989 85.000000 0.242700
130.139999 391.570007 234.999985 0.416000
36.660000 376.950012 104.999992 1.242600
257.549988 341.380005 65.000000 -0.237900
10.750000 436.549988 55.000000 1.064200
130.139999 391.570007 145.000000 -0.080100
130.139999 391.570007 245.000000 0.146800
378.690002 301.320007 234.999985 0.177000
90.820000 436.950012 55.000000 0.041000
490.339996 265.519989 115.000000 -0.321700
124.059998 227.130005 234.999985 -0.118800
469.350006 191.869995 165.000000 -0.265900
127.139999 327.489990 165.000000 0.642600
126.960007 469.989960 104.999992 -0.695400
121.070007 192.259995 55.000000 1.540400
305.200012 98.620003 145.000000 -0.150600
494.790039 48.910000 245.000000 0.478700
432.929993 319.820007 145.000000 -0.632000
36.660000 376.950012 234.999985 0.143400
24.240000 60.180004 175.000000 0.205100
259.609985 410.989990 155.000000 -0.574900
351.149994 317.230011 125.000000 -1.070500
469.350006 191.869995 95.000000 0.815800
303.149994 321.829987 95.000000 -0.615700
346.649994 423.839996 125.000000 -0.662600
346.649994 423.839996 65.000000 -0.448900
301.489990 273.140015 104.999992 -0.373400
36.660000 376.950012 65.000000 0.924800
378.690002 301.320007 85.000000 -0.636100
469.350006 191.869995 115.000000 0.421200
474.270020 286.970001 135.000000 -0.536500
346.649994 423.839996 85.000000 -0.868200
298.269989 94.169998 135.000000 -0.018700
321.350006 295.559998 25.000000 1.122300
469.350006 191.869995 15.000001 0.778700
490.339996 265.519989 55.000000 0.500800
213.610001 335.230011 35.000000 0.458000
124.059998 227.130005 175.000000 0.977500
318.250000 429.989990 155.000000 -0.401000
378.690002 301.320007 205.000000 0.156000
360.320007 218.240005 175.000000 0.283200
87.879997 274.649994 115.000000 1.722700
449.420013 7.280000 45.000000 -0.998500
400.339996 251.389999 195.000000 -0.052700
360.320007 218.240005 195.000000 0.481600
106.320000 324.380005 135.000000 0.576000
106.320000 324.380005 35.000000 0.427100
121.070007 192.259995 234.999985 -0.167400
265.890015 249.910004 175.000000 0.839000
362.690002 176.309998 115.000000 -0.236100
301.489990 273.140015 75.000000 0.166200
153.250000 487.290009 15.000001 0.764600
177.470001 28.440002 104.999992 1.485500
90.820000 436.950012 225.000000 0.448500
153.250000 487.290009 125.000000 -0.744800
126.960007 469.989960 234.999985 0.020700
15.230000 487.869965 85.000000 0.457100
90.820000 436.950012 145.000000 -0.039900
127.139999 327.489990 234.999985 0.403600
369.950012 384.730011 45.000000 0.132700
428.800018 332.540009 15.000001 0.592900
87.070000 482.109985 155.000000 -0.122000
15.230000 487.869965 165.000000 -0.073200
153.250000 487.290009 155.000000 -0.808400
121.070007 192.259995 215.000015 0.476000
451.160004 411.480011 215.000015 0.610400
257.549988 341.380005 115.000000 -0.721100
157.669998 258.649994 175.000000 0.923500
110.449997 318.959991 115.000000 0.741700
110.449997 318.959991 125.000000 0.531800
303.149994 321.829987 175.000000 -0.037600
442.040009 436.390015 165.000000 0.458500
24.240000 60.180004 145.000000 0.776800
121.070007 192.259995 115.000000 2.557900
153.250000 487.290009 234.999985 -0.184500
126.960007 469.989960 135.000000 -0.700100
259.609985 410.989990 104.999992 -0.958700
301.489990 273.140015 205.000000 0.601800
305.200012 98.620003 75.000000 -0.206200
378.690002 301.320007 25.000000 0.894300
322.970001 454.979980 215.000015 -0.425000
346.649994 423.839996 95.000000 -0.749600
125.440002 312.079987 115.000000 0.490700
164.960007 162.529999 35.000000 0.603800
24.240000 60.180004 95.000000 1.709300
485.619965 287.269989 65.000000 0.383100
428.800018 332.540009 55.000000 0.051800
298.269989 94.169998 104.999992 -0.073400
155.990005 360.869995 15.000001 0.251700
56.240005 285.160004 195.000000 0.942600
428.800018 332.540009 245.000000 0.034400
475.950012 28.810001 225.000000 0.149500
130.139999 391.570007 115.000000 -0.590800
87.070000 482.109985 125.000000 -0.055000
326.859985 294.880005 155.000000 -0.577500
278.220001 309.720001 215.000015 0.740800
136.740005 121.040001 234.999985 -0.033300
241.470001 68.970001 225.000000 0.357600
365.730011 403.760010 175.000000 0.265100
360.320007 218.240005 25.000000 0.782400
428.800018 332.540009 175.000000 -0.247000
475.950012 28.810001 165.000000 0.219500
153.250000 487.290009 165.000000 -0.733000
301.489990 273.140015 35.000000 1.177700
474.270020 286.970001 175.000000 -0.620400
241.470001 68.970001 205.000000 0.036700
241.470001 68.970001 65.000000 0.698100
126.960007 469.989960 205.000000 0.184000
90.820000 436.950012 195.000000 0.617300
10.750000 436.549988 75.000000 0.838000
136.740005 121.040001 115.000000 2.112100
213.610001 335.230011 15.000001 1.096700
369.950012 384.730011 104.999992 -0.530500
10.750000 436.549988 195.000000 0.871700
87.879997 274.649994 85.000000 1.407500
257.549988 341.380005 205.000000 0.401200
130.139999 391.570007 185.000000 0.326200
395.619995 29.740000 85.000000 -0.520900
265.890015 249.910004 45.000000 1.059600
469.350006 191.869995 85.000000 1.078400
21.549999 94.790001 115.000000 1.854800
127.139999 327.489990 135.000000 0.307500
265.890015 249.910004 215.000015 0.833900
127.139999 327.489990 95.000000 0.335400
36.660000 376.950012 115.000000 1.424000
213.610001 335.230011 175.000000 0.324100
298.269989 94.169998 25.000000 -0.012000
164.960007 162.529999 115.000000 2.450400
213.610001 335.230011 45.000000 0.166400
21.549999 94.790001 55.000000 1.558700
326.859985 294.880005 125.000000 -0.689900
110.449997 318.959991 95.000000 0.522100
428.800018 332.540009 45.000000 0.131400
125.440002 312.079987 185.000000 0.804000
177.470001 28.440002 35.000000 -0.092800
15.230000 487.869965 175.000000 -0.146500
241.470001 68.970001 85.000000 0.942100
213.610001 335.230011 125.000000 -0.341200
90.820000 436.950012 215.000015 0.457300
121.070007 192.259995 95.000000 2.249200
362.690002 176.309998 135.000000 -0.133400
125.440002 312.079987 145.000000 0.584100
15.230000 487.869965 25.000000 1.333400
397.839996 243.309998 175.000000 -0.231600
87.879997 274.649994 165.000000 1.219800
326.859985 294.880005 185.000000 0.269600
351.149994 317.230011 115.000000 -0.957300
360.320007 218.240005 234.999985 1.277800
428.800018 332.540009 165.000000 -0.090000
87.879997 274.649994 215.000015 0.172500
318.250000 429.989990 165.000000 -0.297400
124.059998 227.130005 55.000000 1.502500
21.549999 94.790001 245.000000 0.027800
442.040009 436.390015 175.000000 0.232700
21.549999 94.790001 75.000000 1.699300
326.859985 294.880005 245.000000 -0.072300
360.320007 218.240005 35.000000 0.463600
322.970001 454.979980 45.000000 -0.078700
87.879997 274.649994 25.000000 0.883000
298.269989 94.169998 225.000000 0.894600
360.170013 137.669998 225.000000 2.016500
24.240000 60.180004 45.000000 1.343500
428.800018 332.540009 95.000000 -0.441600
10.750000 436.549988 45.000000 1.216500
475.950012 28.810001 55.000000 -0.372500
490.339996 265.519989 125.000000 -0.320400
397.839996 243.309998 195.000000 0.056200
400.339996 251.389999 155.000000 -0.580800
400.339996 251.389999 95.000000 -0.428900
90.820000 436.950012 165.000000 0.278200
124.059998 227.130005 145.000000 1.547200
21.549999 94.790001 155.000000 0.829200
400.339996 251.389999 55.000000 0.235000
397.839996 243.309998 115.000000 -0.758200
257.549988 341.380005 55.000000 0.078400
369.950012 384.730011 155.000000 0.109000
177.470001 28.440002 25.000000 -0.336500
326.859985 294.880005 205.000000 0.106300
177.470001 28.440002 165.000000 0.789300
24.240000 60.180004 155.000000 0.692700
428.800018 332.540009 104.999992 -0.383700
265.890015 249.910004 205.000000 0.945200
494.790039 48.910000 55.000000 0.909000
428.800018 332.540009 205.000000 -0.093600
474.270020 286.970001 125.000000 -0.476600
397.839996 243.309998 45.000000 0.182800
125.440002 312.079987 135.000000 0.517400
241.470001 68.970001 35.000000 0.252500
451.160004 411.480011 95.000000 -0.504600
301.489990 273.140015 225.000000 0.531200
360.320007 218.240005 95.000000 -0.327600
24.240000 60.180004 245.000000 -0.223300
110.449997 318.959991 155.000000 0.693600
469.350006 191.869995 25.000000 0.797300
360.170013 137.669998 155.000000 0.323400
365.730011 403.760010 65.000000 -0.338100
485.619965 287.269989 175.000000 -0.723600
442.040009 436.390015 145.000000 0.187200
257.549988 341.380005 125.000000 -0.510200
24.240000 60.180004 165.000000 0.475800
442.040009 436.390015 65.000000 -0.689700
451.160004 411.480011 135.000000 0.225500
153.250000 487.290009 175.000000 -0.683100
153.250000 487.290009 65.000000 0.036400
362.690002 176.309998 215.000015 1.621300
155.990005 360.869995 185.000000 0.512300
278.220001 309.720001 75.000000 0.150400
360.170013 137.669998 95.000000 -0.370500
494.790039 48.910000 104.999992 1.071400
397.839996 243.309998 215.000015 0.389000
125.440002 312.079987 125.000000 0.484400
121.070007 192.259995 25.000000 0.896600
136.740005 121.040001 15.000001 0.159300
485.619965 287.269989 55.000000 0.409000
259.609985 410.989990 95.000000 -1.003700
157.669998 258.649994 65.000000 1.111800
369.950012 384.730011 195.000000 0.208000
213.610001 335.230011 185.000000 0.600700
432.929993 319.820007 85.000000 -0.122500
278.220001 309.720001 175.000000 0.362900
362.690002 176.309998 15.000001 0.411600
130.139999 391.570007 95.000000 -0.901900
24.240000 60.180004 55.000000 1.411800
130.139999 391.570007 45.000000 -0.577000
442.040009 436.390015 215.000015 0.728400
241.470001 68.970001 245.000000 0.708000
360.320007 218.240005 104.999992 -0.208000
432.929993 319.820007 185.000000 -0.365300
397.839996 243.309998 75.000000 -0.132200
442.040009 436.390015 125.000000 -0.063500
303.149994 321.829987 25.000000 1.332900
127.139999 327.489990 215.000015 0.411200
321.350006 295.559998 95.000000 -0.698900
110.449997 318.959991 195.000000 0.761400
313.820007 301.010010 234.999985 0.209300
90.820000 436.950012 234.999985 0.075600
360.170013 137.669998 175.000000 0.706300
305.200012 98.620003 155.000000 0.124300
259.609985 410.989990 135.000000 -0.618400
36.660000 376.950012 135.000000 1.629500
474.270020 286.970001 95.000000 -0.143900
87.070000 482.109985 195.000000 -0.023700
177.470001 28.440002 195.000000 0.284800
494.790039 48.910000 35.000000 0.122900
127.139999 327.489990 85.000000 -0.048800
313.820007 301.010010 135.000000 -0.814400
346.649994 423.839996 15.000001 0.613900
305.200012 98.620003 35.000000 -0.037600
136.740005 121.040001 245.000000 -0.013300
15.230000 487.869965 15.000001 1.400200
265.890015 249.910004 85.000000 0.200500
124.059998 227.130005 195.000000 0.555400
360.320007 218.240005 245.000000 1.384900
125.440002 312.079987 155.000000 0.581000
56.240005 285.160004 185.000000 1.002200
136.740005 121.040001 215.000015 0.332500
322.970001 454.979980 225.000000 -0.489300
400.339996 251.389999 15.000001 0.494100
432.929993 319.820007 115.000000 -0.637600
351.149994 317.230011 85.000000 -0.355800
15.230000 487.869965 55.000000 1.161800
124.059998 227.130005 245.000000 -0.264400
346.649994 423.839996 225.000000 -0.318700
177.470001 28.440002 15.000001 -0.466200
369.950012 384.730011 35.000000 0.585800
305.200012 98.620003 175.000000 0.361800
15.230000 487.869965 234.999985 -0.361700
442.040009 436.390015 55.000000 -0.626300
428.800018 332.540009 215.000015 -0.013400
241.470001 68.970001 195.000000 0.050800
265.890015 249.910004 135.000000 0.459400
318.250000 429.989990 104.999992 -0.904000
485.619965 287.269989 85.000000 0.089000
322.970001 454.979980 95.000000 -0.892700
326.859985 294.880005 15.000001 1.466300
298.269989 94.169998 45.000000 -0.014100
298.269989 94.169998 234.999985 1.118700
326.859985 294.880005 215.000015 0.207900
369.950012 384.730011 25.000000 0.736000
130.139999 391.570007 55.000000 -0.780200
494.790039 48.910000 85.000000 1.061700
397.839996 243.309998 205.000000 0.370400
136.740005 121.040001 195.000000 0.567400
451.160004 411.480011 145.000000 0.362400
451.160004 411.480011 45.000000 -0.536600
213.610001 335.230011 145.000000 -0.110700
10.750000 436.549988 155.000000 0.783100
136.740005 121.040001 165.000000 1.325600
106.320000 324.380005 155.000000 0.672600
490.339996 265.519989 104.999992 -0.179200
378.690002 301.320007 155.000000 -0.512600
90.820000 436.950012 104.999992 -0.303700
21.549999 94.790001 195.000000 -0.159800
365.730011 403.760010 25.000000 0.566200
428.800018 332.540009 195.000000 -0.135100
451.160004 411.480011 175.000000 0.648000
257.549988 341.380005 185.000000 0.367200
326.859985 294.880005 145.000000 -0.598800
360.320007 218.240005 15.000001 0.629500
301.489990 273.140015 155.000000 -0.192200
164.960007 162.529999 75.000000 1.758300
213.610001 335.230011 205.000000 0.623200
442.040009 436.390015 185.000000 0.597500
449.420013 7.280000 135.000000 -0.249000
278.220001 309.720001 104.999992 -0.412400
157.669998 258.649994 35.000000 1.030900
241.470001 68.970001 175.000000 0.258300
360.320007 218.240005 145.000000 -0.297800
442.040009 436.390015 115.000000 -0.205400
130.139999 391.570007 155.000000 -0.383900
155.990005 360.869995 165.000000 -0.001600
259.609985 410.989990 234.999985 -0.531100
475.950012 28.810001 245.000000 0.494900
87.879997 274.649994 135.000000 1.643400
15.230000 487.869965 45.000000 1.023300
110.449997 318.959991 35.000000 0.386700
378.690002 301.320007 215.000015 -0.209900
130.139999 391.570007 195.000000 0.387000
318.250000 429.989990 225.000000 -0.381200
485.619965 287.269989 185.000000 -0.636300
164.960007 162.529999 125.000000 2.202200
155.990005 360.869995 25.000000 -0.070600
346.649994 423.839996 145.000000 -0.286000
432.929993 319.820007 205.000000 -0.175200
278.220001 309.720001 45.000000 0.678500
298.269989 94.169998 175.000000 0.396700
469.350006 191.869995 55.000000 1.256500
318.250000 429.989990 205.000000 -0.424700
451.160004 411.480011 15.000001 -0.399600
485.619965 287.269989 225.000000 -0.516000
322.970001 454.979980 234.999985 -0.272000
303.149994 321.829987 205.000000 0.426200
125.440002 312.079987 55.000000 0.339100
322.970001 454.979980 145.000000 -0.373700
351.149994 317.230011 15.000001 1.558600
365.730011 403.760010 85.000000 -0.745700
397.839996 243.309998 25.000000 0.386100
136.740005 121.040001 75.000000 1.626500
298.269989 94.169998 215.000015 0.941000
157.669998 258.649994 135.000000 1.301500
15.230000 487.869965 185.000000 -0.064200
432.929993 319.820007 234.999985 -0.046900
125.440002 312.079987 35.000000 0.371000
127.139999 327.489990 75.000000 0.040200
298.269989 94.169998 115.000000 -0.185600
494.790039 48.910000 185.000000 0.534900
428.800018 332.540009 125.000000 -0.309400
125.440002 312.079987 85.000000 0.231100
305.200012 98.620003 65.000000 -0.206100
351.149994 317.230011 75.000000 -0.375400
36.660000 376.950012 205.000000 1.141300
346.649994 423.839996 185.000000 -0.153800
360.320007 218.240005 115.000000 -0.464700
153.250000 487.290009 195.000000 -0.456000
305.200012 98.620003 185.000000 0.228700
303.149994 321.829987 234.999985 -0.005900
395.619995 29.740000 175.000000 -0.013700
90.820000 436.950012 45.000000 0.467200
164.960007 162.529999 234.999985 -0.056600
213.610001 335.230011 155.000000 -0.136100
126.960007 469.989960 15.000001 0.716800
451.160004 411.480011 85.000000 -0.538800
303.149994 321.829987 55.000000 0.248700
90.820000 436.950012 125.000000 -0.170000
126.960007 469.989960 215.000015 0.004500
321.350006 295.559998 245.000000 -0.072300
56.240005 285.160004 25.000000 0.950200
130.139999 391.570007 15.000001 0.058600
241.470001 68.970001 115.000000 0.815000
177.470001 28.440002 175.000000 0.814000
157.669998 258.649994 145.000000 0.977700
164.960007 162.529999 155.000000 1.958600
106.320000 324.380005 225.000000 0.369800
125.440002 312.079987 165.000000 0.695100
125.440002 312.079987 234.999985 0.263200
305.200012 98.620003 55.000000 -0.041100
322.970001 454.979980 115.000000 -1.008600
241.470001 68.970001 165.000000 0.161700
257.549988 341.380005 245.000000 0.157100
126.960007 469.989960 95.000000 -0.549600
90.820000 436.950012 185.000000 0.487000
360.170013 137.669998 165.000000 0.659600
432.929993 319.820007 155.000000 -0.576100
153.250000 487.290009 104.999992 -0.948700
485.619965 287.269989 125.000000 -0.371900
90.820000 436.950012 135.000000 -0.091900
362.690002 176.309998 55.000000 0.088000
360.170013 137.669998 145.000000 0.063700
360.170013 137.669998 115.000000 -0.496900
157.669998 258.649994 104.999992 1.193100
278.220001 309.720001 185.000000 0.546200
475.950012 28.810001 25.000000 -1.099300
442.040009 436.390015 45.000000 -0.629300
360.320007 218.240005 155.000000 -0.101100
265.890015 249.910004 125.000000 0.296000
449.420013 7.280000 205.000000 0.261100
24.240000 60.180004 35.000000 1.374100
395.619995 29.740000 65.000000 -0.895200
485.619965 287.269989 135.000000 -0.340400
395.619995 29.740000 55.000000 -0.795600
10.750000 436.549988 25.000000 1.445100
303.149994 321.829987 145.000000 -0.615300
313.820007 301.010010 185.000000 0.224500
56.240005 285.160004 145.000000 1.817000
318.250000 429.989990 215.000015 -0.712500
130.139999 391.570007 165.000000 0.077800
36.660000 376.950012 225.000000 0.722900
213.610001 335.230011 245.000000 0.368400
241.470001 68.970001 135.000000 0.756500
301.489990 273.140015 165.000000 -0.245200
362.690002 176.309998 234.999985 1.733600
326.859985 294.880005 95.000000 -0.698900
10.750000 436.549988 245.000000 -0.274400
428.800018 332.540009 35.000000 0.263300
136.740005 121.040001 225.000000 0.083700
301.489990 273.140015 215.000015 0.569000
442.040009 436.390015 15.000001 -0.360100
313.820007 301.010010 55.000000 0.281000
127.139999 327.489990 225.000000 0.339300
369.950012 384.730011 225.000000 0.127100
87.879997 274.649994 175.000000 1.176000
121.070007 192.259995 155.000000 1.705500
395.619995 29.740000 234.999985 0.657300
432.929993 319.820007 245.000000 -0.002900
