pygeostat_saved_data
4
X
Y
Z
value
418.980042 132.100006 85.000000 0.529500
14.899999 492.149963 185.000000 -0.186900
106.320000 324.380005 35.000000 0.427100
259.609985 410.989990 245.000000 -0.480100
301.489990 273.140015 95.000000 -0.343500
389.589996 27.639999 95.000000 -0.840200
378.690002 301.320007 185.000000 -0.084400
432.929993 319.820007 205.000000 -0.175200
474.270020 286.970001 135.000000 -0.536500
321.350006 295.559998 234.999985 0.341700
360.170013 137.669998 115.000000 -0.496900
313.820007 301.010010 135.000000 -0.814400
190.830002 249.960022 135.000000 1.156200
279.510010 102.050003 125.000000 0.386800
15.230000 487.869965 75.000000 0.625800
362.690002 176.309998 234.999985 1.733600
157.669998 258.649994 104.999992 1.193100
356.609985 440.149963 125.000000 -0.543100
149.710007 20.520000 165.000000 0.765600
360.320007 218.240005 234.999985 1.277800
110.449997 318.959991 155.000000 0.693600
127.139999 327.489990 145.000000 0.304000
485.619965 287.269989 95.000000 0.024500
351.149994 317.230011 75.000000 -0.375400
39.540001 330.609985 175.000000 1.397900
129.550003 337.709991 165.000000 0.515400
322.970001 454.979980 35.000000 0.257200
475.950012 28.810001 65.000000 0.350200
322.970001 454.979980 115.000000 -1.008600
278.220001 309.720001 65.000000 -0.012800
29.600000 454.640015 45.000000 1.162000
395.619995 29.740000 125.000000 -0.684800
126.960007 469.989960 95.000000 -0.549600
301.489990 273.140015 115.000000 -0.348200
369.950012 384.730011 234.999985 0.045800
90.820000 436.950012 104.999992 -0.303700
90.820000 436.950012 215.000015 0.457300
490.339996 265.519989 245.000000 0.003900
75.480003 447.730011 155.000000 0.427800
148.389999 16.129999 25.000000 -0.549400
356.609985 440.149963 205.000000 -0.290500
298.269989 94.169998 135.000000 -0.018700
279.510010 102.050003 75.000000 0.341500
130.139999 391.570007 145.000000 -0.080100
130.139999 391.570007 35.000000 -0.164800
318.250000 429.989990 125.000000 -0.760800
422.380005 473.869995 175.000000 0.320000
412.209991 59.169994 65.000000 -0.276500
389.589996 27.639999 175.000000 -0.030100
318.250000 429.989990 65.000000 -0.566300
130.139999 391.570007 215.000015 0.430100
451.160004 411.480011 85.000000 -0.538800
127.139999 327.489990 225.000000 0.339300
106.320000 324.380005 65.000000 0.276000
135.559998 23.230000 195.000000 0.351200
8.950000 60.600002 25.000000 1.525700
389.589996 27.639999 85.000000 -0.854700
422.380005 473.869995 225.000000 0.737800
418.980042 132.100006 35.000000 0.018500
190.830002 249.960022 15.000001 0.971600
78.150002 435.610016 234.999985 -0.038000
130.139999 391.570007 205.000000 0.439900
301.489990 273.140015 195.000000 0.406500
303.149994 321.829987 25.000000 1.332900
87.070000 482.109985 205.000000 -0.004700
397.839996 243.309998 145.000000 -0.466700
36.660000 376.950012 185.000000 1.284900
313.820007 301.010010 215.000015 0.239500
395.619995 29.740000 25.000000 -1.409200
29.600000 454.640015 205.000000 0.266900
39.540001 330.609985 234.999985 0.389500
75.480003 447.730011 234.999985 0.096800
149.710007 20.520000 145.000000 1.160300
265.890015 249.910004 175.000000 0.839000
265.890015 249.910004 55.000000 1.051600
428.800018 332.540009 155.000000 -0.137400
155.990005 360.869995 125.000000 -0.473800
351.149994 317.230011 15.000001 1.558600
428.800018 332.540009 165.000000 -0.090000
149.710007 20.520000 135.000000 1.633900
395.619995 29.740000 225.000000 0.568400
400.339996 251.389999 195.000000 -0.052700
135.559998 23.230000 175.000000 0.790900
110.449997 318.959991 85.000000 0.578800
118.160011 475.640015 125.000000 -0.581500
485.619965 287.269989 65.000000 0.383100
29.600000 454.640015 75.000000 0.355000
346.649994 423.839996 135.000000 -0.467100
127.139999 327.489990 65.000000 -0.042300
355.769989 359.440002 55.000000 0.003600
389.589996 27.639999 125.000000 -0.819100
273.750000 95.489998 125.000000 0.293200
259.609985 410.989990 65.000000 -0.315500
44.119999 165.649994 35.000000 1.262000
78.150002 435.610016 25.000000 0.948900
153.250000 487.290009 45.000000 0.504200
369.950012 384.730011 205.000000 0.080900
469.350006 191.869995 165.000000 -0.265900
126.960007 469.989960 225.000000 -0.157900
449.420013 7.280000 215.000015 0.157200
110.449997 318.959991 25.000000 0.536100
18.750000 492.299988 215.000015 -0.256000
362.690002 176.309998 145.000000 -0.014400
378.690002 301.320007 45.000000 0.414500
241.470001 68.970001 205.000000 0.036700
56.240005 285.160004 35.000000 0.805900
265.890015 249.910004 155.000000 0.447900
127.139999 327.489990 45.000000 0.197100
10.750000 436.549988 145.000000 0.890200
303.149994 321.829987 185.000000 0.199700
422.380005 473.869995 55.000000 -0.820600
305.200012 98.620003 35.000000 -0.037600
303.149994 321.829987 135.000000 -0.723700
397.839996 243.309998 205.000000 0.370400
121.070007 192.259995 135.000000 2.226700
369.950012 384.730011 65.000000 -0.319500
305.200012 98.620003 155.000000 0.124300
451.160004 411.480011 35.000000 -0.637400
29.600000 454.640015 95.000000 0.706700
322.970001 454.979980 225.000000 -0.489300
378.690002 301.320007 195.000000 -0.227000
106.320000 324.380005 175.000000 0.832900
125.440002 312.079987 85.000000 0.231100
453.849976 194.809998 225.000000 0.842600
257.549988 341.380005 75.000000 -0.611100
400.339996 251.389999 125.000000 -0.732800
485.619965 287.269989 125.000000 -0.371900
401.970001 486.839996 45.000000 -0.523700
397.839996 243.309998 95.000000 -0.512500
449.420013 7.280000 185.000000 0.376500
469.350006 191.869995 234.999985 0.784400
279.510010 102.050003 35.000000 0.451200
326.859985 294.880005 25.000000 1.122300
301.489990 273.140015 245.000000 0.377900
298.269989 94.169998 165.000000 0.139000
78.150002 435.610016 85.000000 -0.220900
356.609985 440.149963 55.000000 -0.314700
298.269989 94.169998 234.999985 1.118700
164.960007 162.529999 175.000000 1.303100
254.429977 472.820007 215.000015 -0.863300
322.970001 454.979980 65.000000 -0.498300
400.339996 251.389999 205.000000 0.047300
8.950000 60.600002 234.999985 -0.404300
442.040009 436.390015 155.000000 0.606700
39.540001 330.609985 104.999992 1.668500
148.389999 16.129999 65.000000 0.689500
148.389999 16.129999 155.000000 1.180000
10.750000 436.549988 205.000000 0.718900
87.070000 482.109985 185.000000 -0.083500
110.449997 318.959991 65.000000 0.189900
127.139999 327.489990 155.000000 0.358400
124.059998 227.130005 175.000000 0.977500
121.070007 192.259995 245.000000 -0.582500
129.550003 337.709991 155.000000 0.465500
412.209991 59.169994 125.000000 -0.113200
494.790039 48.910000 225.000000 0.348800
494.790039 48.910000 115.000000 0.810200
278.220001 309.720001 15.000001 1.855200
278.220001 309.720001 104.999992 -0.412400
148.389999 16.129999 175.000000 0.693000
8.950000 60.600002 95.000000 1.536500
401.970001 486.839996 175.000000 0.031700
451.160004 411.480011 65.000000 -0.608000
29.600000 454.640015 125.000000 0.447600
90.820000 436.950012 245.000000 0.022600
149.710007 20.520000 45.000000 0.129500
451.160004 411.480011 125.000000 0.000100
241.470001 68.970001 155.000000 0.416000
254.429977 472.820007 55.000000 0.110300
442.040009 436.390015 135.000000 -0.060400
469.350006 191.869995 125.000000 0.064800
326.859985 294.880005 175.000000 -0.037900
321.350006 295.559998 135.000000 -0.525600
136.740005 121.040001 65.000000 1.367400
126.960007 469.989960 75.000000 -0.258500
422.380005 473.869995 195.000000 0.206400
254.429977 472.820007 245.000000 -0.663400
259.609985 410.989990 25.000000 0.740500
346.649994 423.839996 145.000000 -0.286000
164.960007 162.529999 165.000000 1.447300
365.730011 403.760010 45.000000 0.146900
56.240005 285.160004 95.000000 1.693400
378.690002 301.320007 205.000000 0.156000
135.559998 23.230000 25.000000 -0.646100
305.200012 98.620003 125.000000 -0.243000
36.660000 376.950012 195.000000 1.338600
428.800018 332.540009 35.000000 0.263300
14.899999 492.149963 155.000000 -0.320100
190.830002 249.960022 195.000000 0.761700
257.549988 341.380005 85.000000 -0.579000
254.429977 472.820007 175.000000 -0.621300
474.270020 286.970001 15.000001 0.309900
110.449997 318.959991 95.000000 0.522100
129.550003 337.709991 65.000000 0.084800
130.139999 391.570007 234.999985 0.416000
56.240005 285.160004 85.000000 1.546400
475.950012 28.810001 55.000000 -0.372500
78.150002 435.610016 125.000000 0.460600
485.619965 287.269989 175.000000 -0.723600
87.070000 482.109985 135.000000 -0.370800
400.339996 251.389999 245.000000 0.203100
442.040009 436.390015 145.000000 0.187200
62.029999 312.450012 225.000000 0.348500
469.350006 191.869995 185.000000 0.064100
15.230000 487.869965 245.000000 -0.540900
8.950000 60.600002 115.000000 1.441900
453.849976 194.809998 45.000000 1.144300
490.339996 265.519989 45.000000 0.577400
400.339996 251.389999 45.000000 0.238100
155.990005 360.869995 35.000000 -0.308700
118.160011 475.640015 65.000000 0.183500
127.139999 327.489990 195.000000 0.767900
422.380005 473.869995 145.000000 -0.065000
422.380005 473.869995 245.000000 1.255800
87.070000 482.109985 234.999985 -0.233800
24.240000 60.180004 115.000000 1.350700
300.089996 259.239990 55.000000 0.549700
313.820007 301.010010 125.000000 -0.721900
300.089996 259.239990 234.999985 0.779800
305.200012 98.620003 195.000000 0.760900
18.750000 492.299988 165.000000 -0.190000
130.139999 391.570007 75.000000 -0.922500
148.389999 16.129999 125.000000 1.454200
356.609985 440.149963 104.999992 -0.610700
241.470001 68.970001 65.000000 0.698100
125.440002 312.079987 45.000000 0.393300
300.089996 259.239990 185.000000 0.532500
149.710007 20.520000 234.999985 -0.069600
164.960007 162.529999 55.000000 1.036700
494.790039 48.910000 145.000000 0.434800
90.820000 436.950012 145.000000 -0.039900
432.929993 319.820007 15.000001 0.609700
355.769989 359.440002 135.000000 -0.839900
369.950012 384.730011 115.000000 -0.555300
259.609985 410.989990 145.000000 -0.338500
397.839996 243.309998 104.999992 -0.662400
29.600000 454.640015 135.000000 0.374100
469.350006 191.869995 115.000000 0.421200
300.089996 259.239990 45.000000 0.936300
278.220001 309.720001 25.000000 1.396400
442.040009 436.390015 25.000000 -0.272700
494.790039 48.910000 245.000000 0.478700
29.600000 454.640015 25.000000 1.454300
401.970001 486.839996 205.000000 0.227400
56.240005 285.160004 45.000000 1.197500
36.660000 376.950012 245.000000 0.170800
177.470001 28.440002 155.000000 0.890800
318.250000 429.989990 135.000000 -0.636400
21.549999 94.790001 175.000000 0.208200
213.610001 335.230011 35.000000 0.458000
177.470001 28.440002 45.000000 0.126800
449.420013 7.280000 115.000000 -0.513800
322.970001 454.979980 165.000000 -0.227400
469.350006 191.869995 65.000000 1.260500
485.619965 287.269989 135.000000 -0.340400
190.830002 249.960022 185.000000 0.774900
110.449997 318.959991 175.000000 0.818800
90.820000 436.950012 15.000001 1.041100
257.549988 341.380005 115.000000 -0.721100
126.960007 469.989960 25.000000 0.815900
153.250000 487.290009 35.000000 0.590700
118.160011 475.640015 234.999985 -0.297400
365.730011 403.760010 155.000000 0.283100
121.070007 192.259995 185.000000 0.730400
418.980042 132.100006 145.000000 0.091000
8.950000 60.600002 155.000000 0.638500
148.389999 16.129999 195.000000 0.283200
351.989990 427.250000 135.000000 -0.201100
21.549999 94.790001 234.999985 -0.034900
356.609985 440.149963 25.000000 0.293900
273.750000 95.489998 45.000000 0.238200
24.240000 60.180004 25.000000 1.206900
475.950012 28.810001 245.000000 0.494900
135.559998 23.230000 234.999985 0.071200
24.240000 60.180004 145.000000 0.776800
346.649994 423.839996 155.000000 -0.051400
157.669998 258.649994 195.000000 0.720400
18.750000 492.299988 45.000000 1.135900
121.070007 192.259995 35.000000 1.185100
29.600000 454.640015 115.000000 0.470300
449.420013 7.280000 125.000000 -0.440300
494.790039 48.910000 215.000015 0.532500
369.950012 384.730011 145.000000 -0.283200
356.609985 440.149963 185.000000 -0.147400
18.750000 492.299988 85.000000 0.263100
125.440002 312.079987 185.000000 0.804000
110.339996 469.959961 145.000000 -0.384800
148.389999 16.129999 104.999992 1.522200
130.139999 391.570007 125.000000 -0.538600
24.240000 60.180004 185.000000 0.101600
213.610001 335.230011 55.000000 -0.015600
24.240000 60.180004 135.000000 1.237300
8.950000 60.600002 165.000000 0.502200
177.470001 28.440002 175.000000 0.814000
351.989990 427.250000 104.999992 -0.619300
469.350006 191.869995 75.000000 1.217100
14.899999 492.149963 104.999992 0.108400
395.619995 29.740000 15.000001 -1.320600
124.059998 227.130005 185.000000 0.831500
432.929993 319.820007 175.000000 -0.211100
412.209991 59.169994 75.000000 -0.331700
362.690002 176.309998 135.000000 -0.133400
378.690002 301.320007 225.000000 -0.011200
157.669998 258.649994 25.000000 0.948500
164.960007 162.529999 215.000015 0.442500
21.549999 94.790001 115.000000 1.854800
442.040009 436.390015 75.000000 -0.744700
451.160004 411.480011 155.000000 0.558900
400.339996 251.389999 225.000000 0.172100
15.230000 487.869965 45.000000 1.023300
397.839996 243.309998 25.000000 0.386100
18.750000 492.299988 115.000000 -0.113100
428.800018 332.540009 125.000000 -0.309400
164.960007 162.529999 205.000000 0.694600
378.690002 301.320007 55.000000 0.033700
356.609985 440.149963 15.000001 0.427000
369.950012 384.730011 185.000000 -0.038600
490.339996 265.519989 185.000000 -0.688500
118.160011 475.640015 145.000000 -0.524400
110.339996 469.959961 85.000000 -0.424200
87.879997 274.649994 195.000000 0.560800
356.609985 440.149963 65.000000 -0.482000
469.350006 191.869995 45.000000 1.210200
326.859985 294.880005 65.000000 0.200900
129.550003 337.709991 25.000000 0.159000
378.690002 301.320007 234.999985 0.177000
90.820000 436.950012 85.000000 -0.349500
130.139999 391.570007 115.000000 -0.590800
369.950012 384.730011 25.000000 0.736000
157.669998 258.649994 165.000000 1.016100
300.089996 259.239990 15.000001 1.677000
130.139999 391.570007 104.999992 -0.823600
321.350006 295.559998 25.000000 1.122300
78.150002 435.610016 135.000000 0.211200
62.029999 312.450012 15.000001 0.446700
78.150002 435.610016 45.000000 0.720500
24.240000 60.180004 195.000000 0.122100
36.660000 376.950012 35.000000 0.957900
279.510010 102.050003 25.000000 0.268600
490.339996 265.519989 195.000000 -0.771800
400.339996 251.389999 35.000000 0.416200
303.149994 321.829987 75.000000 -0.336300
303.149994 321.829987 55.000000 0.248700
362.690002 176.309998 15.000001 0.411600
326.859985 294.880005 155.000000 -0.577500
278.220001 309.720001 55.000000 0.306600
449.420013 7.280000 245.000000 0.446800
90.820000 436.950012 65.000000 -0.153800
155.990005 360.869995 95.000000 -0.990600
360.170013 137.669998 245.000000 1.977500
110.339996 469.959961 15.000001 0.839700
39.540001 330.609985 135.000000 1.706900
44.119999 165.649994 85.000000 2.173200
265.890015 249.910004 85.000000 0.200500
36.660000 376.950012 75.000000 0.878200
75.480003 447.730011 225.000000 0.139400
241.470001 68.970001 135.000000 0.756500
129.550003 337.709991 125.000000 0.115700
21.549999 94.790001 15.000001 1.230700
127.139999 327.489990 95.000000 0.335400
303.149994 321.829987 125.000000 -0.834100
24.240000 60.180004 125.000000 1.271000
110.449997 318.959991 145.000000 0.594100
397.839996 243.309998 35.000000 0.287200
449.420013 7.280000 85.000000 -0.148500
305.200012 98.620003 234.999985 1.168800
474.270020 286.970001 215.000015 -0.335900
355.769989 359.440002 25.000000 1.234800
355.769989 359.440002 75.000000 -0.531200
135.559998 23.230000 165.000000 0.840500
442.040009 436.390015 35.000000 -0.474800
351.149994 317.230011 234.999985 -0.067700
125.440002 312.079987 95.000000 0.410000
149.710007 20.520000 115.000000 1.738800
127.139999 327.489990 175.000000 0.957300
355.769989 359.440002 15.000001 1.327700
303.149994 321.829987 245.000000 -0.070300
451.160004 411.480011 205.000000 0.655200
453.849976 194.809998 104.999992 0.639100
15.230000 487.869965 104.999992 0.192200
360.170013 137.669998 175.000000 0.706300
190.830002 249.960022 55.000000 1.063200
106.320000 324.380005 85.000000 0.397500
360.320007 218.240005 175.000000 0.283200
148.389999 16.129999 55.000000 0.328300
322.970001 454.979980 15.000001 0.774800
412.209991 59.169994 45.000000 -0.653000
432.929993 319.820007 165.000000 -0.557400
318.250000 429.989990 115.000000 -0.754400
56.240005 285.160004 104.999992 1.647000
442.040009 436.390015 55.000000 -0.626300
360.170013 137.669998 234.999985 2.078700
318.250000 429.989990 175.000000 -0.203600
474.270020 286.970001 155.000000 -0.728500
273.750000 95.489998 175.000000 0.248400
305.200012 98.620003 245.000000 1.290200
254.429977 472.820007 35.000000 0.463700
432.929993 319.820007 145.000000 -0.632000
265.890015 249.910004 45.000000 1.059600
110.339996 469.959961 185.000000 -0.033900
300.089996 259.239990 175.000000 0.274200
322.970001 454.979980 195.000000 -0.431700
475.950012 28.810001 234.999985 0.244400
153.250000 487.290009 65.000000 0.036400
428.800018 332.540009 195.000000 -0.135100
110.449997 318.959991 45.000000 0.699900
136.740005 121.040001 185.000000 0.739000
298.269989 94.169998 115.000000 -0.185600
326.859985 294.880005 165.000000 -0.459600
56.240005 285.160004 135.000000 1.799000
124.059998 227.130005 65.000000 1.619100
10.750000 436.549988 25.000000 1.445100
326.859985 294.880005 205.000000 0.106300
360.170013 137.669998 75.000000 -0.136700
301.489990 273.140015 45.000000 1.060600
254.429977 472.820007 165.000000 -0.542200
418.980042 132.100006 205.000000 1.545000
442.040009 436.390015 165.000000 0.458500
360.320007 218.240005 35.000000 0.463600
121.070007 192.259995 25.000000 0.896600
78.150002 435.610016 205.000000 0.547700
62.029999 312.450012 175.000000 1.053500
351.149994 317.230011 104.999992 -0.770800
124.059998 227.130005 245.000000 -0.264400
121.070007 192.259995 205.000000 0.151300
300.089996 259.239990 75.000000 0.196200
155.990005 360.869995 175.000000 0.246900
412.209991 59.169994 234.999985 1.186200
474.270020 286.970001 175.000000 -0.620400
395.619995 29.740000 195.000000 0.331600
494.790039 48.910000 175.000000 0.485900
129.550003 337.709991 115.000000 0.258100
155.990005 360.869995 45.000000 -0.236900
301.489990 273.140015 55.000000 0.671400
44.119999 165.649994 125.000000 2.382400
56.240005 285.160004 75.000000 1.511900
125.440002 312.079987 35.000000 0.371000
14.899999 492.149963 65.000000 0.652200
279.510010 102.050003 45.000000 0.482100
355.769989 359.440002 245.000000 -0.306200
75.480003 447.730011 75.000000 0.155600
136.740005 121.040001 234.999985 -0.033300
279.510010 102.050003 15.000001 0.035200
418.980042 132.100006 75.000000 0.317300
10.750000 436.549988 45.000000 1.216500
62.029999 312.450012 115.000000 1.411200
300.089996 259.239990 115.000000 -0.056900
305.200012 98.620003 55.000000 -0.041100
432.929993 319.820007 55.000000 0.109100
241.470001 68.970001 115.000000 0.815000
110.449997 318.959991 115.000000 0.741700
125.440002 312.079987 205.000000 0.744400
432.929993 319.820007 95.000000 -0.532400
469.350006 191.869995 215.000015 0.443200
78.150002 435.610016 245.000000 0.009000
127.139999 327.489990 165.000000 0.642600
125.440002 312.079987 225.000000 0.562200
321.350006 295.559998 35.000000 1.083100
90.820000 436.950012 75.000000 0.018600
395.619995 29.740000 155.000000 -0.458000
39.540001 330.609985 85.000000 1.324800
233.159988 273.779999 104.999992 0.127300
14.899999 492.149963 225.000000 -0.185100
395.619995 29.740000 65.000000 -0.895200
346.649994 423.839996 115.000000 -0.915800
279.510010 102.050003 145.000000 0.542800
432.929993 319.820007 75.000000 -0.174900
432.929993 319.820007 195.000000 -0.403300
75.480003 447.730011 65.000000 0.278700
351.149994 317.230011 135.000000 -0.912600
110.449997 318.959991 225.000000 0.304600
301.489990 273.140015 205.000000 0.601800
278.220001 309.720001 234.999985 0.497300
44.119999 165.649994 65.000000 1.625700
21.549999 94.790001 65.000000 1.524300
29.600000 454.640015 145.000000 0.388300
254.429977 472.820007 195.000000 -0.614800
78.150002 435.610016 225.000000 0.143900
360.320007 218.240005 215.000015 1.023700
401.970001 486.839996 155.000000 -0.158700
494.790039 48.910000 195.000000 0.325500
129.550003 337.709991 75.000000 -0.255400
121.070007 192.259995 45.000000 1.177700
259.609985 410.989990 55.000000 -0.368800
24.240000 60.180004 75.000000 1.369400
36.660000 376.950012 45.000000 0.772500
365.730011 403.760010 205.000000 0.016400
44.119999 165.649994 55.000000 1.648600
44.119999 165.649994 155.000000 1.488900
233.159988 273.779999 155.000000 0.507400
428.800018 332.540009 25.000000 0.423200
24.240000 60.180004 205.000000 -0.200300
389.589996 27.639999 104.999992 -1.070700
360.320007 218.240005 185.000000 0.370200
62.029999 312.450012 234.999985 0.089800
453.849976 194.809998 145.000000 -0.183000
75.480003 447.730011 185.000000 0.227300
360.320007 218.240005 195.000000 0.481600
360.170013 137.669998 25.000000 0.039800
39.540001 330.609985 15.000001 0.382900
362.690002 176.309998 215.000015 1.621300
39.540001 330.609985 65.000000 1.096900
56.240005 285.160004 155.000000 1.667900
351.989990 427.250000 215.000015 -0.226700
321.350006 295.559998 95.000000 -0.698900
490.339996 265.519989 75.000000 0.532700
10.750000 436.549988 95.000000 0.696100
110.449997 318.959991 245.000000 -0.063000
157.669998 258.649994 115.000000 1.510200
135.559998 23.230000 215.000015 -0.045000
494.790039 48.910000 35.000000 0.122900
39.540001 330.609985 35.000000 0.684700
449.420013 7.280000 145.000000 -0.133200
213.610001 335.230011 125.000000 -0.341200
494.790039 48.910000 45.000000 0.517900
351.149994 317.230011 95.000000 -0.674000
153.250000 487.290009 25.000000 0.675600
395.619995 29.740000 95.000000 -0.702300
279.510010 102.050003 225.000000 1.096200
494.790039 48.910000 155.000000 0.336200
474.270020 286.970001 55.000000 0.362700
106.320000 324.380005 225.000000 0.369800
125.440002 312.079987 55.000000 0.339100
360.170013 137.669998 215.000015 1.747400
346.649994 423.839996 104.999992 -0.644900
190.830002 249.960022 215.000015 0.748600
418.980042 132.100006 185.000000 1.017400
485.619965 287.269989 165.000000 -0.750000
62.029999 312.450012 205.000000 0.630500
351.149994 317.230011 65.000000 -0.169600
190.830002 249.960022 225.000000 0.551300
412.209991 59.169994 15.000001 -0.882300
418.980042 132.100006 195.000000 1.523700
130.139999 391.570007 225.000000 0.391300
125.440002 312.079987 104.999992 0.558400
365.730011 403.760010 245.000000 0.089000
389.589996 27.639999 225.000000 0.414300
474.270020 286.970001 115.000000 -0.504700
110.339996 469.959961 115.000000 -0.473600
121.070007 192.259995 234.999985 -0.167400
355.769989 359.440002 125.000000 -0.823400
265.890015 249.910004 75.000000 0.629500
432.929993 319.820007 245.000000 -0.002900
355.769989 359.440002 234.999985 -0.242000
442.040009 436.390015 125.000000 -0.063500
412.209991 59.169994 155.000000 0.053500
78.150002 435.610016 15.000001 0.882900
321.350006 295.559998 125.000000 -0.689900
155.990005 360.869995 234.999985 0.399700
87.070000 482.109985 245.000000 -0.239200
213.610001 335.230011 165.000000 -0.042700
351.149994 317.230011 85.000000 -0.355800
124.059998 227.130005 215.000015 0.314100
233.159988 273.779999 245.000000 0.453800
418.980042 132.100006 245.000000 1.796600
422.380005 473.869995 155.000000 -0.054100
362.690002 176.309998 185.000000 0.900000
279.510010 102.050003 135.000000 0.526500
257.549988 341.380005 165.000000 0.238100
351.149994 317.230011 55.000000 0.163500
305.200012 98.620003 85.000000 -0.098200
326.859985 294.880005 95.000000 -0.698900
130.139999 391.570007 15.000001 0.058600
118.160011 475.640015 175.000000 -0.119200
124.059998 227.130005 45.000000 1.319300
110.339996 469.959961 245.000000 0.089400
451.160004 411.480011 145.000000 0.362400
106.320000 324.380005 185.000000 0.828100
303.149994 321.829987 205.000000 0.426200
490.339996 265.519989 85.000000 0.242700
233.159988 273.779999 65.000000 0.427700
124.059998 227.130005 15.000001 0.894200
18.750000 492.299988 55.000000 0.858200
36.660000 376.950012 215.000015 0.770700
121.070007 192.259995 75.000000 1.980000
106.320000 324.380005 45.000000 0.474900
124.059998 227.130005 165.000000 1.180400
136.740005 121.040001 95.000000 2.077200
121.070007 192.259995 15.000001 0.896100
87.879997 274.649994 234.999985 -0.089200
127.139999 327.489990 205.000000 0.594200
24.240000 60.180004 245.000000 -0.223300
90.820000 436.950012 205.000000 0.471700
164.960007 162.529999 234.999985 -0.056600
365.730011 403.760010 85.000000 -0.745700
155.990005 360.869995 55.000000 -0.661600
397.839996 243.309998 45.000000 0.182800
313.820007 301.010010 225.000000 0.240500
87.879997 274.649994 245.000000 -0.405400
378.690002 301.320007 165.000000 -0.581500
87.070000 482.109985 55.000000 0.665700
29.600000 454.640015 155.000000 0.327300
29.600000 454.640015 165.000000 0.550300
18.750000 492.299988 135.000000 -0.212800
322.970001 454.979980 95.000000 -0.892700
129.550003 337.709991 215.000015 0.690800
257.549988 341.380005 234.999985 0.228500
136.740005 121.040001 115.000000 2.112100
18.750000 492.299988 65.000000 0.652200
490.339996 265.519989 115.000000 -0.321700
451.160004 411.480011 225.000000 0.993200
360.320007 218.240005 104.999992 -0.208000
300.089996 259.239990 225.000000 0.929100
127.139999 327.489990 104.999992 0.278400
177.470001 28.440002 145.000000 1.103300
400.339996 251.389999 115.000000 -0.622100
395.619995 29.740000 85.000000 -0.520900
485.619965 287.269989 15.000001 0.336500
300.089996 259.239990 195.000000 0.697000
110.339996 469.959961 195.000000 0.166800
155.990005 360.869995 25.000000 -0.070600
321.350006 295.559998 15.000001 1.466300
148.389999 16.129999 205.000000 0.354300
78.150002 435.610016 155.000000 0.452200
190.830002 249.960022 85.000000 0.870800
136.740005 121.040001 15.000001 0.159300
254.429977 472.820007 205.000000 -0.619600
273.750000 95.489998 95.000000 0.290200
362.690002 176.309998 95.000000 -0.031300
351.989990 427.250000 65.000000 -0.445600
75.480003 447.730011 145.000000 0.507600
254.429977 472.820007 135.000000 -0.637900
44.119999 165.649994 45.000000 1.435600
56.240005 285.160004 65.000000 1.390200
369.950012 384.730011 215.000015 0.105500
106.320000 324.380005 125.000000 0.628400
313.820007 301.010010 104.999992 -0.752100
14.899999 492.149963 85.000000 0.263100
127.139999 327.489990 245.000000 -0.079000
15.230000 487.869965 195.000000 0.010700
362.690002 176.309998 55.000000 0.088000
241.470001 68.970001 175.000000 0.258300
442.040009 436.390015 245.000000 1.292800
397.839996 243.309998 15.000001 0.629700
78.150002 435.610016 35.000000 0.874900
369.950012 384.730011 104.999992 -0.530500
265.890015 249.910004 185.000000 0.744200
490.339996 265.519989 175.000000 -0.680400
233.159988 273.779999 185.000000 0.814600
326.859985 294.880005 225.000000 0.242900
87.879997 274.649994 165.000000 1.219800
321.350006 295.559998 155.000000 -0.577500
87.879997 274.649994 185.000000 0.811700
453.849976 194.809998 234.999985 0.806200
213.610001 335.230011 75.000000 -0.533400
56.240005 285.160004 25.000000 0.950200
148.389999 16.129999 225.000000 0.094000
321.350006 295.559998 145.000000 -0.598800
36.660000 376.950012 165.000000 1.590600
87.070000 482.109985 25.000000 1.275500
346.649994 423.839996 245.000000 -0.175200
378.690002 301.320007 35.000000 0.472500
422.380005 473.869995 185.000000 0.229300
10.750000 436.549988 125.000000 0.673900
75.480003 447.730011 95.000000 0.146000
432.929993 319.820007 125.000000 -0.594000
149.710007 20.520000 215.000015 0.123000
87.070000 482.109985 115.000000 -0.433700
265.890015 249.910004 234.999985 0.993400
305.200012 98.620003 175.000000 0.361800
273.750000 95.489998 55.000000 0.338000
14.899999 492.149963 135.000000 -0.212800
39.540001 330.609985 185.000000 1.269100
442.040009 436.390015 195.000000 0.662200
257.549988 341.380005 45.000000 0.363900
265.890015 249.910004 135.000000 0.459400
326.859985 294.880005 104.999992 -0.462700
279.510010 102.050003 245.000000 1.111000
273.750000 95.489998 135.000000 0.351500
369.950012 384.730011 75.000000 -0.525000
469.350006 191.869995 145.000000 -0.311000
469.350006 191.869995 25.000000 0.797300
15.230000 487.869965 145.000000 -0.104100
412.209991 59.169994 95.000000 -0.216700
213.610001 335.230011 85.000000 -0.403600
362.690002 176.309998 125.000000 -0.179700
360.170013 137.669998 185.000000 1.348500
356.609985 440.149963 195.000000 -0.251000
475.950012 28.810001 165.000000 0.219500
75.480003 447.730011 35.000000 1.111400
351.989990 427.250000 55.000000 -0.205500
75.480003 447.730011 125.000000 0.229400
453.849976 194.809998 125.000000 0.168600
321.350006 295.559998 165.000000 -0.459600
213.610001 335.230011 245.000000 0.368400
273.750000 95.489998 155.000000 0.313900
469.350006 191.869995 85.000000 1.078400
126.960007 469.989960 45.000000 0.408700
355.769989 359.440002 65.000000 -0.177400
401.970001 486.839996 135.000000 -0.309200
257.549988 341.380005 155.000000 -0.044800
155.990005 360.869995 85.000000 -0.992600
418.980042 132.100006 165.000000 0.485300
164.960007 162.529999 75.000000 1.758300
130.139999 391.570007 85.000000 -1.045000
351.149994 317.230011 145.000000 -0.654800
135.559998 23.230000 95.000000 1.575400
318.250000 429.989990 45.000000 0.277000
149.710007 20.520000 195.000000 0.373600
241.470001 68.970001 145.000000 0.641700
110.339996 469.959961 35.000000 0.538900
14.899999 492.149963 75.000000 0.668200
126.960007 469.989960 55.000000 0.008600
442.040009 436.390015 45.000000 -0.629300
301.489990 273.140015 185.000000 0.350200
326.859985 294.880005 135.000000 -0.525600
21.549999 94.790001 245.000000 0.027800
164.960007 162.529999 155.000000 1.958600
369.950012 384.730011 55.000000 -0.052500
259.609985 410.989990 225.000000 -0.489100
485.619965 287.269989 104.999992 -0.300100
257.549988 341.380005 245.000000 0.157100
313.820007 301.010010 175.000000 -0.129300
257.549988 341.380005 195.000000 0.718600
378.690002 301.320007 115.000000 -0.798400
149.710007 20.520000 175.000000 0.741500
378.690002 301.320007 85.000000 -0.636100
412.209991 59.169994 245.000000 1.162500
129.550003 337.709991 45.000000 0.208300
164.960007 162.529999 85.000000 1.651000
106.320000 324.380005 25.000000 0.426800
265.890015 249.910004 195.000000 0.870500
355.769989 359.440002 95.000000 -0.764600
318.250000 429.989990 95.000000 -0.888000
351.989990 427.250000 125.000000 -0.474600
360.170013 137.669998 125.000000 -0.259900
110.339996 469.959961 234.999985 -0.108900
278.220001 309.720001 185.000000 0.546200
449.420013 7.280000 35.000000 -1.287400
90.820000 436.950012 155.000000 -0.033600
135.559998 23.230000 75.000000 1.230300
397.839996 243.309998 115.000000 -0.758200
313.820007 301.010010 145.000000 -0.744500
475.950012 28.810001 75.000000 0.385100
475.950012 28.810001 45.000000 -0.317200
213.610001 335.230011 234.999985 0.525400
278.220001 309.720001 225.000000 0.509400
428.800018 332.540009 104.999992 -0.383700
153.250000 487.290009 15.000001 0.764600
153.250000 487.290009 55.000000 0.335800
90.820000 436.950012 125.000000 -0.170000
400.339996 251.389999 175.000000 -0.585800
90.820000 436.950012 135.000000 -0.091900
395.619995 29.740000 35.000000 -1.410700
148.389999 16.129999 215.000015 0.441300
378.690002 301.320007 125.000000 -0.703600
321.350006 295.559998 205.000000 0.106300
362.690002 176.309998 225.000000 1.902100
87.070000 482.109985 225.000000 -0.190300
351.989990 427.250000 175.000000 0.076200
157.669998 258.649994 185.000000 0.754000
87.879997 274.649994 85.000000 1.407500
469.350006 191.869995 245.000000 0.663000
362.690002 176.309998 45.000000 0.044900
257.549988 341.380005 135.000000 -0.425000
118.160011 475.640015 215.000015 0.034200
469.350006 191.869995 155.000000 -0.324100
118.160011 475.640015 35.000000 0.840000
36.660000 376.950012 175.000000 1.373500
453.849976 194.809998 195.000000 0.184500
418.980042 132.100006 65.000000 0.574100
365.730011 403.760010 234.999985 -0.009800
157.669998 258.649994 135.000000 1.301500
265.890015 249.910004 15.000001 1.383900
485.619965 287.269989 195.000000 -0.602700
24.240000 60.180004 165.000000 0.475800
87.879997 274.649994 45.000000 1.018800
301.489990 273.140015 25.000000 1.223200
318.250000 429.989990 205.000000 -0.424700
241.470001 68.970001 125.000000 0.840400
24.240000 60.180004 225.000000 -0.379900
365.730011 403.760010 185.000000 0.072900
365.730011 403.760010 225.000000 0.007900
326.859985 294.880005 15.000001 1.466300
265.890015 249.910004 125.000000 0.296000
110.339996 469.959961 215.000015 0.028200
14.899999 492.149963 215.000015 -0.256000
494.790039 48.910000 234.999985 0.370600
29.600000 454.640015 225.000000 0.074900
130.139999 391.570007 185.000000 0.326200
24.240000 60.180004 234.999985 -0.222200
351.989990 427.250000 185.000000 -0.068500
485.619965 287.269989 85.000000 0.089000
87.070000 482.109985 65.000000 0.572600
360.170013 137.669998 55.000000 -0.048200
322.970001 454.979980 205.000000 -0.617600
87.070000 482.109985 145.000000 -0.342300
356.609985 440.149963 135.000000 -0.222600
449.420013 7.280000 165.000000 0.216400
432.929993 319.820007 25.000000 0.616000
475.950012 28.810001 125.000000 -0.009500
397.839996 243.309998 65.000000 0.075400
177.470001 28.440002 245.000000 0.158900
110.339996 469.959961 225.000000 -0.168300
318.250000 429.989990 145.000000 -0.552700
254.429977 472.820007 65.000000 -0.276800
213.610001 335.230011 185.000000 0.600700
153.250000 487.290009 95.000000 -0.581800
124.059998 227.130005 104.999992 2.164700
127.139999 327.489990 35.000000 0.462100
121.070007 192.259995 215.000015 0.476000
190.830002 249.960022 95.000000 0.986300
378.690002 301.320007 175.000000 -0.553200
400.339996 251.389999 65.000000 0.078900
351.149994 317.230011 115.000000 -0.957300
449.420013 7.280000 175.000000 0.122800
451.160004 411.480011 55.000000 -0.699800
418.980042 132.100006 225.000000 1.948800
153.250000 487.290009 205.000000 -0.517200
24.240000 60.180004 55.000000 1.411800
355.769989 359.440002 165.000000 -0.121700
110.449997 318.959991 135.000000 0.576600
177.470001 28.440002 104.999992 1.485500
62.029999 312.450012 135.000000 1.463000
24.240000 60.180004 65.000000 1.231900
313.820007 301.010010 234.999985 0.209300
298.269989 94.169998 95.000000 -0.045900
257.549988 341.380005 65.000000 -0.237900
401.970001 486.839996 185.000000 -0.029000
121.070007 192.259995 85.000000 2.068200
360.320007 218.240005 225.000000 1.226500
475.950012 28.810001 185.000000 0.400500
125.440002 312.079987 155.000000 0.581000
254.429977 472.820007 45.000000 0.401700
190.830002 249.960022 35.000000 0.891100
177.470001 28.440002 185.000000 0.510100
75.480003 447.730011 25.000000 1.164300
428.800018 332.540009 215.000015 -0.013400
110.339996 469.959961 135.000000 -0.491700
326.859985 294.880005 75.000000 -0.246900
278.220001 309.720001 155.000000 -0.167600
451.160004 411.480011 234.999985 1.118500
121.070007 192.259995 145.000000 1.864500
362.690002 176.309998 115.000000 -0.236100
130.139999 391.570007 95.000000 -0.901900
127.139999 327.489990 185.000000 0.817300
300.089996 259.239990 35.000000 1.121600
78.150002 435.610016 95.000000 0.038200
401.970001 486.839996 55.000000 -0.685600
369.950012 384.730011 135.000000 -0.445300
36.660000 376.950012 234.999985 0.143400
135.559998 23.230000 65.000000 0.806400
265.890015 249.910004 145.000000 0.403900
8.950000 60.600002 35.000000 1.340600
177.470001 28.440002 115.000000 1.507800
485.619965 287.269989 35.000000 0.615300
389.589996 27.639999 135.000000 -0.914700
90.820000 436.950012 55.000000 0.041000
157.669998 258.649994 245.000000 0.114900
298.269989 94.169998 25.000000 -0.012000
36.660000 376.950012 225.000000 0.722900
485.619965 287.269989 225.000000 -0.516000
124.059998 227.130005 55.000000 1.502500
110.449997 318.959991 104.999992 0.434200
39.540001 330.609985 115.000000 1.910500
157.669998 258.649994 55.000000 1.239500
422.380005 473.869995 25.000000 -0.615600
412.209991 59.169994 85.000000 -0.144000
322.970001 454.979980 185.000000 -0.500300
39.540001 330.609985 215.000015 0.862700
15.230000 487.869965 55.000000 1.161800
87.070000 482.109985 15.000001 1.245400
126.960007 469.989960 245.000000 -0.126500
400.339996 251.389999 104.999992 -0.700600
56.240005 285.160004 55.000000 1.223200
110.339996 469.959961 95.000000 -0.466200
213.610001 335.230011 25.000000 0.682600
213.610001 335.230011 115.000000 -0.384500
298.269989 94.169998 104.999992 -0.073400
356.609985 440.149963 245.000000 0.011800
21.549999 94.790001 145.000000 0.993100
318.250000 429.989990 195.000000 -0.407900
346.649994 423.839996 195.000000 -0.210900
400.339996 251.389999 155.000000 -0.580800
87.070000 482.109985 75.000000 0.192600
21.549999 94.790001 205.000000 -0.109700
213.610001 335.230011 15.000001 1.096700
485.619965 287.269989 55.000000 0.409000
44.119999 165.649994 225.000000 -0.061600
494.790039 48.910000 85.000000 1.061700
422.380005 473.869995 45.000000 -0.504100
428.800018 332.540009 225.000000 -0.077900
259.609985 410.989990 75.000000 -0.515100
360.320007 218.240005 85.000000 -0.164100
177.470001 28.440002 95.000000 1.506500
351.149994 317.230011 35.000000 0.777500
369.950012 384.730011 245.000000 -0.193200
469.350006 191.869995 175.000000 -0.056900
126.960007 469.989960 165.000000 -0.256100
127.139999 327.489990 55.000000 0.193900
8.950000 60.600002 75.000000 1.405900
121.070007 192.259995 225.000000 0.113900
110.449997 318.959991 15.000001 0.267000
56.240005 285.160004 165.000000 1.399900
389.589996 27.639999 45.000000 -1.128900
10.750000 436.549988 245.000000 -0.274400
326.859985 294.880005 125.000000 -0.689900
485.619965 287.269989 45.000000 0.314000
469.350006 191.869995 135.000000 -0.293800
303.149994 321.829987 165.000000 -0.245100
136.740005 121.040001 225.000000 0.083700
148.389999 16.129999 245.000000 0.250700
475.950012 28.810001 225.000000 0.149500
121.070007 192.259995 155.000000 1.705500
257.549988 341.380005 25.000000 1.066200
418.980042 132.100006 55.000000 0.543800
378.690002 301.320007 95.000000 -0.663800
190.830002 249.960022 75.000000 0.885600
351.149994 317.230011 185.000000 -0.094500
449.420013 7.280000 155.000000 -0.275500
126.960007 469.989960 125.000000 -0.610100
44.119999 165.649994 104.999992 2.355400
106.320000 324.380005 165.000000 0.888400
149.710007 20.520000 155.000000 1.274900
278.220001 309.720001 175.000000 0.362900
233.159988 273.779999 15.000001 1.388400
126.960007 469.989960 115.000000 -0.764300
360.170013 137.669998 45.000000 0.086100
298.269989 94.169998 85.000000 0.049100
400.339996 251.389999 85.000000 -0.517000
233.159988 273.779999 145.000000 0.508000
412.209991 59.169994 55.000000 -0.617300
213.610001 335.230011 205.000000 0.623200
451.160004 411.480011 175.000000 0.648000
485.619965 287.269989 234.999985 -0.081000
155.990005 360.869995 155.000000 -0.267300
360.170013 137.669998 195.000000 1.708600
428.800018 332.540009 85.000000 -0.467200
164.960007 162.529999 125.000000 2.202200
21.549999 94.790001 225.000000 -0.233000
298.269989 94.169998 245.000000 1.268600
135.559998 23.230000 145.000000 1.246200
412.209991 59.169994 165.000000 0.340000
78.150002 435.610016 175.000000 0.597100
400.339996 251.389999 215.000015 0.176600
153.250000 487.290009 104.999992 -0.948700
164.960007 162.529999 95.000000 2.127200
369.950012 384.730011 165.000000 0.253000
365.730011 403.760010 35.000000 0.339900
15.230000 487.869965 25.000000 1.333400
118.160011 475.640015 135.000000 -0.580000
135.559998 23.230000 15.000001 -0.456300
90.820000 436.950012 195.000000 0.617300
265.890015 249.910004 165.000000 0.455900
355.769989 359.440002 195.000000 -0.059800
362.690002 176.309998 104.999992 -0.328900
62.029999 312.450012 55.000000 0.956700
62.029999 312.450012 195.000000 0.796200
494.790039 48.910000 95.000000 0.871700
418.980042 132.100006 115.000000 0.141500
177.470001 28.440002 75.000000 0.909100
14.899999 492.149963 125.000000 -0.157100
233.159988 273.779999 75.000000 0.156600
126.960007 469.989960 155.000000 -0.578000
490.339996 265.519989 225.000000 -0.352900
15.230000 487.869965 155.000000 0.081000
322.970001 454.979980 75.000000 -0.839300
15.230000 487.869965 115.000000 -0.067500
164.960007 162.529999 45.000000 0.591000
164.960007 162.529999 115.000000 2.450400
313.820007 301.010010 15.000001 1.647800
29.600000 454.640015 185.000000 0.485700
318.250000 429.989990 35.000000 0.372700
362.690002 176.309998 195.000000 1.374600
75.480003 447.730011 135.000000 0.233100
278.220001 309.720001 135.000000 -0.454800
44.119999 165.649994 115.000000 2.766600
313.820007 301.010010 155.000000 -0.458400
118.160011 475.640015 25.000000 0.909100
397.839996 243.309998 155.000000 -0.662300
494.790039 48.910000 104.999992 1.071400
155.990005 360.869995 215.000015 0.621600
418.980042 132.100006 95.000000 0.374600
273.750000 95.489998 75.000000 0.404300
106.320000 324.380005 15.000001 0.298900
130.139999 391.570007 165.000000 0.077800
355.769989 359.440002 104.999992 -0.829500
15.230000 487.869965 225.000000 -0.354300
351.989990 427.250000 115.000000 -0.591800
273.750000 95.489998 195.000000 0.544500
301.489990 273.140015 125.000000 -0.190300
365.730011 403.760010 195.000000 0.223000
305.200012 98.620003 95.000000 -0.159400
412.209991 59.169994 205.000000 0.887400
155.990005 360.869995 225.000000 0.390500
233.159988 273.779999 45.000000 0.722200
87.070000 482.109985 85.000000 0.191500
130.139999 391.570007 245.000000 0.146800
305.200012 98.620003 135.000000 -0.064100
313.820007 301.010010 195.000000 0.295800
365.730011 403.760010 104.999992 -0.738600
125.440002 312.079987 15.000001 0.188700
442.040009 436.390015 85.000000 -0.716600
418.980042 132.100006 25.000000 -0.299800
118.160011 475.640015 95.000000 -0.357300
39.540001 330.609985 25.000000 0.713600
62.029999 312.450012 25.000000 0.893900
257.549988 341.380005 145.000000 -0.319700
78.150002 435.610016 75.000000 -0.129300
322.970001 454.979980 155.000000 -0.389900
401.970001 486.839996 225.000000 0.637800
305.200012 98.620003 205.000000 0.976300
149.710007 20.520000 225.000000 0.142700
110.339996 469.959961 75.000000 0.006400
389.589996 27.639999 185.000000 0.181500
177.470001 28.440002 205.000000 0.285700
432.929993 319.820007 65.000000 -0.089000
300.089996 259.239990 25.000000 1.147100
75.480003 447.730011 175.000000 0.439600
56.240005 285.160004 185.000000 1.002200
351.989990 427.250000 225.000000 -0.118200
305.200012 98.620003 25.000000 -0.107200
378.690002 301.320007 104.999992 -0.799400
428.800018 332.540009 75.000000 -0.404000
14.899999 492.149963 95.000000 0.316900
378.690002 301.320007 145.000000 -0.662300
321.350006 295.559998 215.000015 0.207900
432.929993 319.820007 234.999985 -0.046900
355.769989 359.440002 85.000000 -0.800600
29.600000 454.640015 215.000015 0.250700
395.619995 29.740000 245.000000 0.777600
233.159988 273.779999 55.000000 0.665200
346.649994 423.839996 125.000000 -0.662600
241.470001 68.970001 45.000000 0.175400
124.059998 227.130005 205.000000 0.443100
305.200012 98.620003 45.000000 -0.003800
303.149994 321.829987 104.999992 -0.668700
389.589996 27.639999 15.000001 -1.475900
412.209991 59.169994 195.000000 0.895900
118.160011 475.640015 155.000000 -0.307300
265.890015 249.910004 104.999992 0.287200
300.089996 259.239990 155.000000 -0.081900
360.170013 137.669998 225.000000 2.016500
14.899999 492.149963 115.000000 -0.113100
8.950000 60.600002 125.000000 1.330500
449.420013 7.280000 104.999992 -0.279300
155.990005 360.869995 104.999992 -1.002700
24.240000 60.180004 175.000000 0.205100
365.730011 403.760010 15.000001 0.779900
279.510010 102.050003 55.000000 0.424600
164.960007 162.529999 104.999992 2.054801
190.830002 249.960022 165.000000 0.983900
15.230000 487.869965 215.000015 -0.232900
190.830002 249.960022 234.999985 0.560500
39.540001 330.609985 55.000000 0.984700
442.040009 436.390015 215.000015 0.728400
87.070000 482.109985 125.000000 -0.055000
259.609985 410.989990 35.000000 0.531900
190.830002 249.960022 175.000000 0.941000
432.929993 319.820007 35.000000 0.418200
265.890015 249.910004 35.000000 1.260800
360.170013 137.669998 65.000000 -0.247600
36.660000 376.950012 95.000000 0.872100
356.609985 440.149963 45.000000 0.005300
303.149994 321.829987 115.000000 -0.860200
279.510010 102.050003 165.000000 0.435400
190.830002 249.960022 155.000000 1.080300
21.549999 94.790001 25.000000 1.407400
326.859985 294.880005 55.000000 0.471200
351.149994 317.230011 205.000000 0.213200
110.339996 469.959961 205.000000 0.222500
87.879997 274.649994 145.000000 1.278900
362.690002 176.309998 245.000000 1.898300
155.990005 360.869995 75.000000 -0.921200
273.750000 95.489998 35.000000 0.085700
14.899999 492.149963 25.000000 1.353300
365.730011 403.760010 145.000000 -0.003400
401.970001 486.839996 65.000000 -0.620600
360.320007 218.240005 115.000000 -0.464700
153.250000 487.290009 85.000000 -0.601100
153.250000 487.290009 195.000000 -0.456000
300.089996 259.239990 95.000000 -0.087200
257.549988 341.380005 185.000000 0.367200
15.230000 487.869965 15.000001 1.400200
155.990005 360.869995 65.000000 -0.810200
10.750000 436.549988 65.000000 0.894100
422.380005 473.869995 135.000000 -0.126700
106.320000 324.380005 195.000000 0.737100
148.389999 16.129999 45.000000 0.095500
129.550003 337.709991 135.000000 0.213100
157.669998 258.649994 125.000000 1.291500
418.980042 132.100006 45.000000 0.249700
400.339996 251.389999 165.000000 -0.628400
449.420013 7.280000 55.000000 -0.718700
149.710007 20.520000 85.000000 1.181300
442.040009 436.390015 65.000000 -0.689700
362.690002 176.309998 205.000000 1.750600
10.750000 436.549988 85.000000 0.682500
14.899999 492.149963 205.000000 -0.305200
432.929993 319.820007 85.000000 -0.122500
157.669998 258.649994 205.000000 0.530100
346.649994 423.839996 215.000015 -0.212100
474.270020 286.970001 35.000000 0.458600
21.549999 94.790001 95.000000 1.754700
355.769989 359.440002 115.000000 -0.869400
494.790039 48.910000 205.000000 0.476700
121.070007 192.259995 95.000000 2.249200
78.150002 435.610016 145.000000 0.391400
153.250000 487.290009 115.000000 -0.706800
362.690002 176.309998 35.000000 0.315900
149.710007 20.520000 185.000000 0.684500
124.059998 227.130005 115.000000 2.192500
451.160004 411.480011 25.000000 -0.487600
474.270020 286.970001 125.000000 -0.476600
313.820007 301.010010 205.000000 0.417900
351.149994 317.230011 165.000000 -0.496500
451.160004 411.480011 185.000000 0.405900
360.320007 218.240005 245.000000 1.384900
110.339996 469.959961 55.000000 0.355800
474.270020 286.970001 185.000000 -0.750100
494.790039 48.910000 125.000000 0.571100
453.849976 194.809998 55.000000 1.018600
129.550003 337.709991 245.000000 0.163900
87.070000 482.109985 175.000000 -0.092800
233.159988 273.779999 25.000000 1.263600
490.339996 265.519989 234.999985 -0.195600
428.800018 332.540009 115.000000 -0.308500
118.160011 475.640015 205.000000 -0.190900
21.549999 94.790001 155.000000 0.829200
29.600000 454.640015 245.000000 -0.325500
351.989990 427.250000 155.000000 0.344500
485.619965 287.269989 115.000000 -0.252500
494.790039 48.910000 185.000000 0.534900
127.139999 327.489990 125.000000 0.376200
44.119999 165.649994 95.000000 2.347500
21.549999 94.790001 35.000000 1.522100
148.389999 16.129999 135.000000 1.606300
213.610001 335.230011 155.000000 -0.136100
75.480003 447.730011 45.000000 0.696000
177.470001 28.440002 225.000000 0.249000
129.550003 337.709991 15.000001 0.042700
428.800018 332.540009 185.000000 -0.178200
124.059998 227.130005 145.000000 1.547200
127.139999 327.489990 135.000000 0.307500
301.489990 273.140015 175.000000 0.101100
149.710007 20.520000 205.000000 0.365700
397.839996 243.309998 234.999985 0.534700
129.550003 337.709991 234.999985 0.604000
313.820007 301.010010 25.000000 1.303100
321.350006 295.559998 195.000000 0.189500
18.750000 492.299988 75.000000 0.668200
87.879997 274.649994 125.000000 1.839400
365.730011 403.760010 95.000000 -0.656100
135.559998 23.230000 205.000000 0.104800
18.750000 492.299988 145.000000 -0.208000
110.339996 469.959961 104.999992 -0.806000
360.320007 218.240005 75.000000 -0.108300
428.800018 332.540009 205.000000 -0.093600
412.209991 59.169994 185.000000 0.667800
279.510010 102.050003 85.000000 0.406100
453.849976 194.809998 135.000000 -0.221500
490.339996 265.519989 215.000015 -0.411500
148.389999 16.129999 85.000000 1.456400
121.070007 192.259995 55.000000 1.540400
136.740005 121.040001 165.000000 1.325600
8.950000 60.600002 185.000000 0.062100
135.559998 23.230000 45.000000 -0.082000
449.420013 7.280000 135.000000 -0.249000
305.200012 98.620003 185.000000 0.228700
56.240005 285.160004 245.000000 -0.534000
389.589996 27.639999 215.000015 0.555100
135.559998 23.230000 125.000000 1.567700
401.970001 486.839996 145.000000 -0.205100
378.690002 301.320007 25.000000 0.894300
474.270020 286.970001 205.000000 -0.404600
18.750000 492.299988 234.999985 -0.534900
322.970001 454.979980 45.000000 -0.078700
369.950012 384.730011 85.000000 -0.659000
475.950012 28.810001 135.000000 -0.134700
397.839996 243.309998 125.000000 -0.653100
326.859985 294.880005 245.000000 -0.072300
351.989990 427.250000 165.000000 0.289800
254.429977 472.820007 234.999985 -0.788400
321.350006 295.559998 245.000000 -0.072300
305.200012 98.620003 75.000000 -0.206200
15.230000 487.869965 85.000000 0.457100
356.609985 440.149963 234.999985 -0.073300
362.690002 176.309998 65.000000 0.081100
360.320007 218.240005 15.000001 0.629500
125.440002 312.079987 65.000000 0.236500
155.990005 360.869995 195.000000 0.475500
129.550003 337.709991 55.000000 -0.077300
389.589996 27.639999 25.000000 -1.252700
233.159988 273.779999 234.999985 0.727800
44.119999 165.649994 215.000015 0.114200
475.950012 28.810001 25.000000 -1.099300
36.660000 376.950012 115.000000 1.424000
369.950012 384.730011 125.000000 -0.515800
129.550003 337.709991 95.000000 0.012900
298.269989 94.169998 75.000000 -0.112400
14.899999 492.149963 145.000000 -0.208000
305.200012 98.620003 15.000001 0.020500
21.549999 94.790001 85.000000 1.728400
326.859985 294.880005 185.000000 0.269600
365.730011 403.760010 175.000000 0.265100
148.389999 16.129999 15.000001 -0.587500
10.750000 436.549988 215.000015 0.578600
300.089996 259.239990 205.000000 0.712600
177.470001 28.440002 165.000000 0.789300
322.970001 454.979980 25.000000 0.361900
397.839996 243.309998 185.000000 -0.191700
449.420013 7.280000 75.000000 -0.508900
254.429977 472.820007 125.000000 -0.657700
303.149994 321.829987 195.000000 0.346300
56.240005 285.160004 125.000000 1.963600
318.250000 429.989990 85.000000 -0.919900
153.250000 487.290009 215.000015 -0.396000
318.250000 429.989990 215.000015 -0.712500
44.119999 165.649994 234.999985 -0.250500
326.859985 294.880005 215.000015 0.207900
254.429977 472.820007 185.000000 -0.652400
475.950012 28.810001 104.999992 0.250800
360.170013 137.669998 15.000001 -0.090100
121.070007 192.259995 175.000000 1.074400
78.150002 435.610016 165.000000 0.527500
428.800018 332.540009 234.999985 0.139400
62.029999 312.450012 85.000000 1.127600
360.170013 137.669998 35.000000 0.091000
90.820000 436.950012 225.000000 0.448500
254.429977 472.820007 115.000000 -1.005500
241.470001 68.970001 185.000000 0.195000
125.440002 312.079987 215.000015 0.380300
136.740005 121.040001 175.000000 0.889600
39.540001 330.609985 195.000000 0.899100
155.990005 360.869995 185.000000 0.512300
118.160011 475.640015 45.000000 0.785900
351.149994 317.230011 45.000000 0.190200
469.350006 191.869995 15.000001 0.778700
451.160004 411.480011 45.000000 -0.536600
432.929993 319.820007 225.000000 -0.239000
300.089996 259.239990 215.000015 0.811800
273.750000 95.489998 85.000000 0.263300
118.160011 475.640015 75.000000 0.064400
153.250000 487.290009 155.000000 -0.808400
36.660000 376.950012 145.000000 1.605500
321.350006 295.559998 85.000000 -0.311500
278.220001 309.720001 165.000000 0.209600
153.250000 487.290009 165.000000 -0.733000
397.839996 243.309998 175.000000 -0.231600
298.269989 94.169998 45.000000 -0.014100
453.849976 194.809998 155.000000 -0.096800
259.609985 410.989990 195.000000 -0.140500
110.339996 469.959961 65.000000 -0.038000
313.820007 301.010010 165.000000 -0.383500
322.970001 454.979980 245.000000 -0.168000
8.950000 60.600002 145.000000 0.901500
259.609985 410.989990 95.000000 -1.003700
124.059998 227.130005 125.000000 2.114400
157.669998 258.649994 45.000000 1.009300
87.879997 274.649994 15.000001 0.665400
36.660000 376.950012 125.000000 1.399200
135.559998 23.230000 115.000000 1.655700
318.250000 429.989990 245.000000 -0.560100
313.820007 301.010010 75.000000 -0.144600
490.339996 265.519989 25.000000 0.564500
157.669998 258.649994 175.000000 0.923500
44.119999 165.649994 175.000000 1.069400
485.619965 287.269989 75.000000 0.041800
351.149994 317.230011 225.000000 0.220300
29.600000 454.640015 55.000000 0.980900
241.470001 68.970001 234.999985 0.576200
453.849976 194.809998 35.000000 0.841900
469.350006 191.869995 35.000000 0.740500
233.159988 273.779999 225.000000 0.857000
362.690002 176.309998 25.000000 0.357300
301.489990 273.140015 155.000000 -0.192200
213.610001 335.230011 45.000000 0.166400
474.270020 286.970001 145.000000 -0.842200
233.159988 273.779999 165.000000 0.592600
36.660000 376.950012 85.000000 0.818400
259.609985 410.989990 85.000000 -0.999600
110.449997 318.959991 165.000000 0.510000
356.609985 440.149963 175.000000 -0.155100
298.269989 94.169998 225.000000 0.894600
428.800018 332.540009 55.000000 0.051800
449.420013 7.280000 205.000000 0.261100
318.250000 429.989990 234.999985 -0.461800
8.950000 60.600002 225.000000 -0.240800
10.750000 436.549988 135.000000 0.901900
321.350006 295.559998 115.000000 -0.770300
106.320000 324.380005 145.000000 0.604000
164.960007 162.529999 15.000001 0.688500
87.879997 274.649994 205.000000 0.294600
422.380005 473.869995 75.000000 -0.735500
300.089996 259.239990 165.000000 0.225400
298.269989 94.169998 125.000000 -0.050900
321.350006 295.559998 65.000000 0.200900
87.070000 482.109985 165.000000 -0.032200
106.320000 324.380005 115.000000 0.549600
474.270020 286.970001 245.000000 0.014900
301.489990 273.140015 215.000015 0.569000
303.149994 321.829987 234.999985 -0.005900
351.989990 427.250000 25.000000 0.520400
56.240005 285.160004 145.000000 1.817000
190.830002 249.960022 125.000000 1.105200
135.559998 23.230000 55.000000 0.431500
136.740005 121.040001 75.000000 1.626500
360.320007 218.240005 135.000000 -0.393800
397.839996 243.309998 75.000000 -0.132200
346.649994 423.839996 15.000001 0.613900
149.710007 20.520000 25.000000 -0.563000
18.750000 492.299988 185.000000 -0.186900
87.879997 274.649994 225.000000 -0.005600
190.830002 249.960022 45.000000 0.920600
136.740005 121.040001 155.000000 1.624200
351.149994 317.230011 155.000000 -0.793000
15.230000 487.869965 185.000000 -0.064200
346.649994 423.839996 75.000000 -0.636900
365.730011 403.760010 55.000000 -0.231700
265.890015 249.910004 95.000000 0.252300
360.320007 218.240005 25.000000 0.782400
422.380005 473.869995 65.000000 -0.716800
279.510010 102.050003 234.999985 1.031200
469.350006 191.869995 205.000000 0.428900
490.339996 265.519989 15.000001 0.414200
365.730011 403.760010 215.000015 -0.136600
298.269989 94.169998 15.000001 0.063600
346.649994 423.839996 95.000000 -0.749600
369.950012 384.730011 95.000000 -0.605700
397.839996 243.309998 135.000000 -0.638700
318.250000 429.989990 155.000000 -0.401000
395.619995 29.740000 135.000000 -0.565300
110.449997 318.959991 125.000000 0.531800
118.160011 475.640015 195.000000 -0.020600
233.159988 273.779999 35.000000 1.115000
124.059998 227.130005 225.000000 -0.076900
356.609985 440.149963 165.000000 0.091700
106.320000 324.380005 104.999992 0.536500
300.089996 259.239990 125.000000 -0.025500
326.859985 294.880005 115.000000 -0.770300
475.950012 28.810001 15.000001 -1.021100
87.879997 274.649994 115.000000 1.722700
422.380005 473.869995 104.999992 -0.812800
313.820007 301.010010 85.000000 -0.493200
395.619995 29.740000 45.000000 -1.025800
397.839996 243.309998 55.000000 0.398400
389.589996 27.639999 205.000000 0.459900
395.619995 29.740000 185.000000 0.077100
378.690002 301.320007 75.000000 -0.370100
106.320000 324.380005 75.000000 0.490300
29.600000 454.640015 15.000001 1.432200
259.609985 410.989990 205.000000 -0.577100
485.619965 287.269989 215.000015 -0.316700
106.320000 324.380005 205.000000 0.614000
257.549988 341.380005 95.000000 -0.700700
78.150002 435.610016 215.000015 0.436600
259.609985 410.989990 155.000000 -0.574900
118.160011 475.640015 185.000000 -0.315500
149.710007 20.520000 65.000000 0.643400
355.769989 359.440002 205.000000 0.052600
62.029999 312.450012 145.000000 1.122300
233.159988 273.779999 175.000000 0.799900
233.159988 273.779999 135.000000 0.275200
129.550003 337.709991 145.000000 0.415400
241.470001 68.970001 35.000000 0.252500
485.619965 287.269989 25.000000 0.279400
135.559998 23.230000 245.000000 0.224500
125.440002 312.079987 245.000000 0.249600
148.389999 16.129999 165.000000 0.774400
360.170013 137.669998 145.000000 0.063700
153.250000 487.290009 135.000000 -0.698800
422.380005 473.869995 125.000000 -0.344600
124.059998 227.130005 85.000000 1.992300
148.389999 16.129999 234.999985 0.028600
453.849976 194.809998 95.000000 0.707600
303.149994 321.829987 175.000000 -0.037600
125.440002 312.079987 145.000000 0.584100
400.339996 251.389999 15.000001 0.494100
259.609985 410.989990 15.000001 1.172000
451.160004 411.480011 15.000001 -0.399600
155.990005 360.869995 115.000000 -0.592700
39.540001 330.609985 205.000000 1.011300
322.970001 454.979980 135.000000 -0.408800
300.089996 259.239990 65.000000 0.366200
265.890015 249.910004 115.000000 0.356500
21.549999 94.790001 55.000000 1.558700
451.160004 411.480011 75.000000 -0.710400
490.339996 265.519989 205.000000 -0.415500
18.750000 492.299988 175.000000 -0.245100
453.849976 194.809998 205.000000 0.484500
278.220001 309.720001 125.000000 -0.577000
106.320000 324.380005 135.000000 0.576000
153.250000 487.290009 75.000000 -0.261400
87.070000 482.109985 45.000000 0.973400
346.649994 423.839996 205.000000 -0.236100
318.250000 429.989990 15.000001 1.013200
15.230000 487.869965 165.000000 -0.073200
157.669998 258.649994 225.000000 0.449600
44.119999 165.649994 75.000000 1.864800
164.960007 162.529999 25.000000 0.736300
401.970001 486.839996 35.000000 -0.420000
149.710007 20.520000 104.999992 1.657100
355.769989 359.440002 215.000015 -0.165000
401.970001 486.839996 75.000000 -0.792000
257.549988 341.380005 205.000000 0.401200
428.800018 332.540009 135.000000 -0.215900
401.970001 486.839996 85.000000 -0.921700
378.690002 301.320007 245.000000 -0.112800
346.649994 423.839996 185.000000 -0.153800
474.270020 286.970001 75.000000 0.173600
301.489990 273.140015 225.000000 0.531200
378.690002 301.320007 215.000015 -0.209900
10.750000 436.549988 175.000000 0.776800
241.470001 68.970001 75.000000 0.639700
401.970001 486.839996 165.000000 -0.065800
322.970001 454.979980 104.999992 -0.777700
155.990005 360.869995 135.000000 -0.337800
129.550003 337.709991 185.000000 0.631100
14.899999 492.149963 55.000000 0.858200
362.690002 176.309998 155.000000 0.314300
15.230000 487.869965 205.000000 -0.121800
87.070000 482.109985 215.000015 -0.243700
412.209991 59.169994 25.000000 -0.869300
136.740005 121.040001 45.000000 0.771800
213.610001 335.230011 135.000000 -0.331700
469.350006 191.869995 95.000000 0.815800
121.070007 192.259995 125.000000 2.360200
24.240000 60.180004 215.000015 -0.173600
355.769989 359.440002 225.000000 0.000500
78.150002 435.610016 104.999992 0.029100
10.750000 436.549988 234.999985 0.099900
10.750000 436.549988 75.000000 0.838000
453.849976 194.809998 65.000000 1.019300
10.750000 436.549988 35.000000 1.371300
313.820007 301.010010 245.000000 -0.158700
326.859985 294.880005 195.000000 0.189500
110.449997 318.959991 234.999985 0.061000
355.769989 359.440002 155.000000 -0.629400
157.669998 258.649994 95.000000 1.209900
474.270020 286.970001 95.000000 -0.143900
213.610001 335.230011 175.000000 0.324100
18.750000 492.299988 125.000000 -0.157100
87.879997 274.649994 65.000000 1.342200
369.950012 384.730011 155.000000 0.109000
39.540001 330.609985 75.000000 1.480200
326.859985 294.880005 35.000000 1.083100
351.989990 427.250000 75.000000 -0.587700
298.269989 94.169998 35.000000 0.011400
56.240005 285.160004 225.000000 0.104900
298.269989 94.169998 185.000000 0.404200
106.320000 324.380005 155.000000 0.672600
428.800018 332.540009 145.000000 -0.366800
351.989990 427.250000 85.000000 -0.665300
10.750000 436.549988 115.000000 0.853500
124.059998 227.130005 95.000000 1.947100
259.609985 410.989990 215.000015 -0.382700
279.510010 102.050003 104.999992 0.317800
24.240000 60.180004 45.000000 1.343500
8.950000 60.600002 135.000000 1.122600
8.950000 60.600002 104.999992 1.398200
259.609985 410.989990 135.000000 -0.618400
303.149994 321.829987 15.000001 1.740500
241.470001 68.970001 85.000000 0.942100
21.549999 94.790001 215.000015 -0.284100
265.890015 249.910004 65.000000 0.819000
360.320007 218.240005 95.000000 -0.327600
56.240005 285.160004 115.000000 2.052200
56.240005 285.160004 215.000015 0.399400
254.429977 472.820007 104.999992 -1.124100
44.119999 165.649994 165.000000 1.252700
213.610001 335.230011 225.000000 0.442900
62.029999 312.450012 155.000000 1.348800
389.589996 27.639999 65.000000 -0.885800
369.950012 384.730011 35.000000 0.585800
213.610001 335.230011 195.000000 0.522000
157.669998 258.649994 145.000000 0.977700
326.859985 294.880005 234.999985 0.341700
14.899999 492.149963 15.000001 1.237300
318.250000 429.989990 185.000000 -0.292400
78.150002 435.610016 115.000000 0.287500
369.950012 384.730011 15.000001 1.049600
129.550003 337.709991 85.000000 0.003000
395.619995 29.740000 215.000015 0.603800
389.589996 27.639999 35.000000 -1.446100
129.550003 337.709991 104.999992 -0.070100
365.730011 403.760010 125.000000 -0.437600
148.389999 16.129999 35.000000 -0.264500
21.549999 94.790001 75.000000 1.699300
401.970001 486.839996 95.000000 -0.820700
326.859985 294.880005 45.000000 0.751600
18.750000 492.299988 95.000000 0.316900
87.879997 274.649994 55.000000 1.201700
149.710007 20.520000 125.000000 1.565100
241.470001 68.970001 104.999992 0.825400
148.389999 16.129999 115.000000 1.604300
389.589996 27.639999 145.000000 -0.466000
136.740005 121.040001 135.000000 2.087600
257.549988 341.380005 55.000000 0.078400
153.250000 487.290009 125.000000 -0.744800
148.389999 16.129999 145.000000 1.321700
401.970001 486.839996 234.999985 0.813500
395.619995 29.740000 75.000000 -0.838000
395.619995 29.740000 165.000000 -0.064300
127.139999 327.489990 75.000000 0.040200
490.339996 265.519989 145.000000 -0.773200
78.150002 435.610016 195.000000 0.669600
298.269989 94.169998 175.000000 0.396700
155.990005 360.869995 145.000000 -0.222200
475.950012 28.810001 85.000000 0.767500
124.059998 227.130005 195.000000 0.555400
355.769989 359.440002 185.000000 -0.104900
87.070000 482.109985 104.999992 -0.059300
298.269989 94.169998 145.000000 -0.005600
397.839996 243.309998 85.000000 -0.290700
278.220001 309.720001 145.000000 -0.164100
135.559998 23.230000 104.999992 1.716200
322.970001 454.979980 175.000000 -0.640600
362.690002 176.309998 75.000000 -0.062300
233.159988 273.779999 205.000000 0.806200
75.480003 447.730011 85.000000 0.029300
346.649994 423.839996 175.000000 -0.183400
157.669998 258.649994 215.000015 0.504400
346.649994 423.839996 85.000000 -0.868200
346.649994 423.839996 55.000000 -0.145200
400.339996 251.389999 25.000000 0.408300
149.710007 20.520000 15.000001 -0.770400
106.320000 324.380005 215.000015 0.556200
356.609985 440.149963 155.000000 0.099000
474.270020 286.970001 85.000000 -0.051400
164.960007 162.529999 35.000000 0.603800
75.480003 447.730011 195.000000 0.320200
360.320007 218.240005 65.000000 -0.095800
254.429977 472.820007 15.000001 1.156800
362.690002 176.309998 85.000000 -0.116200
44.119999 165.649994 195.000000 0.409400
8.950000 60.600002 15.000001 1.440400
90.820000 436.950012 115.000000 -0.105000
412.209991 59.169994 175.000000 0.491300
346.649994 423.839996 25.000000 0.587500
241.470001 68.970001 55.000000 0.424300
346.649994 423.839996 65.000000 -0.448900
278.220001 309.720001 75.000000 0.150400
397.839996 243.309998 225.000000 0.614200
56.240005 285.160004 205.000000 0.584800
475.950012 28.810001 95.000000 0.320300
265.890015 249.910004 25.000000 1.401800
389.589996 27.639999 245.000000 0.955100
351.149994 317.230011 245.000000 -0.239200
149.710007 20.520000 245.000000 0.042700
118.160011 475.640015 15.000001 1.055400
273.750000 95.489998 104.999992 0.476700
369.950012 384.730011 225.000000 0.127100
418.980042 132.100006 135.000000 0.067800
157.669998 258.649994 15.000001 1.027800
494.790039 48.910000 55.000000 0.909000
24.240000 60.180004 85.000000 1.506200
474.270020 286.970001 104.999992 -0.389600
490.339996 265.519989 95.000000 0.151600
301.489990 273.140015 104.999992 -0.373400
360.320007 218.240005 165.000000 0.047700
422.380005 473.869995 115.000000 -0.739100
298.269989 94.169998 205.000000 0.766500
129.550003 337.709991 205.000000 0.700700
126.960007 469.989960 234.999985 0.020700
8.950000 60.600002 85.000000 1.650700
106.320000 324.380005 234.999985 0.215700
428.800018 332.540009 45.000000 0.131400
124.059998 227.130005 25.000000 1.100400
213.610001 335.230011 95.000000 -0.564700
356.609985 440.149963 225.000000 -0.095500
149.710007 20.520000 55.000000 0.276300
278.220001 309.720001 245.000000 0.414400
75.480003 447.730011 205.000000 0.491300
18.750000 492.299988 104.999992 0.108400
78.150002 435.610016 185.000000 0.566700
126.960007 469.989960 15.000001 0.716800
301.489990 273.140015 75.000000 0.166200
24.240000 60.180004 95.000000 1.709300
401.970001 486.839996 104.999992 -0.889600
351.989990 427.250000 234.999985 -0.066700
279.510010 102.050003 65.000000 0.386900
362.690002 176.309998 175.000000 0.739100
389.589996 27.639999 75.000000 -0.917700
21.549999 94.790001 125.000000 1.456600
395.619995 29.740000 55.000000 -0.795600
360.170013 137.669998 104.999992 -0.483900
254.429977 472.820007 75.000000 -0.490800
475.950012 28.810001 115.000000 0.136400
125.440002 312.079987 75.000000 0.187500
451.160004 411.480011 135.000000 0.225500
90.820000 436.950012 185.000000 0.487000
124.059998 227.130005 75.000000 1.796200
164.960007 162.529999 245.000000 -0.082700
412.209991 59.169994 115.000000 -0.288200
110.449997 318.959991 195.000000 0.761400
233.159988 273.779999 215.000015 0.671500
428.800018 332.540009 15.000001 0.592900
422.380005 473.869995 15.000001 -0.489900
412.209991 59.169994 135.000000 -0.264100
75.480003 447.730011 245.000000 -0.102500
351.149994 317.230011 175.000000 -0.387200
241.470001 68.970001 195.000000 0.050800
490.339996 265.519989 165.000000 -0.758700
469.350006 191.869995 104.999992 0.632800
400.339996 251.389999 75.000000 0.082200
298.269989 94.169998 55.000000 -0.045100
318.250000 429.989990 225.000000 -0.381200
90.820000 436.950012 35.000000 0.713600
29.600000 454.640015 65.000000 0.664500
254.429977 472.820007 95.000000 -0.886200
44.119999 165.649994 15.000001 0.742900
298.269989 94.169998 155.000000 0.216100
155.990005 360.869995 15.000001 0.251700
136.740005 121.040001 25.000000 0.234800
164.960007 162.529999 185.000000 1.154500
15.230000 487.869965 234.999985 -0.361700
78.150002 435.610016 55.000000 0.528200
401.970001 486.839996 115.000000 -0.747900
401.970001 486.839996 15.000001 -0.317200
136.740005 121.040001 35.000000 0.538200
273.750000 95.489998 25.000000 0.167100
400.339996 251.389999 145.000000 -0.805500
442.040009 436.390015 175.000000 0.232700
126.960007 469.989960 135.000000 -0.700100
190.830002 249.960022 245.000000 0.324000
153.250000 487.290009 234.999985 -0.184500
490.339996 265.519989 155.000000 -0.655800
121.070007 192.259995 165.000000 1.506900
110.339996 469.959961 125.000000 -0.468400
118.160011 475.640015 165.000000 -0.196800
130.139999 391.570007 135.000000 -0.495300
321.350006 295.559998 45.000000 0.751600
490.339996 265.519989 35.000000 0.384000
241.470001 68.970001 165.000000 0.161700
474.270020 286.970001 234.999985 -0.136400
44.119999 165.649994 25.000000 1.176500
118.160011 475.640015 245.000000 -0.252200
164.960007 162.529999 225.000000 0.289500
494.790039 48.910000 65.000000 1.021600
126.960007 469.989960 65.000000 0.015700
18.750000 492.299988 225.000000 -0.185100
351.989990 427.250000 205.000000 -0.088500
118.160011 475.640015 225.000000 -0.249200
259.609985 410.989990 125.000000 -0.988500
136.740005 121.040001 104.999992 2.052000
136.740005 121.040001 195.000000 0.567400
389.589996 27.639999 115.000000 -0.719200
356.609985 440.149963 215.000015 -0.215300
265.890015 249.910004 205.000000 0.945200
490.339996 265.519989 65.000000 0.514100
422.380005 473.869995 205.000000 0.355800
18.750000 492.299988 205.000000 -0.305200
474.270020 286.970001 165.000000 -0.576800
121.070007 192.259995 104.999992 2.358700
24.240000 60.180004 15.000001 1.145300
90.820000 436.950012 165.000000 0.278200
442.040009 436.390015 104.999992 -0.297300
36.660000 376.950012 55.000000 0.621100
177.470001 28.440002 35.000000 -0.092800
56.240005 285.160004 195.000000 0.942600
418.980042 132.100006 125.000000 0.023300
127.139999 327.489990 85.000000 -0.048800
18.750000 492.299988 25.000000 1.353300
233.159988 273.779999 85.000000 0.062400
87.070000 482.109985 195.000000 -0.023700
10.750000 436.549988 195.000000 0.871700
360.320007 218.240005 155.000000 -0.101100
39.540001 330.609985 95.000000 1.494300
110.449997 318.959991 215.000015 0.488200
395.619995 29.740000 234.999985 0.657300
18.750000 492.299988 245.000000 -0.343600
453.849976 194.809998 175.000000 0.006800
130.139999 391.570007 175.000000 0.121800
124.059998 227.130005 135.000000 2.040000
300.089996 259.239990 245.000000 0.800000
442.040009 436.390015 115.000000 -0.205400
485.619965 287.269989 185.000000 -0.636300
313.820007 301.010010 115.000000 -0.696300
418.980042 132.100006 15.000001 -0.224500
449.420013 7.280000 225.000000 0.540000
110.339996 469.959961 155.000000 -0.161500
475.950012 28.810001 215.000015 0.426700
125.440002 312.079987 125.000000 0.484400
62.029999 312.450012 45.000000 0.890200
278.220001 309.720001 85.000000 -0.244300
494.790039 48.910000 75.000000 1.232400
422.380005 473.869995 215.000015 0.531100
432.929993 319.820007 215.000015 -0.183800
127.139999 327.489990 234.999985 0.403600
442.040009 436.390015 15.000001 -0.360100
164.960007 162.529999 145.000000 2.295800
177.470001 28.440002 85.000000 1.248600
395.619995 29.740000 205.000000 0.564800
136.740005 121.040001 215.000015 0.332500
259.609985 410.989990 185.000000 -0.445100
124.059998 227.130005 155.000000 1.705200
351.149994 317.230011 125.000000 -1.070500
257.549988 341.380005 225.000000 0.388100
346.649994 423.839996 45.000000 -0.160300
485.619965 287.269989 205.000000 -0.505700
326.859985 294.880005 85.000000 -0.311500
124.059998 227.130005 234.999985 -0.118800
475.950012 28.810001 155.000000 0.200100
87.879997 274.649994 95.000000 1.474300
395.619995 29.740000 145.000000 -0.574900
451.160004 411.480011 95.000000 -0.504600
305.200012 98.620003 115.000000 -0.385200
135.559998 23.230000 35.000000 -0.493500
351.989990 427.250000 45.000000 -0.085400
136.740005 121.040001 55.000000 1.139000
75.480003 447.730011 165.000000 0.353400
318.250000 429.989990 104.999992 -0.904000
233.159988 273.779999 115.000000 0.214000
87.070000 482.109985 95.000000 0.025300
303.149994 321.829987 215.000015 0.252600
418.980042 132.100006 175.000000 0.697000
273.750000 95.489998 245.000000 1.042700
18.750000 492.299988 35.000000 1.235700
451.160004 411.480011 165.000000 0.611700
432.929993 319.820007 135.000000 -0.376200
36.660000 376.950012 104.999992 1.242600
298.269989 94.169998 215.000015 0.941000
300.089996 259.239990 104.999992 0.055300
356.609985 440.149963 115.000000 -0.443700
10.750000 436.549988 55.000000 1.064200
8.950000 60.600002 175.000000 0.171000
177.470001 28.440002 215.000015 0.173300
157.669998 258.649994 155.000000 1.207100
300.089996 259.239990 145.000000 -0.115700
469.350006 191.869995 225.000000 0.743200
442.040009 436.390015 225.000000 0.867200
453.849976 194.809998 15.000001 0.711800
121.070007 192.259995 65.000000 1.640200
428.800018 332.540009 175.000000 -0.247000
39.540001 330.609985 225.000000 0.753300
351.149994 317.230011 25.000000 1.085000
62.029999 312.450012 65.000000 1.251200
213.610001 335.230011 104.999992 -0.586000
