pygeostat_saved_data
4
X
Y
Z
value
24.240000 60.180004 155.000000 0.692700
318.250000 429.989990 215.000015 -0.712500
24.240000 60.180004 104.999992 1.716200
110.449997 318.959991 25.000000 0.536100
213.610001 335.230011 245.000000 0.368400
303.149994 321.829987 104.999992 -0.668700
397.839996 243.309998 195.000000 0.056200
400.339996 251.389999 195.000000 -0.052700
24.240000 60.180004 45.000000 1.343500
469.350006 191.869995 55.000000 1.256500
278.220001 309.720001 205.000000 0.685300
360.320007 218.240005 45.000000 0.169200
265.890015 249.910004 15.000001 1.383900
360.320007 218.240005 145.000000 -0.297800
395.619995 29.740000 245.000000 0.777600
259.609985 410.989990 95.000000 -1.003700
490.339996 265.519989 155.000000 -0.655800
449.420013 7.280000 234.999985 0.442500
106.320000 324.380005 135.000000 0.576000
303.149994 321.829987 55.000000 0.248700
469.350006 191.869995 75.000000 1.217100
155.990005 360.869995 215.000015 0.621600
362.690002 176.309998 205.000000 1.750600
485.619965 287.269989 145.000000 -0.766700
318.250000 429.989990 165.000000 -0.297400
124.059998 227.130005 55.000000 1.502500
24.240000 60.180004 65.000000 1.231900
303.149994 321.829987 225.000000 0.234300
278.220001 309.720001 234.999985 0.497300
213.610001 335.230011 95.000000 -0.564700
485.619965 287.269989 25.000000 0.279400
125.440002 312.079987 115.000000 0.490700
313.820007 301.010010 25.000000 1.303100
153.250000 487.290009 45.000000 0.504200
397.839996 243.309998 245.000000 0.482300
257.549988 341.380005 145.000000 -0.319700
257.549988 341.380005 195.000000 0.718600
321.350006 295.559998 175.000000 -0.037900
164.960007 162.529999 165.000000 1.447300
106.320000 324.380005 85.000000 0.397500
10.750000 436.549988 155.000000 0.783100
125.440002 312.079987 175.000000 0.690900
494.790039 48.910000 15.000001 -0.522300
153.250000 487.290009 125.000000 -0.744800
127.139999 327.489990 15.000001 0.252200
87.070000 482.109985 135.000000 -0.370800
24.240000 60.180004 15.000001 1.145300
153.250000 487.290009 65.000000 0.036400
153.250000 487.290009 75.000000 -0.261400
21.549999 94.790001 205.000000 -0.109700
449.420013 7.280000 245.000000 0.446800
298.269989 94.169998 155.000000 0.216100
449.420013 7.280000 35.000000 -1.287400
155.990005 360.869995 85.000000 -0.992600
164.960007 162.529999 75.000000 1.758300
400.339996 251.389999 95.000000 -0.428900
106.320000 324.380005 125.000000 0.628400
360.320007 218.240005 175.000000 0.283200
90.820000 436.950012 15.000001 1.041100
110.449997 318.959991 225.000000 0.304600
400.339996 251.389999 145.000000 -0.805500
449.420013 7.280000 65.000000 -0.352100
21.549999 94.790001 175.000000 0.208200
395.619995 29.740000 125.000000 -0.684800
153.250000 487.290009 215.000015 -0.396000
322.970001 454.979980 205.000000 -0.617600
106.320000 324.380005 25.000000 0.426800
21.549999 94.790001 15.000001 1.230700
257.549988 341.380005 165.000000 0.238100
490.339996 265.519989 95.000000 0.151600
106.320000 324.380005 145.000000 0.604000
313.820007 301.010010 85.000000 -0.493200
485.619965 287.269989 85.000000 0.089000
400.339996 251.389999 25.000000 0.408300
36.660000 376.950012 15.000001 0.900600
351.149994 317.230011 155.000000 -0.793000
490.339996 265.519989 35.000000 0.384000
153.250000 487.290009 104.999992 -0.948700
321.350006 295.559998 35.000000 1.083100
490.339996 265.519989 85.000000 0.242700
442.040009 436.390015 155.000000 0.606700
87.879997 274.649994 155.000000 1.142400
428.800018 332.540009 85.000000 -0.467200
395.619995 29.740000 104.999992 -0.724800
397.839996 243.309998 55.000000 0.398400
322.970001 454.979980 195.000000 -0.431700
322.970001 454.979980 95.000000 -0.892700
318.250000 429.989990 104.999992 -0.904000
164.960007 162.529999 185.000000 1.154500
442.040009 436.390015 45.000000 -0.629300
21.549999 94.790001 145.000000 0.993100
278.220001 309.720001 25.000000 1.396400
10.750000 436.549988 245.000000 -0.274400
127.139999 327.489990 145.000000 0.304000
259.609985 410.989990 15.000001 1.172000
298.269989 94.169998 55.000000 -0.045100
442.040009 436.390015 205.000000 0.594800
124.059998 227.130005 165.000000 1.180400
110.449997 318.959991 45.000000 0.699900
257.549988 341.380005 225.000000 0.388100
451.160004 411.480011 175.000000 0.648000
125.440002 312.079987 15.000001 0.188700
397.839996 243.309998 115.000000 -0.758200
322.970001 454.979980 25.000000 0.361900
400.339996 251.389999 185.000000 -0.351600
278.220001 309.720001 145.000000 -0.164100
90.820000 436.950012 245.000000 0.022600
318.250000 429.989990 145.000000 -0.552700
90.820000 436.950012 225.000000 0.448500
451.160004 411.480011 104.999992 -0.382400
106.320000 324.380005 55.000000 0.443900
265.890015 249.910004 95.000000 0.252300
313.820007 301.010010 215.000015 0.239500
318.250000 429.989990 15.000001 1.013200
90.820000 436.950012 104.999992 -0.303700
15.230000 487.869965 65.000000 0.738500
485.619965 287.269989 75.000000 0.041800
36.660000 376.950012 25.000000 0.845400
87.879997 274.649994 245.000000 -0.405400
346.649994 423.839996 85.000000 -0.868200
110.449997 318.959991 104.999992 0.434200
303.149994 321.829987 165.000000 -0.245100
177.470001 28.440002 135.000000 1.453400
322.970001 454.979980 185.000000 -0.500300
278.220001 309.720001 225.000000 0.509400
36.660000 376.950012 175.000000 1.373500
87.070000 482.109985 95.000000 0.025300
87.070000 482.109985 175.000000 -0.092800
362.690002 176.309998 25.000000 0.357300
130.139999 391.570007 185.000000 0.326200
36.660000 376.950012 225.000000 0.722900
351.149994 317.230011 175.000000 -0.387200
155.990005 360.869995 205.000000 0.527100
313.820007 301.010010 195.000000 0.295800
15.230000 487.869965 125.000000 -0.120400
298.269989 94.169998 104.999992 -0.073400
362.690002 176.309998 215.000015 1.621300
321.350006 295.559998 45.000000 0.751600
106.320000 324.380005 115.000000 0.549600
322.970001 454.979980 55.000000 -0.272800
110.449997 318.959991 65.000000 0.189900
326.859985 294.880005 195.000000 0.189500
125.440002 312.079987 155.000000 0.581000
321.350006 295.559998 104.999992 -0.462700
442.040009 436.390015 95.000000 -0.562700
326.859985 294.880005 215.000015 0.207900
322.970001 454.979980 85.000000 -0.541300
490.339996 265.519989 245.000000 0.003900
346.649994 423.839996 55.000000 -0.145200
298.269989 94.169998 115.000000 -0.185600
485.619965 287.269989 234.999985 -0.081000
213.610001 335.230011 125.000000 -0.341200
164.960007 162.529999 125.000000 2.202200
155.990005 360.869995 195.000000 0.475500
87.070000 482.109985 234.999985 -0.233800
153.250000 487.290009 225.000000 -0.394800
259.609985 410.989990 125.000000 -0.988500
213.610001 335.230011 145.000000 -0.110700
469.350006 191.869995 175.000000 -0.056900
326.859985 294.880005 175.000000 -0.037900
10.750000 436.549988 195.000000 0.871700
259.609985 410.989990 145.000000 -0.338500
257.549988 341.380005 175.000000 0.206000
485.619965 287.269989 205.000000 -0.505700
451.160004 411.480011 95.000000 -0.504600
213.610001 335.230011 55.000000 -0.015600
494.790039 48.910000 25.000000 -0.182600
469.350006 191.869995 165.000000 -0.265900
265.890015 249.910004 195.000000 0.870500
490.339996 265.519989 125.000000 -0.320400
265.890015 249.910004 234.999985 0.993400
106.320000 324.380005 165.000000 0.888400
298.269989 94.169998 234.999985 1.118700
87.070000 482.109985 165.000000 -0.032200
322.970001 454.979980 225.000000 -0.489300
127.139999 327.489990 95.000000 0.335400
397.839996 243.309998 225.000000 0.614200
449.420013 7.280000 85.000000 -0.148500
110.449997 318.959991 185.000000 0.888200
127.139999 327.489990 225.000000 0.339300
362.690002 176.309998 75.000000 -0.062300
87.070000 482.109985 45.000000 0.973400
362.690002 176.309998 125.000000 -0.179700
395.619995 29.740000 185.000000 0.077100
155.990005 360.869995 115.000000 -0.592700
155.990005 360.869995 225.000000 0.390500
124.059998 227.130005 135.000000 2.040000
428.800018 332.540009 25.000000 0.423200
125.440002 312.079987 135.000000 0.517400
326.859985 294.880005 104.999992 -0.462700
127.139999 327.489990 104.999992 0.278400
153.250000 487.290009 245.000000 -0.238500
164.960007 162.529999 175.000000 1.303100
259.609985 410.989990 165.000000 -0.319600
110.449997 318.959991 95.000000 0.522100
318.250000 429.989990 195.000000 -0.407900
110.449997 318.959991 205.000000 0.592000
362.690002 176.309998 35.000000 0.315900
451.160004 411.480011 155.000000 0.558900
428.800018 332.540009 225.000000 -0.077900
177.470001 28.440002 95.000000 1.506500
87.879997 274.649994 75.000000 1.458500
21.549999 94.790001 55.000000 1.558700
153.250000 487.290009 25.000000 0.675600
494.790039 48.910000 185.000000 0.534900
15.230000 487.869965 205.000000 -0.121800
362.690002 176.309998 104.999992 -0.328900
442.040009 436.390015 195.000000 0.662200
449.420013 7.280000 55.000000 -0.718700
451.160004 411.480011 35.000000 -0.637400
321.350006 295.559998 155.000000 -0.577500
490.339996 265.519989 55.000000 0.500800
278.220001 309.720001 35.000000 0.985700
87.879997 274.649994 65.000000 1.342200
124.059998 227.130005 115.000000 2.192500
21.549999 94.790001 115.000000 1.854800
130.139999 391.570007 234.999985 0.416000
87.070000 482.109985 155.000000 -0.122000
87.879997 274.649994 25.000000 0.883000
346.649994 423.839996 125.000000 -0.662600
177.470001 28.440002 215.000015 0.173300
15.230000 487.869965 55.000000 1.161800
442.040009 436.390015 175.000000 0.232700
346.649994 423.839996 245.000000 -0.175200
494.790039 48.910000 125.000000 0.571100
360.320007 218.240005 155.000000 -0.101100
321.350006 295.559998 55.000000 0.471200
442.040009 436.390015 75.000000 -0.744700
313.820007 301.010010 45.000000 0.612600
303.149994 321.829987 65.000000 -0.229700
130.139999 391.570007 225.000000 0.391300
442.040009 436.390015 85.000000 -0.716600
313.820007 301.010010 234.999985 0.209300
278.220001 309.720001 165.000000 0.209600
87.070000 482.109985 145.000000 -0.342300
321.350006 295.559998 65.000000 0.200900
451.160004 411.480011 55.000000 -0.699800
490.339996 265.519989 104.999992 -0.179200
298.269989 94.169998 175.000000 0.396700
326.859985 294.880005 45.000000 0.751600
303.149994 321.829987 95.000000 -0.615700
326.859985 294.880005 115.000000 -0.770300
351.149994 317.230011 185.000000 -0.094500
155.990005 360.869995 145.000000 -0.222200
36.660000 376.950012 55.000000 0.621100
400.339996 251.389999 35.000000 0.416200
395.619995 29.740000 65.000000 -0.895200
278.220001 309.720001 15.000001 1.855200
318.250000 429.989990 85.000000 -0.919900
124.059998 227.130005 104.999992 2.164700
177.470001 28.440002 195.000000 0.284800
177.470001 28.440002 234.999985 -0.019400
326.859985 294.880005 225.000000 0.242900
490.339996 265.519989 195.000000 -0.771800
87.879997 274.649994 55.000000 1.201700
442.040009 436.390015 115.000000 -0.205400
90.820000 436.950012 125.000000 -0.170000
10.750000 436.549988 135.000000 0.901900
313.820007 301.010010 205.000000 0.417900
400.339996 251.389999 115.000000 -0.622100
127.139999 327.489990 135.000000 0.307500
155.990005 360.869995 75.000000 -0.921200
87.879997 274.649994 35.000000 0.916300
360.320007 218.240005 104.999992 -0.208000
298.269989 94.169998 65.000000 -0.118100
298.269989 94.169998 145.000000 -0.005600
303.149994 321.829987 145.000000 -0.615300
265.890015 249.910004 55.000000 1.051600
494.790039 48.910000 115.000000 0.810200
326.859985 294.880005 205.000000 0.106300
177.470001 28.440002 225.000000 0.249000
326.859985 294.880005 35.000000 1.083100
451.160004 411.480011 15.000001 -0.399600
313.820007 301.010010 125.000000 -0.721900
106.320000 324.380005 175.000000 0.832900
153.250000 487.290009 115.000000 -0.706800
155.990005 360.869995 185.000000 0.512300
490.339996 265.519989 45.000000 0.577400
397.839996 243.309998 35.000000 0.287200
313.820007 301.010010 35.000000 0.808700
124.059998 227.130005 225.000000 -0.076900
318.250000 429.989990 245.000000 -0.560100
110.449997 318.959991 215.000015 0.488200
485.619965 287.269989 115.000000 -0.252500
442.040009 436.390015 135.000000 -0.060400
127.139999 327.489990 65.000000 -0.042300
127.139999 327.489990 115.000000 0.303500
303.149994 321.829987 35.000000 0.971300
213.610001 335.230011 135.000000 -0.331700
259.609985 410.989990 45.000000 0.244300
326.859985 294.880005 65.000000 0.200900
36.660000 376.950012 85.000000 0.818400
400.339996 251.389999 155.000000 -0.580800
346.649994 423.839996 45.000000 -0.160300
106.320000 324.380005 245.000000 -0.032900
490.339996 265.519989 165.000000 -0.758700
318.250000 429.989990 25.000000 0.704500
127.139999 327.489990 35.000000 0.462100
362.690002 176.309998 245.000000 1.898300
265.890015 249.910004 115.000000 0.356500
10.750000 436.549988 75.000000 0.838000
10.750000 436.549988 145.000000 0.890200
110.449997 318.959991 135.000000 0.576600
125.440002 312.079987 95.000000 0.410000
265.890015 249.910004 65.000000 0.819000
395.619995 29.740000 45.000000 -1.025800
313.820007 301.010010 145.000000 -0.744500
124.059998 227.130005 85.000000 1.992300
318.250000 429.989990 35.000000 0.372700
278.220001 309.720001 104.999992 -0.412400
125.440002 312.079987 225.000000 0.562200
10.750000 436.549988 104.999992 0.834100
153.250000 487.290009 234.999985 -0.184500
90.820000 436.950012 35.000000 0.713600
449.420013 7.280000 145.000000 -0.133200
125.440002 312.079987 245.000000 0.249600
360.320007 218.240005 205.000000 0.906600
177.470001 28.440002 45.000000 0.126800
362.690002 176.309998 15.000001 0.411600
21.549999 94.790001 185.000000 -0.038800
257.549988 341.380005 215.000015 0.493900
15.230000 487.869965 215.000015 -0.232900
397.839996 243.309998 104.999992 -0.662400
298.269989 94.169998 165.000000 0.139000
36.660000 376.950012 145.000000 1.605500
397.839996 243.309998 175.000000 -0.231600
24.240000 60.180004 85.000000 1.506200
360.320007 218.240005 15.000001 0.629500
449.420013 7.280000 135.000000 -0.249000
318.250000 429.989990 115.000000 -0.754400
449.420013 7.280000 75.000000 -0.508900
428.800018 332.540009 75.000000 -0.404000
303.149994 321.829987 205.000000 0.426200
110.449997 318.959991 55.000000 0.396200
24.240000 60.180004 145.000000 0.776800
351.149994 317.230011 95.000000 -0.674000
127.139999 327.489990 25.000000 0.113700
106.320000 324.380005 15.000001 0.298900
395.619995 29.740000 75.000000 -0.838000
155.990005 360.869995 15.000001 0.251700
326.859985 294.880005 145.000000 -0.598800
397.839996 243.309998 165.000000 -0.406900
318.250000 429.989990 125.000000 -0.760800
24.240000 60.180004 185.000000 0.101600
351.149994 317.230011 55.000000 0.163500
15.230000 487.869965 225.000000 -0.354300
87.879997 274.649994 95.000000 1.474300
451.160004 411.480011 115.000000 -0.007200
303.149994 321.829987 185.000000 0.199700
395.619995 29.740000 234.999985 0.657300
318.250000 429.989990 225.000000 -0.381200
400.339996 251.389999 45.000000 0.238100
451.160004 411.480011 65.000000 -0.608000
213.610001 335.230011 185.000000 0.600700
428.800018 332.540009 195.000000 -0.135100
449.420013 7.280000 225.000000 0.540000
125.440002 312.079987 125.000000 0.484400
24.240000 60.180004 215.000015 -0.173600
110.449997 318.959991 145.000000 0.594100
362.690002 176.309998 195.000000 1.374600
177.470001 28.440002 85.000000 1.248600
110.449997 318.959991 15.000001 0.267000
442.040009 436.390015 234.999985 1.172100
213.610001 335.230011 65.000000 -0.352300
397.839996 243.309998 45.000000 0.182800
153.250000 487.290009 15.000001 0.764600
177.470001 28.440002 104.999992 1.485500
303.149994 321.829987 155.000000 -0.462700
125.440002 312.079987 55.000000 0.339100
265.890015 249.910004 165.000000 0.455900
36.660000 376.950012 104.999992 1.242600
346.649994 423.839996 95.000000 -0.749600
87.070000 482.109985 15.000001 1.245400
153.250000 487.290009 135.000000 -0.698800
164.960007 162.529999 45.000000 0.591000
15.230000 487.869965 234.999985 -0.361700
395.619995 29.740000 35.000000 -1.410700
130.139999 391.570007 125.000000 -0.538600
87.879997 274.649994 115.000000 1.722700
278.220001 309.720001 115.000000 -0.358500
21.549999 94.790001 95.000000 1.754700
124.059998 227.130005 25.000000 1.100400
346.649994 423.839996 205.000000 -0.236100
177.470001 28.440002 165.000000 0.789300
213.610001 335.230011 175.000000 0.324100
485.619965 287.269989 55.000000 0.409000
318.250000 429.989990 175.000000 -0.203600
87.070000 482.109985 55.000000 0.665700
395.619995 29.740000 15.000001 -1.320600
110.449997 318.959991 165.000000 0.510000
298.269989 94.169998 185.000000 0.404200
397.839996 243.309998 215.000015 0.389000
164.960007 162.529999 104.999992 2.054800
321.350006 295.559998 225.000000 0.242900
24.240000 60.180004 175.000000 0.205100
265.890015 249.910004 215.000015 0.833900
265.890015 249.910004 75.000000 0.629500
24.240000 60.180004 35.000000 1.374100
177.470001 28.440002 55.000000 0.465900
303.149994 321.829987 234.999985 -0.005900
451.160004 411.480011 165.000000 0.611700
177.470001 28.440002 155.000000 0.890800
395.619995 29.740000 175.000000 -0.013700
298.269989 94.169998 15.000001 0.063600
490.339996 265.519989 135.000000 -0.509100
303.149994 321.829987 135.000000 -0.723700
395.619995 29.740000 115.000000 -0.619600
90.820000 436.950012 45.000000 0.467200
346.649994 423.839996 155.000000 -0.051400
485.619965 287.269989 225.000000 -0.516000
155.990005 360.869995 125.000000 -0.473800
346.649994 423.839996 75.000000 -0.636900
351.149994 317.230011 45.000000 0.190200
303.149994 321.829987 15.000001 1.740500
278.220001 309.720001 155.000000 -0.167600
490.339996 265.519989 185.000000 -0.688500
164.960007 162.529999 245.000000 -0.082700
155.990005 360.869995 25.000000 -0.070600
362.690002 176.309998 95.000000 -0.031300
153.250000 487.290009 95.000000 -0.581800
24.240000 60.180004 225.000000 -0.379900
326.859985 294.880005 125.000000 -0.689900
485.619965 287.269989 155.000000 -0.826800
346.649994 423.839996 145.000000 -0.286000
442.040009 436.390015 185.000000 0.597500
24.240000 60.180004 75.000000 1.369400
428.800018 332.540009 95.000000 -0.441600
428.800018 332.540009 245.000000 0.034400
442.040009 436.390015 125.000000 -0.063500
87.879997 274.649994 195.000000 0.560800
469.350006 191.869995 185.000000 0.064100
130.139999 391.570007 55.000000 -0.780200
153.250000 487.290009 145.000000 -0.819500
124.059998 227.130005 125.000000 2.114400
485.619965 287.269989 65.000000 0.383100
400.339996 251.389999 205.000000 0.047300
303.149994 321.829987 195.000000 0.346300
155.990005 360.869995 45.000000 -0.236900
10.750000 436.549988 115.000000 0.853500
360.320007 218.240005 225.000000 1.226500
15.230000 487.869965 195.000000 0.010700
303.149994 321.829987 85.000000 -0.415100
321.350006 295.559998 125.000000 -0.689900
346.649994 423.839996 225.000000 -0.318700
278.220001 309.720001 95.000000 -0.229900
21.549999 94.790001 75.000000 1.699300
362.690002 176.309998 115.000000 -0.236100
153.250000 487.290009 165.000000 -0.733000
90.820000 436.950012 25.000000 0.999700
400.339996 251.389999 175.000000 -0.585800
213.610001 335.230011 195.000000 0.522000
125.440002 312.079987 215.000015 0.380300
449.420013 7.280000 25.000000 -1.238500
321.350006 295.559998 245.000000 -0.072300
127.139999 327.489990 234.999985 0.403600
485.619965 287.269989 195.000000 -0.602700
125.440002 312.079987 25.000000 0.379200
106.320000 324.380005 234.999985 0.215700
326.859985 294.880005 155.000000 -0.577500
257.549988 341.380005 45.000000 0.363900
395.619995 29.740000 195.000000 0.331600
395.619995 29.740000 95.000000 -0.702300
259.609985 410.989990 135.000000 -0.618400
313.820007 301.010010 175.000000 -0.129300
125.440002 312.079987 85.000000 0.231100
485.619965 287.269989 185.000000 -0.636300
259.609985 410.989990 234.999985 -0.531100
322.970001 454.979980 65.000000 -0.498300
130.139999 391.570007 45.000000 -0.577000
259.609985 410.989990 185.000000 -0.445100
346.649994 423.839996 35.000000 0.259700
110.449997 318.959991 155.000000 0.693600
110.449997 318.959991 175.000000 0.818800
21.549999 94.790001 245.000000 0.027800
397.839996 243.309998 85.000000 -0.290700
326.859985 294.880005 85.000000 -0.311500
124.059998 227.130005 75.000000 1.796200
451.160004 411.480011 45.000000 -0.536600
127.139999 327.489990 185.000000 0.817300
10.750000 436.549988 215.000015 0.578600
351.149994 317.230011 25.000000 1.085000
298.269989 94.169998 135.000000 -0.018700
362.690002 176.309998 85.000000 -0.116200
326.859985 294.880005 95.000000 -0.698900
400.339996 251.389999 85.000000 -0.517000
326.859985 294.880005 15.000001 1.466300
451.160004 411.480011 234.999985 1.118500
127.139999 327.489990 55.000000 0.193900
257.549988 341.380005 65.000000 -0.237900
125.440002 312.079987 75.000000 0.187500
397.839996 243.309998 205.000000 0.370400
428.800018 332.540009 65.000000 -0.181600
110.449997 318.959991 85.000000 0.578800
321.350006 295.559998 75.000000 -0.246900
313.820007 301.010010 155.000000 -0.458400
124.059998 227.130005 35.000000 1.149300
259.609985 410.989990 85.000000 -0.999600
322.970001 454.979980 104.999992 -0.777700
10.750000 436.549988 185.000000 0.619100
87.070000 482.109985 115.000000 -0.433700
469.350006 191.869995 25.000000 0.797300
24.240000 60.180004 135.000000 1.237300
90.820000 436.950012 165.000000 0.278200
400.339996 251.389999 225.000000 0.172100
124.059998 227.130005 95.000000 1.947100
494.790039 48.910000 104.999992 1.071400
321.350006 295.559998 205.000000 0.106300
177.470001 28.440002 125.000000 1.447900
442.040009 436.390015 55.000000 -0.626300
15.230000 487.869965 155.000000 0.081000
395.619995 29.740000 155.000000 -0.458000
257.549988 341.380005 35.000000 0.712600
318.250000 429.989990 65.000000 -0.566300
278.220001 309.720001 125.000000 -0.577000
265.890015 249.910004 35.000000 1.260800
87.070000 482.109985 185.000000 -0.083500
362.690002 176.309998 45.000000 0.044900
351.149994 317.230011 225.000000 0.220300
90.820000 436.950012 234.999985 0.075600
21.549999 94.790001 234.999985 -0.034900
164.960007 162.529999 85.000000 1.651000
395.619995 29.740000 85.000000 -0.520900
259.609985 410.989990 205.000000 -0.577100
106.320000 324.380005 195.000000 0.737100
400.339996 251.389999 215.000015 0.176600
106.320000 324.380005 45.000000 0.474900
155.990005 360.869995 234.999985 0.399700
490.339996 265.519989 15.000001 0.414200
106.320000 324.380005 65.000000 0.276000
90.820000 436.950012 205.000000 0.471700
153.250000 487.290009 185.000000 -0.343900
400.339996 251.389999 15.000001 0.494100
395.619995 29.740000 225.000000 0.568400
322.970001 454.979980 35.000000 0.257200
313.820007 301.010010 104.999992 -0.752100
213.610001 335.230011 85.000000 -0.403600
127.139999 327.489990 155.000000 0.358400
155.990005 360.869995 155.000000 -0.267300
494.790039 48.910000 65.000000 1.021600
21.549999 94.790001 25.000000 1.407400
326.859985 294.880005 135.000000 -0.525600
10.750000 436.549988 225.000000 0.186600
298.269989 94.169998 45.000000 -0.014100
106.320000 324.380005 205.000000 0.614000
127.139999 327.489990 215.000015 0.411200
318.250000 429.989990 234.999985 -0.461800
15.230000 487.869965 245.000000 -0.540900
313.820007 301.010010 225.000000 0.240500
313.820007 301.010010 15.000001 1.647800
164.960007 162.529999 234.999985 -0.056600
494.790039 48.910000 205.000000 0.476700
155.990005 360.869995 65.000000 -0.810200
485.619965 287.269989 125.000000 -0.371900
395.619995 29.740000 215.000015 0.603800
442.040009 436.390015 65.000000 -0.689700
125.440002 312.079987 45.000000 0.393300
90.820000 436.950012 65.000000 -0.153800
125.440002 312.079987 145.000000 0.584100
442.040009 436.390015 215.000015 0.728400
130.139999 391.570007 115.000000 -0.590800
360.320007 218.240005 215.000015 1.023700
485.619965 287.269989 35.000000 0.615300
428.800018 332.540009 145.000000 -0.366800
278.220001 309.720001 65.000000 -0.012800
213.610001 335.230011 115.000000 -0.384500
321.350006 295.559998 25.000000 1.122300
257.549988 341.380005 205.000000 0.401200
257.549988 341.380005 104.999992 -0.722100
313.820007 301.010010 245.000000 -0.158700
298.269989 94.169998 215.000015 0.941000
259.609985 410.989990 104.999992 -0.958700
395.619995 29.740000 55.000000 -0.795600
164.960007 162.529999 205.000000 0.694600
278.220001 309.720001 215.000015 0.740800
130.139999 391.570007 145.000000 -0.080100
257.549988 341.380005 125.000000 -0.510200
177.470001 28.440002 15.000001 -0.466200
428.800018 332.540009 185.000000 -0.178200
485.619965 287.269989 45.000000 0.314000
346.649994 423.839996 215.000015 -0.212100
360.320007 218.240005 135.000000 -0.393800
490.339996 265.519989 175.000000 -0.680400
87.070000 482.109985 205.000000 -0.004700
90.820000 436.950012 215.000015 0.457300
213.610001 335.230011 25.000000 0.682600
213.610001 335.230011 234.999985 0.525400
24.240000 60.180004 205.000000 -0.200300
322.970001 454.979980 175.000000 -0.640600
485.619965 287.269989 135.000000 -0.340400
442.040009 436.390015 104.999992 -0.297300
213.610001 335.230011 215.000015 0.779700
130.139999 391.570007 215.000015 0.430100
130.139999 391.570007 205.000000 0.439900
395.619995 29.740000 145.000000 -0.574900
106.320000 324.380005 75.000000 0.490300
265.890015 249.910004 205.000000 0.945200
36.660000 376.950012 45.000000 0.772500
322.970001 454.979980 115.000000 -1.008600
153.250000 487.290009 85.000000 -0.601100
313.820007 301.010010 55.000000 0.281000
15.230000 487.869965 115.000000 -0.067500
130.139999 391.570007 135.000000 -0.495300
490.339996 265.519989 115.000000 -0.321700
15.230000 487.869965 175.000000 -0.146500
127.139999 327.489990 125.000000 0.376200
124.059998 227.130005 195.000000 0.555400
469.350006 191.869995 135.000000 -0.293800
278.220001 309.720001 195.000000 0.589800
494.790039 48.910000 55.000000 0.909000
257.549988 341.380005 95.000000 -0.700700
449.420013 7.280000 165.000000 0.216400
442.040009 436.390015 145.000000 0.187200
124.059998 227.130005 155.000000 1.705200
490.339996 265.519989 225.000000 -0.352900
351.149994 317.230011 115.000000 -0.957300
278.220001 309.720001 45.000000 0.678500
322.970001 454.979980 15.000001 0.774800
155.990005 360.869995 104.999992 -1.002700
469.350006 191.869995 205.000000 0.428900
360.320007 218.240005 55.000000 0.093500
351.149994 317.230011 135.000000 -0.912600
87.879997 274.649994 165.000000 1.219800
177.470001 28.440002 145.000000 1.103300
164.960007 162.529999 65.000000 1.147200
124.059998 227.130005 145.000000 1.547200
36.660000 376.950012 195.000000 1.338600
469.350006 191.869995 45.000000 1.210200
362.690002 176.309998 145.000000 -0.014400
360.320007 218.240005 25.000000 0.782400
360.320007 218.240005 185.000000 0.370200
298.269989 94.169998 195.000000 0.566600
124.059998 227.130005 65.000000 1.619100
127.139999 327.489990 205.000000 0.594200
36.660000 376.950012 65.000000 0.924800
318.250000 429.989990 95.000000 -0.888000
397.839996 243.309998 135.000000 -0.638700
177.470001 28.440002 65.000000 0.709900
321.350006 295.559998 234.999985 0.341700
485.619965 287.269989 95.000000 0.024500
494.790039 48.910000 195.000000 0.325500
397.839996 243.309998 15.000001 0.629700
130.139999 391.570007 65.000000 -1.066400
130.139999 391.570007 85.000000 -1.045000
428.800018 332.540009 55.000000 0.051800
10.750000 436.549988 55.000000 1.064200
428.800018 332.540009 155.000000 -0.137400
155.990005 360.869995 35.000000 -0.308700
451.160004 411.480011 205.000000 0.655200
15.230000 487.869965 135.000000 -0.202600
87.879997 274.649994 145.000000 1.278900
110.449997 318.959991 234.999985 0.061000
298.269989 94.169998 35.000000 0.011400
177.470001 28.440002 35.000000 -0.092800
130.139999 391.570007 245.000000 0.146800
106.320000 324.380005 225.000000 0.369800
155.990005 360.869995 245.000000 0.132400
449.420013 7.280000 185.000000 0.376500
213.610001 335.230011 104.999992 -0.586000
469.350006 191.869995 65.000000 1.260500
278.220001 309.720001 175.000000 0.362900
321.350006 295.559998 195.000000 0.189500
125.440002 312.079987 165.000000 0.695100
15.230000 487.869965 25.000000 1.333400
490.339996 265.519989 234.999985 -0.195600
346.649994 423.839996 135.000000 -0.467100
360.320007 218.240005 75.000000 -0.108300
362.690002 176.309998 175.000000 0.739100
24.240000 60.180004 195.000000 0.122100
326.859985 294.880005 55.000000 0.471200
451.160004 411.480011 85.000000 -0.538800
259.609985 410.989990 25.000000 0.740500
90.820000 436.950012 185.000000 0.487000
313.820007 301.010010 185.000000 0.224500
318.250000 429.989990 205.000000 -0.424700
10.750000 436.549988 234.999985 0.099900
124.059998 227.130005 245.000000 -0.264400
177.470001 28.440002 185.000000 0.510100
362.690002 176.309998 135.000000 -0.133400
494.790039 48.910000 135.000000 0.532000
485.619965 287.269989 104.999992 -0.300100
164.960007 162.529999 115.000000 2.450400
326.859985 294.880005 185.000000 0.269600
278.220001 309.720001 85.000000 -0.244300
164.960007 162.529999 15.000001 0.688500
351.149994 317.230011 125.000000 -1.070500
36.660000 376.950012 35.000000 0.957900
10.750000 436.549988 65.000000 0.894100
21.549999 94.790001 35.000000 1.522100
153.250000 487.290009 155.000000 -0.808400
213.610001 335.230011 225.000000 0.442900
321.350006 295.559998 15.000001 1.466300
351.149994 317.230011 215.000015 0.076400
87.879997 274.649994 205.000000 0.294600
153.250000 487.290009 35.000000 0.590700
346.649994 423.839996 104.999992 -0.644900
87.879997 274.649994 125.000000 1.839400
164.960007 162.529999 225.000000 0.289500
360.320007 218.240005 245.000000 1.384900
259.609985 410.989990 155.000000 -0.574900
313.820007 301.010010 75.000000 -0.144600
15.230000 487.869965 104.999992 0.192200
469.350006 191.869995 234.999985 0.784400
351.149994 317.230011 234.999985 -0.067700
362.690002 176.309998 165.000000 0.548100
485.619965 287.269989 165.000000 -0.750000
400.339996 251.389999 75.000000 0.082200
265.890015 249.910004 185.000000 0.744200
90.820000 436.950012 195.000000 0.617300
360.320007 218.240005 85.000000 -0.164100
177.470001 28.440002 175.000000 0.814000
490.339996 265.519989 215.000015 -0.411500
318.250000 429.989990 155.000000 -0.401000
15.230000 487.869965 75.000000 0.625800
278.220001 309.720001 55.000000 0.306600
24.240000 60.180004 234.999985 -0.222200
257.549988 341.380005 135.000000 -0.425000
362.690002 176.309998 65.000000 0.081100
442.040009 436.390015 245.000000 1.292800
346.649994 423.839996 15.000001 0.613900
397.839996 243.309998 185.000000 -0.191700
428.800018 332.540009 115.000000 -0.308500
321.350006 295.559998 115.000000 -0.770300
87.879997 274.649994 185.000000 0.811700
449.420013 7.280000 115.000000 -0.513800
130.139999 391.570007 35.000000 -0.164800
442.040009 436.390015 15.000001 -0.360100
397.839996 243.309998 234.999985 0.534700
318.250000 429.989990 45.000000 0.277000
124.059998 227.130005 45.000000 1.319300
124.059998 227.130005 215.000015 0.314100
298.269989 94.169998 95.000000 -0.045900
451.160004 411.480011 145.000000 0.362400
397.839996 243.309998 65.000000 0.075400
346.649994 423.839996 195.000000 -0.210900
177.470001 28.440002 245.000000 0.158900
257.549988 341.380005 245.000000 0.157100
485.619965 287.269989 15.000001 0.336500
24.240000 60.180004 95.000000 1.709300
449.420013 7.280000 215.000015 0.157200
449.420013 7.280000 125.000000 -0.440300
360.320007 218.240005 195.000000 0.481600
494.790039 48.910000 234.999985 0.370600
87.070000 482.109985 104.999992 -0.059300
318.250000 429.989990 185.000000 -0.292400
449.420013 7.280000 45.000000 -0.998500
87.070000 482.109985 215.000015 -0.243700
164.960007 162.529999 195.000000 0.661100
21.549999 94.790001 65.000000 1.524300
265.890015 249.910004 175.000000 0.839000
164.960007 162.529999 145.000000 2.295800
125.440002 312.079987 35.000000 0.371000
87.879997 274.649994 234.999985 -0.089200
326.859985 294.880005 75.000000 -0.246900
451.160004 411.480011 245.000000 1.138200
346.649994 423.839996 185.000000 -0.153800
15.230000 487.869965 15.000001 1.400200
485.619965 287.269989 175.000000 -0.723600
360.320007 218.240005 165.000000 0.047700
87.879997 274.649994 85.000000 1.407500
451.160004 411.480011 25.000000 -0.487600
87.879997 274.649994 215.000015 0.172500
322.970001 454.979980 165.000000 -0.227400
24.240000 60.180004 245.000000 -0.223300
397.839996 243.309998 125.000000 -0.653100
360.320007 218.240005 95.000000 -0.327600
153.250000 487.290009 55.000000 0.335800
360.320007 218.240005 125.000000 -0.373500
124.059998 227.130005 185.000000 0.831500
322.970001 454.979980 245.000000 -0.168000
130.139999 391.570007 15.000001 0.058600
278.220001 309.720001 185.000000 0.546200
449.420013 7.280000 195.000000 0.171000
125.440002 312.079987 65.000000 0.236500
298.269989 94.169998 205.000000 0.766500
106.320000 324.380005 35.000000 0.427100
442.040009 436.390015 35.000000 -0.474800
259.609985 410.989990 215.000015 -0.382700
346.649994 423.839996 65.000000 -0.448900
469.350006 191.869995 104.999992 0.632800
360.320007 218.240005 234.999985 1.277800
10.750000 436.549988 85.000000 0.682500
87.879997 274.649994 45.000000 1.018800
24.240000 60.180004 25.000000 1.206900
494.790039 48.910000 225.000000 0.348800
87.070000 482.109985 85.000000 0.191500
400.339996 251.389999 104.999992 -0.700600
313.820007 301.010010 95.000000 -0.578800
469.350006 191.869995 195.000000 0.188000
257.549988 341.380005 55.000000 0.078400
21.549999 94.790001 225.000000 -0.233000
346.649994 423.839996 25.000000 0.587500
213.610001 335.230011 165.000000 -0.042700
90.820000 436.950012 145.000000 -0.039900
318.250000 429.989990 55.000000 -0.240900
313.820007 301.010010 135.000000 -0.814400
10.750000 436.549988 205.000000 0.718900
10.750000 436.549988 165.000000 0.909900
351.149994 317.230011 85.000000 -0.355800
362.690002 176.309998 185.000000 0.900000
257.549988 341.380005 185.000000 0.367200
351.149994 317.230011 145.000000 -0.654800
106.320000 324.380005 215.000015 0.556200
213.610001 335.230011 15.000001 1.096700
322.970001 454.979980 125.000000 -0.629500
87.070000 482.109985 245.000000 -0.239200
177.470001 28.440002 25.000000 -0.336500
10.750000 436.549988 95.000000 0.696100
155.990005 360.869995 135.000000 -0.337800
87.070000 482.109985 195.000000 -0.023700
494.790039 48.910000 215.000015 0.532500
164.960007 162.529999 35.000000 0.603800
428.800018 332.540009 234.999985 0.139400
490.339996 265.519989 25.000000 0.564500
24.240000 60.180004 165.000000 0.475800
428.800018 332.540009 104.999992 -0.383700
321.350006 295.559998 215.000015 0.207900
90.820000 436.950012 155.000000 -0.033600
21.549999 94.790001 104.999992 1.877000
164.960007 162.529999 55.000000 1.036700
130.139999 391.570007 104.999992 -0.823600
257.549988 341.380005 115.000000 -0.721100
449.420013 7.280000 104.999992 -0.279300
428.800018 332.540009 15.000001 0.592900
36.660000 376.950012 135.000000 1.629500
428.800018 332.540009 215.000015 -0.013400
164.960007 162.529999 25.000000 0.736300
265.890015 249.910004 145.000000 0.403900
36.660000 376.950012 245.000000 0.170800
257.549988 341.380005 15.000001 1.501600
326.859985 294.880005 234.999985 0.341700
303.149994 321.829987 215.000015 0.252600
125.440002 312.079987 185.000000 0.804000
130.139999 391.570007 175.000000 0.121800
177.470001 28.440002 205.000000 0.285700
490.339996 265.519989 65.000000 0.514100
21.549999 94.790001 165.000000 0.346500
469.350006 191.869995 35.000000 0.740500
259.609985 410.989990 195.000000 -0.140500
494.790039 48.910000 165.000000 0.325100
451.160004 411.480011 185.000000 0.405900
360.320007 218.240005 115.000000 -0.464700
265.890015 249.910004 125.000000 0.296000
110.449997 318.959991 35.000000 0.386700
110.449997 318.959991 245.000000 -0.063000
257.549988 341.380005 85.000000 -0.579000
303.149994 321.829987 75.000000 -0.336300
259.609985 410.989990 115.000000 -1.075800
24.240000 60.180004 115.000000 1.350700
127.139999 327.489990 75.000000 0.040200
400.339996 251.389999 245.000000 0.203100
451.160004 411.480011 195.000000 0.727800
298.269989 94.169998 85.000000 0.049100
127.139999 327.489990 85.000000 -0.048800
494.790039 48.910000 75.000000 1.232400
428.800018 332.540009 45.000000 0.131400
21.549999 94.790001 195.000000 -0.159800
278.220001 309.720001 75.000000 0.150400
257.549988 341.380005 234.999985 0.228500
318.250000 429.989990 135.000000 -0.636400
90.820000 436.950012 85.000000 -0.349500
177.470001 28.440002 115.000000 1.507800
469.350006 191.869995 145.000000 -0.311000
110.449997 318.959991 75.000000 0.341700
130.139999 391.570007 155.000000 -0.383900
