pygeostat_saved_data
4
X
Y
Z
value
469.350006 191.869995 185.000000 0.064100
449.420013 7.280000 145.000000 -0.133200
125.440002 312.079987 65.000000 0.236500
322.970001 454.979980 45.000000 -0.078700
303.149994 321.829987 205.000000 0.426200
451.160004 411.480011 145.000000 0.362400
351.149994 317.230011 75.000000 -0.375400
322.970001 454.979980 155.000000 -0.389900
87.070000 482.109985 165.000000 -0.032200
155.990005 360.869995 175.000000 0.246900
155.990005 360.869995 104.999992 -1.002700
24.240000 60.180004 165.000000 0.475800
36.660000 376.950012 55.000000 0.621100
155.990005 360.869995 125.000000 -0.473800
362.690002 176.309998 85.000000 -0.116200
303.149994 321.829987 95.000000 -0.615700
257.549988 341.380005 215.000015 0.493900
449.420013 7.280000 104.999992 -0.279300
351.149994 317.230011 85.000000 -0.355800
164.960007 162.529999 175.000000 1.303100
400.339996 251.389999 185.000000 -0.351600
303.149994 321.829987 225.000000 0.234300
278.220001 309.720001 65.000000 -0.012800
395.619995 29.740000 175.000000 -0.013700
442.040009 436.390015 145.000000 0.187200
494.790039 48.910000 225.000000 0.348800
24.240000 60.180004 75.000000 1.369400
469.350006 191.869995 85.000000 1.078400
485.619965 287.269989 205.000000 -0.505700
451.160004 411.480011 95.000000 -0.504600
313.820007 301.010010 95.000000 -0.578800
278.220001 309.720001 45.000000 0.678500
428.800018 332.540009 35.000000 0.263300
351.149994 317.230011 165.000000 -0.496500
321.350006 295.559998 15.000001 1.466300
351.149994 317.230011 205.000000 0.213200
257.549988 341.380005 85.000000 -0.579000
400.339996 251.389999 45.000000 0.238100
397.839996 243.309998 165.000000 -0.406900
87.070000 482.109985 55.000000 0.665700
397.839996 243.309998 75.000000 -0.132200
36.660000 376.950012 145.000000 1.605500
24.240000 60.180004 175.000000 0.205100
153.250000 487.290009 175.000000 -0.683100
278.220001 309.720001 225.000000 0.509400
303.149994 321.829987 104.999992 -0.668700
153.250000 487.290009 85.000000 -0.601100
278.220001 309.720001 135.000000 -0.454800
326.859985 294.880005 104.999992 -0.462700
351.149994 317.230011 15.000001 1.558600
322.970001 454.979980 165.000000 -0.227400
451.160004 411.480011 175.000000 0.648000
326.859985 294.880005 95.000000 -0.698900
130.139999 391.570007 115.000000 -0.590800
362.690002 176.309998 125.000000 -0.179700
259.609985 410.989990 115.000000 -1.075800
10.750000 436.549988 175.000000 0.776800
87.070000 482.109985 15.000001 1.245400
213.610001 335.230011 115.000000 -0.384500
110.449997 318.959991 125.000000 0.531800
257.549988 341.380005 245.000000 0.157100
90.820000 436.950012 145.000000 -0.039900
428.800018 332.540009 125.000000 -0.309400
106.320000 324.380005 195.000000 0.737100
125.440002 312.079987 15.000001 0.188700
164.960007 162.529999 185.000000 1.154500
360.320007 218.240005 25.000000 0.782400
155.990005 360.869995 15.000001 0.251700
351.149994 317.230011 104.999992 -0.770800
257.549988 341.380005 15.000001 1.501600
395.619995 29.740000 85.000000 -0.520900
87.070000 482.109985 205.000000 -0.004700
494.790039 48.910000 95.000000 0.871700
125.440002 312.079987 225.000000 0.562200
90.820000 436.950012 85.000000 -0.349500
400.339996 251.389999 115.000000 -0.622100
428.800018 332.540009 185.000000 -0.178200
130.139999 391.570007 225.000000 0.391300
257.549988 341.380005 234.999985 0.228500
395.619995 29.740000 15.000001 -1.320600
278.220001 309.720001 115.000000 -0.358500
326.859985 294.880005 85.000000 -0.311500
428.800018 332.540009 195.000000 -0.135100
360.320007 218.240005 65.000000 -0.095800
451.160004 411.480011 195.000000 0.727800
153.250000 487.290009 15.000001 0.764600
278.220001 309.720001 55.000000 0.306600
494.790039 48.910000 215.000015 0.532500
326.859985 294.880005 205.000000 0.106300
257.549988 341.380005 145.000000 -0.319700
321.350006 295.559998 85.000000 -0.311500
351.149994 317.230011 135.000000 -0.912600
24.240000 60.180004 55.000000 1.411800
313.820007 301.010010 125.000000 -0.721900
36.660000 376.950012 125.000000 1.399200
313.820007 301.010010 65.000000 0.031300
110.449997 318.959991 135.000000 0.576600
278.220001 309.720001 155.000000 -0.167600
469.350006 191.869995 245.000000 0.663000
265.890015 249.910004 135.000000 0.459400
351.149994 317.230011 195.000000 -0.018700
362.690002 176.309998 185.000000 0.900000
485.619965 287.269989 35.000000 0.615300
400.339996 251.389999 95.000000 -0.428900
90.820000 436.950012 95.000000 -0.237400
397.839996 243.309998 135.000000 -0.638700
362.690002 176.309998 35.000000 0.315900
213.610001 335.230011 15.000001 1.096700
313.820007 301.010010 45.000000 0.612600
24.240000 60.180004 85.000000 1.506200
449.420013 7.280000 115.000000 -0.513800
362.690002 176.309998 135.000000 -0.133400
469.350006 191.869995 175.000000 -0.056900
155.990005 360.869995 25.000000 -0.070600
494.790039 48.910000 55.000000 0.909000
326.859985 294.880005 155.000000 -0.577500
397.839996 243.309998 15.000001 0.629700
153.250000 487.290009 205.000000 -0.517200
110.449997 318.959991 85.000000 0.578800
259.609985 410.989990 245.000000 -0.480100
326.859985 294.880005 115.000000 -0.770300
125.440002 312.079987 25.000000 0.379200
303.149994 321.829987 115.000000 -0.860200
110.449997 318.959991 65.000000 0.189900
442.040009 436.390015 25.000000 -0.272700
125.440002 312.079987 215.000015 0.380300
106.320000 324.380005 35.000000 0.427100
278.220001 309.720001 35.000000 0.985700
442.040009 436.390015 15.000001 -0.360100
494.790039 48.910000 104.999992 1.071400
451.160004 411.480011 45.000000 -0.536600
303.149994 321.829987 55.000000 0.248700
153.250000 487.290009 234.999985 -0.184500
265.890015 249.910004 95.000000 0.252300
485.619965 287.269989 104.999992 -0.300100
90.820000 436.950012 45.000000 0.467200
90.820000 436.950012 65.000000 -0.153800
257.549988 341.380005 205.000000 0.401200
303.149994 321.829987 35.000000 0.971300
213.610001 335.230011 215.000015 0.779700
90.820000 436.950012 25.000000 0.999700
351.149994 317.230011 115.000000 -0.957300
278.220001 309.720001 175.000000 0.362900
360.320007 218.240005 135.000000 -0.393800
24.240000 60.180004 245.000000 -0.223300
125.440002 312.079987 55.000000 0.339100
24.240000 60.180004 155.000000 0.692700
485.619965 287.269989 95.000000 0.024500
449.420013 7.280000 35.000000 -1.287400
451.160004 411.480011 15.000001 -0.399600
313.820007 301.010010 205.000000 0.417900
428.800018 332.540009 135.000000 -0.215900
400.339996 251.389999 35.000000 0.416200
87.070000 482.109985 85.000000 0.191500
351.149994 317.230011 225.000000 0.220300
326.859985 294.880005 55.000000 0.471200
10.750000 436.549988 185.000000 0.619100
164.960007 162.529999 75.000000 1.758300
397.839996 243.309998 155.000000 -0.662300
400.339996 251.389999 155.000000 -0.580800
485.619965 287.269989 65.000000 0.383100
321.350006 295.559998 155.000000 -0.577500
321.350006 295.559998 215.000015 0.207900
303.149994 321.829987 45.000000 0.617000
106.320000 324.380005 165.000000 0.888400
164.960007 162.529999 135.000000 2.176800
90.820000 436.950012 215.000015 0.457300
213.610001 335.230011 145.000000 -0.110700
303.149994 321.829987 75.000000 -0.336300
397.839996 243.309998 205.000000 0.370400
90.820000 436.950012 15.000001 1.041100
400.339996 251.389999 125.000000 -0.732800
442.040009 436.390015 115.000000 -0.205400
153.250000 487.290009 45.000000 0.504200
110.449997 318.959991 215.000015 0.488200
164.960007 162.529999 35.000000 0.603800
125.440002 312.079987 195.000000 0.843100
449.420013 7.280000 25.000000 -1.238500
155.990005 360.869995 215.000015 0.621600
278.220001 309.720001 205.000000 0.685300
442.040009 436.390015 245.000000 1.292800
321.350006 295.559998 65.000000 0.200900
164.960007 162.529999 155.000000 1.958600
400.339996 251.389999 165.000000 -0.628400
155.990005 360.869995 185.000000 0.512300
110.449997 318.959991 195.000000 0.761400
360.320007 218.240005 215.000015 1.023700
362.690002 176.309998 234.999985 1.733600
164.960007 162.529999 65.000000 1.147200
322.970001 454.979980 234.999985 -0.272000
321.350006 295.559998 195.000000 0.189500
449.420013 7.280000 245.000000 0.446800
10.750000 436.549988 65.000000 0.894100
397.839996 243.309998 45.000000 0.182800
213.610001 335.230011 75.000000 -0.533400
449.420013 7.280000 135.000000 -0.249000
303.149994 321.829987 15.000001 1.740500
321.350006 295.559998 125.000000 -0.689900
360.320007 218.240005 85.000000 -0.164100
303.149994 321.829987 175.000000 -0.037600
87.070000 482.109985 35.000000 1.139200
36.660000 376.950012 15.000001 0.900600
153.250000 487.290009 225.000000 -0.394800
259.609985 410.989990 65.000000 -0.315500
469.350006 191.869995 65.000000 1.260500
395.619995 29.740000 45.000000 -1.025800
265.890015 249.910004 145.000000 0.403900
257.549988 341.380005 125.000000 -0.510200
106.320000 324.380005 75.000000 0.490300
106.320000 324.380005 225.000000 0.369800
259.609985 410.989990 125.000000 -0.988500
265.890015 249.910004 245.000000 0.828000
360.320007 218.240005 145.000000 -0.297800
110.449997 318.959991 234.999985 0.061000
428.800018 332.540009 85.000000 -0.467200
303.149994 321.829987 65.000000 -0.229700
428.800018 332.540009 55.000000 0.051800
213.610001 335.230011 35.000000 0.458000
400.339996 251.389999 225.000000 0.172100
360.320007 218.240005 75.000000 -0.108300
469.350006 191.869995 234.999985 0.784400
494.790039 48.910000 15.000001 -0.522300
87.070000 482.109985 155.000000 -0.122000
106.320000 324.380005 205.000000 0.614000
87.070000 482.109985 185.000000 -0.083500
164.960007 162.529999 45.000000 0.591000
442.040009 436.390015 104.999992 -0.297300
36.660000 376.950012 45.000000 0.772500
451.160004 411.480011 225.000000 0.993200
362.690002 176.309998 245.000000 1.898300
362.690002 176.309998 175.000000 0.739100
36.660000 376.950012 95.000000 0.872100
397.839996 243.309998 65.000000 0.075400
36.660000 376.950012 155.000000 1.518500
362.690002 176.309998 225.000000 1.902100
469.350006 191.869995 45.000000 1.210200
259.609985 410.989990 145.000000 -0.338500
321.350006 295.559998 145.000000 -0.598800
125.440002 312.079987 234.999985 0.263200
110.449997 318.959991 205.000000 0.592000
87.070000 482.109985 125.000000 -0.055000
428.800018 332.540009 45.000000 0.131400
449.420013 7.280000 65.000000 -0.352100
362.690002 176.309998 104.999992 -0.328900
106.320000 324.380005 115.000000 0.549600
164.960007 162.529999 55.000000 1.036700
257.549988 341.380005 95.000000 -0.700700
155.990005 360.869995 195.000000 0.475500
351.149994 317.230011 155.000000 -0.793000
485.619965 287.269989 85.000000 0.089000
362.690002 176.309998 25.000000 0.357300
125.440002 312.079987 35.000000 0.371000
485.619965 287.269989 245.000000 -0.193900
494.790039 48.910000 155.000000 0.336200
153.250000 487.290009 115.000000 -0.706800
278.220001 309.720001 195.000000 0.589800
313.820007 301.010010 135.000000 -0.814400
428.800018 332.540009 234.999985 0.139400
494.790039 48.910000 75.000000 1.232400
322.970001 454.979980 135.000000 -0.408800
442.040009 436.390015 205.000000 0.594800
125.440002 312.079987 155.000000 0.581000
351.149994 317.230011 234.999985 -0.067700
110.449997 318.959991 165.000000 0.510000
155.990005 360.869995 205.000000 0.527100
213.610001 335.230011 95.000000 -0.564700
106.320000 324.380005 175.000000 0.832900
351.149994 317.230011 45.000000 0.190200
395.619995 29.740000 165.000000 -0.064300
90.820000 436.950012 205.000000 0.471700
213.610001 335.230011 195.000000 0.522000
360.320007 218.240005 104.999992 -0.208000
125.440002 312.079987 75.000000 0.187500
155.990005 360.869995 35.000000 -0.308700
351.149994 317.230011 245.000000 -0.239200
428.800018 332.540009 215.000015 -0.013400
442.040009 436.390015 215.000015 0.728400
326.859985 294.880005 75.000000 -0.246900
265.890015 249.910004 25.000000 1.401800
451.160004 411.480011 75.000000 -0.710400
10.750000 436.549988 25.000000 1.445100
442.040009 436.390015 225.000000 0.867200
213.610001 335.230011 185.000000 0.600700
494.790039 48.910000 165.000000 0.325100
36.660000 376.950012 85.000000 0.818400
265.890015 249.910004 125.000000 0.296000
400.339996 251.389999 55.000000 0.235000
10.750000 436.549988 104.999992 0.834100
24.240000 60.180004 215.000015 -0.173600
106.320000 324.380005 145.000000 0.604000
106.320000 324.380005 245.000000 -0.032900
213.610001 335.230011 85.000000 -0.403600
303.149994 321.829987 195.000000 0.346300
313.820007 301.010010 55.000000 0.281000
322.970001 454.979980 15.000001 0.774800
360.320007 218.240005 15.000001 0.629500
469.350006 191.869995 165.000000 -0.265900
322.970001 454.979980 25.000000 0.361900
428.800018 332.540009 25.000000 0.423200
278.220001 309.720001 25.000000 1.396400
326.859985 294.880005 245.000000 -0.072300
125.440002 312.079987 145.000000 0.584100
400.339996 251.389999 75.000000 0.082200
400.339996 251.389999 245.000000 0.203100
322.970001 454.979980 55.000000 -0.272800
321.350006 295.559998 104.999992 -0.462700
326.859985 294.880005 185.000000 0.269600
106.320000 324.380005 104.999992 0.536500
110.449997 318.959991 155.000000 0.693600
153.250000 487.290009 165.000000 -0.733000
155.990005 360.869995 115.000000 -0.592700
362.690002 176.309998 205.000000 1.750600
313.820007 301.010010 195.000000 0.295800
395.619995 29.740000 65.000000 -0.895200
213.610001 335.230011 165.000000 -0.042700
395.619995 29.740000 125.000000 -0.684800
400.339996 251.389999 215.000015 0.176600
326.859985 294.880005 234.999985 0.341700
428.800018 332.540009 75.000000 -0.404000
494.790039 48.910000 85.000000 1.061700
326.859985 294.880005 165.000000 -0.459600
164.960007 162.529999 104.999992 2.054800
90.820000 436.950012 245.000000 0.022600
265.890015 249.910004 65.000000 0.819000
322.970001 454.979980 85.000000 -0.541300
326.859985 294.880005 45.000000 0.751600
321.350006 295.559998 75.000000 -0.246900
259.609985 410.989990 215.000015 -0.382700
428.800018 332.540009 115.000000 -0.308500
400.339996 251.389999 65.000000 0.078900
326.859985 294.880005 195.000000 0.189500
442.040009 436.390015 95.000000 -0.562700
10.750000 436.549988 55.000000 1.064200
265.890015 249.910004 15.000001 1.383900
155.990005 360.869995 75.000000 -0.921200
130.139999 391.570007 35.000000 -0.164800
494.790039 48.910000 175.000000 0.485900
90.820000 436.950012 234.999985 0.075600
265.890015 249.910004 205.000000 0.945200
10.750000 436.549988 165.000000 0.909900
442.040009 436.390015 234.999985 1.172100
494.790039 48.910000 195.000000 0.325500
397.839996 243.309998 125.000000 -0.653100
397.839996 243.309998 145.000000 -0.466700
303.149994 321.829987 135.000000 -0.723700
395.619995 29.740000 35.000000 -1.410700
265.890015 249.910004 35.000000 1.260800
395.619995 29.740000 104.999992 -0.724800
322.970001 454.979980 225.000000 -0.489300
130.139999 391.570007 65.000000 -1.066400
24.240000 60.180004 25.000000 1.206900
360.320007 218.240005 45.000000 0.169200
125.440002 312.079987 135.000000 0.517400
164.960007 162.529999 205.000000 0.694600
153.250000 487.290009 155.000000 -0.808400
397.839996 243.309998 215.000015 0.389000
400.339996 251.389999 135.000000 -0.729200
428.800018 332.540009 104.999992 -0.383700
485.619965 287.269989 75.000000 0.041800
278.220001 309.720001 215.000015 0.740800
449.420013 7.280000 15.000001 -1.742400
265.890015 249.910004 215.000015 0.833900
90.820000 436.950012 175.000000 0.385000
24.240000 60.180004 65.000000 1.231900
322.970001 454.979980 185.000000 -0.500300
322.970001 454.979980 245.000000 -0.168000
278.220001 309.720001 75.000000 0.150400
449.420013 7.280000 95.000000 -0.261900
10.750000 436.549988 115.000000 0.853500
397.839996 243.309998 35.000000 0.287200
257.549988 341.380005 175.000000 0.206000
362.690002 176.309998 115.000000 -0.236100
321.350006 295.559998 35.000000 1.083100
449.420013 7.280000 185.000000 0.376500
428.800018 332.540009 15.000001 0.592900
449.420013 7.280000 175.000000 0.122800
24.240000 60.180004 35.000000 1.374100
130.139999 391.570007 55.000000 -0.780200
321.350006 295.559998 185.000000 0.269600
164.960007 162.529999 245.000000 -0.082700
362.690002 176.309998 65.000000 0.081100
155.990005 360.869995 85.000000 -0.992600
110.449997 318.959991 145.000000 0.594100
90.820000 436.950012 135.000000 -0.091900
442.040009 436.390015 175.000000 0.232700
36.660000 376.950012 245.000000 0.170800
110.449997 318.959991 75.000000 0.341700
106.320000 324.380005 155.000000 0.672600
87.070000 482.109985 65.000000 0.572600
164.960007 162.529999 95.000000 2.127200
360.320007 218.240005 155.000000 -0.101100
485.619965 287.269989 145.000000 -0.766700
164.960007 162.529999 145.000000 2.295800
313.820007 301.010010 104.999992 -0.752100
469.350006 191.869995 35.000000 0.740500
326.859985 294.880005 25.000000 1.122300
36.660000 376.950012 104.999992 1.242600
395.619995 29.740000 155.000000 -0.458000
164.960007 162.529999 195.000000 0.661100
494.790039 48.910000 115.000000 0.810200
428.800018 332.540009 65.000000 -0.181600
469.350006 191.869995 195.000000 0.188000
164.960007 162.529999 115.000000 2.450400
360.320007 218.240005 225.000000 1.226500
257.549988 341.380005 135.000000 -0.425000
130.139999 391.570007 104.999992 -0.823600
395.619995 29.740000 245.000000 0.777600
106.320000 324.380005 65.000000 0.276000
303.149994 321.829987 245.000000 -0.070300
395.619995 29.740000 25.000000 -1.409200
259.609985 410.989990 185.000000 -0.445100
362.690002 176.309998 145.000000 -0.014400
130.139999 391.570007 215.000015 0.430100
36.660000 376.950012 175.000000 1.373500
24.240000 60.180004 185.000000 0.101600
395.619995 29.740000 234.999985 0.657300
360.320007 218.240005 205.000000 0.906600
451.160004 411.480011 85.000000 -0.538800
360.320007 218.240005 95.000000 -0.327600
321.350006 295.559998 115.000000 -0.770300
442.040009 436.390015 55.000000 -0.626300
322.970001 454.979980 215.000015 -0.425000
360.320007 218.240005 234.999985 1.277800
10.750000 436.549988 195.000000 0.871700
395.619995 29.740000 195.000000 0.331600
397.839996 243.309998 195.000000 0.056200
485.619965 287.269989 45.000000 0.314000
313.820007 301.010010 155.000000 -0.458400
87.070000 482.109985 45.000000 0.973400
395.619995 29.740000 205.000000 0.564800
322.970001 454.979980 115.000000 -1.008600
10.750000 436.549988 45.000000 1.216500
321.350006 295.559998 25.000000 1.122300
442.040009 436.390015 155.000000 0.606700
90.820000 436.950012 35.000000 0.713600
397.839996 243.309998 234.999985 0.534700
155.990005 360.869995 165.000000 -0.001600
10.750000 436.549988 234.999985 0.099900
326.859985 294.880005 65.000000 0.200900
451.160004 411.480011 55.000000 -0.699800
106.320000 324.380005 45.000000 0.474900
351.149994 317.230011 55.000000 0.163500
24.240000 60.180004 115.000000 1.350700
259.609985 410.989990 175.000000 -0.496300
469.350006 191.869995 115.000000 0.421200
130.139999 391.570007 185.000000 0.326200
153.250000 487.290009 245.000000 -0.238500
313.820007 301.010010 234.999985 0.209300
469.350006 191.869995 15.000001 0.778700
278.220001 309.720001 125.000000 -0.577000
257.549988 341.380005 104.999992 -0.722100
153.250000 487.290009 95.000000 -0.581800
395.619995 29.740000 95.000000 -0.702300
362.690002 176.309998 95.000000 -0.031300
36.660000 376.950012 165.000000 1.590600
87.070000 482.109985 104.999992 -0.059300
257.549988 341.380005 45.000000 0.363900
313.820007 301.010010 175.000000 -0.129300
259.609985 410.989990 35.000000 0.531900
360.320007 218.240005 35.000000 0.463600
494.790039 48.910000 125.000000 0.571100
153.250000 487.290009 104.999992 -0.948700
400.339996 251.389999 234.999985 0.233800
485.619965 287.269989 234.999985 -0.081000
257.549988 341.380005 185.000000 0.367200
395.619995 29.740000 185.000000 0.077100
259.609985 410.989990 75.000000 -0.515100
153.250000 487.290009 55.000000 0.335800
442.040009 436.390015 165.000000 0.458500
451.160004 411.480011 65.000000 -0.608000
259.609985 410.989990 155.000000 -0.574900
10.750000 436.549988 245.000000 -0.274400
130.139999 391.570007 135.000000 -0.495300
106.320000 324.380005 125.000000 0.628400
451.160004 411.480011 245.000000 1.138200
313.820007 301.010010 115.000000 -0.696300
442.040009 436.390015 195.000000 0.662200
360.320007 218.240005 185.000000 0.370200
469.350006 191.869995 205.000000 0.428900
303.149994 321.829987 234.999985 -0.005900
397.839996 243.309998 175.000000 -0.231600
362.690002 176.309998 15.000001 0.411600
351.149994 317.230011 125.000000 -1.070500
351.149994 317.230011 185.000000 -0.094500
90.820000 436.950012 115.000000 -0.105000
90.820000 436.950012 104.999992 -0.303700
485.619965 287.269989 25.000000 0.279400
265.890015 249.910004 195.000000 0.870500
153.250000 487.290009 65.000000 0.036400
278.220001 309.720001 234.999985 0.497300
125.440002 312.079987 185.000000 0.804000
265.890015 249.910004 175.000000 0.839000
313.820007 301.010010 35.000000 0.808700
485.619965 287.269989 195.000000 -0.602700
265.890015 249.910004 45.000000 1.059600
10.750000 436.549988 215.000015 0.578600
494.790039 48.910000 145.000000 0.434800
494.790039 48.910000 205.000000 0.476700
442.040009 436.390015 125.000000 -0.063500
362.690002 176.309998 215.000015 1.621300
90.820000 436.950012 55.000000 0.041000
36.660000 376.950012 35.000000 0.957900
449.420013 7.280000 205.000000 0.261100
451.160004 411.480011 165.000000 0.611700
213.610001 335.230011 104.999992 -0.586000
321.350006 295.559998 245.000000 -0.072300
36.660000 376.950012 225.000000 0.722900
153.250000 487.290009 75.000000 -0.261400
130.139999 391.570007 25.000000 -0.003400
24.240000 60.180004 195.000000 0.122100
213.610001 335.230011 225.000000 0.442900
397.839996 243.309998 185.000000 -0.191700
265.890015 249.910004 104.999992 0.287200
24.240000 60.180004 135.000000 1.237300
87.070000 482.109985 215.000015 -0.243700
428.800018 332.540009 155.000000 -0.137400
485.619965 287.269989 175.000000 -0.723600
257.549988 341.380005 115.000000 -0.721100
36.660000 376.950012 25.000000 0.845400
125.440002 312.079987 95.000000 0.410000
494.790039 48.910000 65.000000 1.021600
494.790039 48.910000 245.000000 0.478700
259.609985 410.989990 95.000000 -1.003700
428.800018 332.540009 245.000000 0.034400
451.160004 411.480011 205.000000 0.655200
110.449997 318.959991 35.000000 0.386700
326.859985 294.880005 135.000000 -0.525600
313.820007 301.010010 245.000000 -0.158700
451.160004 411.480011 115.000000 -0.007200
360.320007 218.240005 115.000000 -0.464700
110.449997 318.959991 115.000000 0.741700
110.449997 318.959991 15.000001 0.267000
321.350006 295.559998 55.000000 0.471200
153.250000 487.290009 215.000015 -0.396000
326.859985 294.880005 145.000000 -0.598800
303.149994 321.829987 125.000000 -0.834100
321.350006 295.559998 135.000000 -0.525600
87.070000 482.109985 234.999985 -0.233800
321.350006 295.559998 205.000000 0.106300
400.339996 251.389999 15.000001 0.494100
164.960007 162.529999 125.000000 2.202200
10.750000 436.549988 15.000001 1.170200
36.660000 376.950012 65.000000 0.924800
449.420013 7.280000 55.000000 -0.718700
278.220001 309.720001 185.000000 0.546200
322.970001 454.979980 125.000000 -0.629500
106.320000 324.380005 135.000000 0.576000
265.890015 249.910004 85.000000 0.200500
400.339996 251.389999 104.999992 -0.700600
87.070000 482.109985 245.000000 -0.239200
303.149994 321.829987 85.000000 -0.415100
110.449997 318.959991 225.000000 0.304600
449.420013 7.280000 165.000000 0.216400
259.609985 410.989990 135.000000 -0.618400
442.040009 436.390015 35.000000 -0.474800
322.970001 454.979980 195.000000 -0.431700
360.320007 218.240005 195.000000 0.481600
155.990005 360.869995 155.000000 -0.267300
362.690002 176.309998 75.000000 -0.062300
213.610001 335.230011 234.999985 0.525400
125.440002 312.079987 125.000000 0.484400
278.220001 309.720001 95.000000 -0.229900
257.549988 341.380005 225.000000 0.388100
313.820007 301.010010 185.000000 0.224500
494.790039 48.910000 35.000000 0.122900
469.350006 191.869995 215.000015 0.443200
87.070000 482.109985 135.000000 -0.370800
259.609985 410.989990 25.000000 0.740500
153.250000 487.290009 25.000000 0.675600
10.750000 436.549988 225.000000 0.186600
90.820000 436.950012 165.000000 0.278200
106.320000 324.380005 95.000000 0.407200
164.960007 162.529999 225.000000 0.289500
153.250000 487.290009 145.000000 -0.819500
322.970001 454.979980 104.999992 -0.777700
155.990005 360.869995 234.999985 0.399700
321.350006 295.559998 175.000000 -0.037900
110.449997 318.959991 175.000000 0.818800
125.440002 312.079987 205.000000 0.744400
442.040009 436.390015 45.000000 -0.629300
213.610001 335.230011 135.000000 -0.331700
322.970001 454.979980 145.000000 -0.373700
494.790039 48.910000 25.000000 -0.182600
469.350006 191.869995 125.000000 0.064800
125.440002 312.079987 45.000000 0.393300
449.420013 7.280000 75.000000 -0.508900
106.320000 324.380005 55.000000 0.443900
449.420013 7.280000 45.000000 -0.998500
155.990005 360.869995 135.000000 -0.337800
36.660000 376.950012 195.000000 1.338600
362.690002 176.309998 165.000000 0.548100
110.449997 318.959991 55.000000 0.396200
451.160004 411.480011 104.999992 -0.382400
87.070000 482.109985 25.000000 1.275500
397.839996 243.309998 225.000000 0.614200
164.960007 162.529999 215.000015 0.442500
24.240000 60.180004 225.000000 -0.379900
213.610001 335.230011 205.000000 0.623200
351.149994 317.230011 145.000000 -0.654800
265.890015 249.910004 55.000000 1.051600
265.890015 249.910004 225.000000 0.792800
24.240000 60.180004 45.000000 1.343500
395.619995 29.740000 55.000000 -0.795600
259.609985 410.989990 85.000000 -0.999600
10.750000 436.549988 85.000000 0.682500
10.750000 436.549988 145.000000 0.890200
451.160004 411.480011 125.000000 0.000100
87.070000 482.109985 175.000000 -0.092800
259.609985 410.989990 55.000000 -0.368800
397.839996 243.309998 85.000000 -0.290700
469.350006 191.869995 104.999992 0.632800
442.040009 436.390015 185.000000 0.597500
469.350006 191.869995 135.000000 -0.293800
469.350006 191.869995 155.000000 -0.324100
90.820000 436.950012 155.000000 -0.033600
351.149994 317.230011 95.000000 -0.674000
360.320007 218.240005 55.000000 0.093500
469.350006 191.869995 95.000000 0.815800
153.250000 487.290009 125.000000 -0.744800
313.820007 301.010010 215.000015 0.239500
442.040009 436.390015 85.000000 -0.716600
449.420013 7.280000 195.000000 0.171000
164.960007 162.529999 15.000001 0.688500
164.960007 162.529999 25.000000 0.736300
213.610001 335.230011 155.000000 -0.136100
395.619995 29.740000 75.000000 -0.838000
213.610001 335.230011 245.000000 0.368400
494.790039 48.910000 185.000000 0.534900
257.549988 341.380005 55.000000 0.078400
265.890015 249.910004 155.000000 0.447900
110.449997 318.959991 95.000000 0.522100
326.859985 294.880005 35.000000 1.083100
469.350006 191.869995 55.000000 1.256500
395.619995 29.740000 215.000015 0.603800
485.619965 287.269989 115.000000 -0.252500
469.350006 191.869995 225.000000 0.743200
449.420013 7.280000 215.000015 0.157200
449.420013 7.280000 125.000000 -0.440300
90.820000 436.950012 195.000000 0.617300
130.139999 391.570007 245.000000 0.146800
428.800018 332.540009 225.000000 -0.077900
428.800018 332.540009 175.000000 -0.247000
90.820000 436.950012 225.000000 0.448500
485.619965 287.269989 165.000000 -0.750000
485.619965 287.269989 55.000000 0.409000
130.139999 391.570007 125.000000 -0.538600
10.750000 436.549988 35.000000 1.371300
106.320000 324.380005 85.000000 0.397500
485.619965 287.269989 225.000000 -0.516000
125.440002 312.079987 165.000000 0.695100
24.240000 60.180004 125.000000 1.271000
155.990005 360.869995 145.000000 -0.222200
397.839996 243.309998 245.000000 0.482300
322.970001 454.979980 205.000000 -0.617600
155.990005 360.869995 45.000000 -0.236900
155.990005 360.869995 245.000000 0.132400
213.610001 335.230011 125.000000 -0.341200
130.139999 391.570007 234.999985 0.416000
451.160004 411.480011 35.000000 -0.637400
24.240000 60.180004 234.999985 -0.222200
106.320000 324.380005 15.000001 0.298900
110.449997 318.959991 25.000000 0.536100
278.220001 309.720001 15.000001 1.855200
259.609985 410.989990 205.000000 -0.577100
395.619995 29.740000 115.000000 -0.619600
110.449997 318.959991 185.000000 0.888200
10.750000 436.549988 75.000000 0.838000
36.660000 376.950012 215.000015 0.770700
278.220001 309.720001 145.000000 -0.164100
164.960007 162.529999 165.000000 1.447300
130.139999 391.570007 205.000000 0.439900
265.890015 249.910004 165.000000 0.455900
