pygeostat_saved_data
4
X
Y
Z
value
265.890015 249.910004 205.000000 0.945200
469.350006 191.869995 75.000000 1.217100
401.970001 486.839996 225.000000 0.637800
153.250000 487.290009 165.000000 -0.733000
87.070000 482.109985 115.000000 -0.433700
87.879997 274.649994 15.000001 0.665400
305.200012 98.620003 225.000000 1.286400
485.619965 287.269989 215.000015 -0.316700
418.980042 132.100006 195.000000 1.523700
155.990005 360.869995 45.000000 -0.236900
418.980042 132.100006 75.000000 0.317300
313.820007 301.010010 185.000000 0.224500
360.320007 218.240005 115.000000 -0.464700
485.619965 287.269989 125.000000 -0.371900
241.470001 68.970001 155.000000 0.416000
422.380005 473.869995 245.000000 1.255800
127.139999 327.489990 165.000000 0.642600
422.380005 473.869995 155.000000 -0.054100
301.489990 273.140015 245.000000 0.377900
124.059998 227.130005 75.000000 1.796200
127.139999 327.489990 115.000000 0.303500
397.839996 243.309998 65.000000 0.075400
177.470001 28.440002 85.000000 1.248600
279.510010 102.050003 225.000000 1.096200
149.710007 20.520000 185.000000 0.684500
18.750000 492.299988 195.000000 -0.174200
155.990005 360.869995 15.000001 0.251700
124.059998 227.130005 195.000000 0.555400
149.710007 20.520000 155.000000 1.274900
177.470001 28.440002 125.000000 1.447900
257.549988 341.380005 165.000000 0.238100
190.830002 249.960022 145.000000 1.092200
355.769989 359.440002 125.000000 -0.823400
106.320000 324.380005 155.000000 0.672600
241.470001 68.970001 165.000000 0.161700
351.989990 427.250000 155.000000 0.344500
241.470001 68.970001 75.000000 0.639700
127.139999 327.489990 245.000000 -0.079000
21.549999 94.790001 155.000000 0.829200
18.750000 492.299988 104.999992 0.108400
130.139999 391.570007 245.000000 0.146800
10.750000 436.549988 155.000000 0.783100
400.339996 251.389999 35.000000 0.416200
442.040009 436.390015 175.000000 0.232700
318.250000 429.989990 75.000000 -0.566700
124.059998 227.130005 35.000000 1.149300
474.270020 286.970001 185.000000 -0.750100
485.619965 287.269989 25.000000 0.279400
351.989990 427.250000 175.000000 0.076200
360.320007 218.240005 234.999985 1.277800
18.750000 492.299988 15.000001 1.237300
29.600000 454.640015 75.000000 0.355000
278.220001 309.720001 195.000000 0.589800
401.970001 486.839996 175.000000 0.031700
432.929993 319.820007 225.000000 -0.239000
257.549988 341.380005 225.000000 0.388100
87.070000 482.109985 35.000000 1.139200
121.070007 192.259995 15.000001 0.896100
298.269989 94.169998 135.000000 -0.018700
125.440002 312.079987 95.000000 0.410000
449.420013 7.280000 185.000000 0.376500
301.489990 273.140015 205.000000 0.601800
303.149994 321.829987 125.000000 -0.834100
303.149994 321.829987 205.000000 0.426200
400.339996 251.389999 15.000001 0.494100
326.859985 294.880005 104.999992 -0.462700
125.440002 312.079987 175.000000 0.690900
351.989990 427.250000 185.000000 -0.068500
110.339996 469.959961 234.999985 -0.108900
259.609985 410.989990 185.000000 -0.445100
346.649994 423.839996 55.000000 -0.145200
21.549999 94.790001 125.000000 1.456600
153.250000 487.290009 15.000001 0.764600
136.740005 121.040001 165.000000 1.325600
418.980042 132.100006 104.999992 0.207000
351.149994 317.230011 45.000000 0.190200
124.059998 227.130005 55.000000 1.502500
326.859985 294.880005 205.000000 0.106300
153.250000 487.290009 175.000000 -0.683100
346.649994 423.839996 234.999985 -0.037300
106.320000 324.380005 55.000000 0.443900
475.950012 28.810001 85.000000 0.767500
418.980042 132.100006 25.000000 -0.299800
365.730011 403.760010 55.000000 -0.231700
124.059998 227.130005 65.000000 1.619100
90.820000 436.950012 234.999985 0.075600
148.389999 16.129999 104.999992 1.522200
164.960007 162.529999 145.000000 2.295800
15.230000 487.869965 185.000000 -0.064200
106.320000 324.380005 234.999985 0.215700
318.250000 429.989990 155.000000 -0.401000
395.619995 29.740000 45.000000 -1.025800
153.250000 487.290009 65.000000 0.036400
397.839996 243.309998 45.000000 0.182800
164.960007 162.529999 115.000000 2.450400
400.339996 251.389999 95.000000 -0.428900
322.970001 454.979980 45.000000 -0.078700
301.489990 273.140015 165.000000 -0.245200
360.170013 137.669998 65.000000 -0.247600
303.149994 321.829987 115.000000 -0.860200
346.649994 423.839996 165.000000 0.024200
130.139999 391.570007 195.000000 0.387000
130.139999 391.570007 15.000001 0.058600
360.320007 218.240005 65.000000 -0.095800
10.750000 436.549988 35.000000 1.371300
451.160004 411.480011 95.000000 -0.504600
87.070000 482.109985 95.000000 0.025300
265.890015 249.910004 145.000000 0.403900
449.420013 7.280000 215.000015 0.157200
155.990005 360.869995 245.000000 0.132400
321.350006 295.559998 145.000000 -0.598800
24.240000 60.180004 25.000000 1.206900
190.830002 249.960022 85.000000 0.870800
157.669998 258.649994 165.000000 1.016100
485.619965 287.269989 205.000000 -0.505700
469.350006 191.869995 104.999992 0.632800
18.750000 492.299988 35.000000 1.235700
177.470001 28.440002 234.999985 -0.019400
110.449997 318.959991 55.000000 0.396200
125.440002 312.079987 215.000015 0.380300
301.489990 273.140015 115.000000 -0.348200
36.660000 376.950012 45.000000 0.772500
36.660000 376.950012 75.000000 0.878200
241.470001 68.970001 225.000000 0.357600
401.970001 486.839996 55.000000 -0.685600
401.970001 486.839996 234.999985 0.813500
318.250000 429.989990 145.000000 -0.552700
164.960007 162.529999 195.000000 0.661100
360.320007 218.240005 185.000000 0.370200
490.339996 265.519989 155.000000 -0.655800
24.240000 60.180004 175.000000 0.205100
39.540001 330.609985 85.000000 1.324800
121.070007 192.259995 115.000000 2.557900
326.859985 294.880005 55.000000 0.471200
449.420013 7.280000 75.000000 -0.508900
126.960007 469.989960 15.000001 0.716800
106.320000 324.380005 195.000000 0.737100
265.890015 249.910004 25.000000 1.401800
155.990005 360.869995 225.000000 0.390500
233.159988 273.779999 104.999992 0.127300
18.750000 492.299988 245.000000 -0.343600
279.510010 102.050003 25.000000 0.268600
428.800018 332.540009 145.000000 -0.366800
418.980042 132.100006 145.000000 0.091000
305.200012 98.620003 25.000000 -0.107200
279.510010 102.050003 165.000000 0.435400
124.059998 227.130005 225.000000 -0.076900
213.610001 335.230011 125.000000 -0.341200
485.619965 287.269989 15.000001 0.336500
298.269989 94.169998 245.000000 1.268600
369.950012 384.730011 35.000000 0.585800
346.649994 423.839996 225.000000 -0.318700
110.449997 318.959991 85.000000 0.578800
130.139999 391.570007 225.000000 0.391300
254.429977 472.820007 225.000000 -0.982000
451.160004 411.480011 225.000000 0.993200
318.250000 429.989990 225.000000 -0.381200
369.950012 384.730011 25.000000 0.736000
322.970001 454.979980 195.000000 -0.431700
475.950012 28.810001 125.000000 -0.009500
233.159988 273.779999 75.000000 0.156600
87.879997 274.649994 25.000000 0.883000
422.380005 473.869995 104.999992 -0.812800
279.510010 102.050003 35.000000 0.451200
303.149994 321.829987 145.000000 -0.615300
395.619995 29.740000 225.000000 0.568400
322.970001 454.979980 104.999992 -0.777700
395.619995 29.740000 195.000000 0.331600
259.609985 410.989990 104.999992 -0.958700
254.429977 472.820007 45.000000 0.401700
149.710007 20.520000 234.999985 -0.069600
400.339996 251.389999 75.000000 0.082200
121.070007 192.259995 175.000000 1.074400
164.960007 162.529999 25.000000 0.736300
10.750000 436.549988 145.000000 0.890200
87.070000 482.109985 245.000000 -0.239200
39.540001 330.609985 15.000001 0.382900
125.440002 312.079987 104.999992 0.558400
442.040009 436.390015 165.000000 0.458500
110.449997 318.959991 185.000000 0.888200
378.690002 301.320007 65.000000 -0.277700
177.470001 28.440002 65.000000 0.709900
369.950012 384.730011 75.000000 -0.525000
494.790039 48.910000 65.000000 1.021600
56.240005 285.160004 45.000000 1.197500
475.950012 28.810001 145.000000 -0.047700
39.540001 330.609985 185.000000 1.269100
148.389999 16.129999 95.000000 1.285200
278.220001 309.720001 155.000000 -0.167600
110.339996 469.959961 145.000000 -0.384800
422.380005 473.869995 45.000000 -0.504100
378.690002 301.320007 135.000000 -0.904100
422.380005 473.869995 15.000001 -0.489900
305.200012 98.620003 65.000000 -0.206100
87.879997 274.649994 55.000000 1.201700
360.170013 137.669998 25.000000 0.039800
90.820000 436.950012 185.000000 0.487000
351.149994 317.230011 85.000000 -0.355800
298.269989 94.169998 35.000000 0.011400
56.240005 285.160004 205.000000 0.584800
56.240005 285.160004 185.000000 1.002200
126.960007 469.989960 215.000015 0.004500
360.170013 137.669998 104.999992 -0.483900
475.950012 28.810001 155.000000 0.200100
259.609985 410.989990 15.000001 1.172000
494.790039 48.910000 45.000000 0.517900
36.660000 376.950012 145.000000 1.605500
106.320000 324.380005 45.000000 0.474900
56.240005 285.160004 175.000000 1.144100
442.040009 436.390015 55.000000 -0.626300
395.619995 29.740000 215.000015 0.603800
177.470001 28.440002 135.000000 1.453400
490.339996 265.519989 55.000000 0.500800
18.750000 492.299988 155.000000 -0.320100
322.970001 454.979980 175.000000 -0.640600
351.149994 317.230011 65.000000 -0.169600
321.350006 295.559998 175.000000 -0.037900
303.149994 321.829987 135.000000 -0.723700
87.879997 274.649994 175.000000 1.176000
303.149994 321.829987 75.000000 -0.336300
241.470001 68.970001 45.000000 0.175400
485.619965 287.269989 234.999985 -0.081000
127.139999 327.489990 225.000000 0.339300
110.449997 318.959991 215.000015 0.488200
397.839996 243.309998 234.999985 0.534700
351.149994 317.230011 25.000000 1.085000
177.470001 28.440002 225.000000 0.249000
365.730011 403.760010 195.000000 0.223000
36.660000 376.950012 175.000000 1.373500
56.240005 285.160004 65.000000 1.390200
490.339996 265.519989 85.000000 0.242700
127.139999 327.489990 25.000000 0.113700
318.250000 429.989990 135.000000 -0.636400
24.240000 60.180004 165.000000 0.475800
313.820007 301.010010 145.000000 -0.744500
164.960007 162.529999 55.000000 1.036700
21.549999 94.790001 234.999985 -0.034900
428.800018 332.540009 104.999992 -0.383700
125.440002 312.079987 75.000000 0.187500
365.730011 403.760010 115.000000 -0.674300
110.339996 469.959961 75.000000 0.006400
124.059998 227.130005 185.000000 0.831500
401.970001 486.839996 95.000000 -0.820700
177.470001 28.440002 115.000000 1.507800
351.149994 317.230011 115.000000 -0.957300
326.859985 294.880005 135.000000 -0.525600
265.890015 249.910004 35.000000 1.260800
485.619965 287.269989 65.000000 0.383100
21.549999 94.790001 225.000000 -0.233000
326.859985 294.880005 95.000000 -0.698900
351.989990 427.250000 75.000000 -0.587700
130.139999 391.570007 25.000000 -0.003400
428.800018 332.540009 65.000000 -0.181600
90.820000 436.950012 85.000000 -0.349500
451.160004 411.480011 175.000000 0.648000
490.339996 265.519989 205.000000 -0.415500
449.420013 7.280000 225.000000 0.540000
321.350006 295.559998 95.000000 -0.698900
29.600000 454.640015 35.000000 1.373400
355.769989 359.440002 95.000000 -0.764600
469.350006 191.869995 205.000000 0.428900
397.839996 243.309998 104.999992 -0.662400
106.320000 324.380005 165.000000 0.888400
401.970001 486.839996 245.000000 1.061000
29.600000 454.640015 185.000000 0.485700
360.320007 218.240005 75.000000 -0.108300
418.980042 132.100006 15.000001 -0.224500
485.619965 287.269989 165.000000 -0.750000
36.660000 376.950012 185.000000 1.284900
298.269989 94.169998 125.000000 -0.050900
360.170013 137.669998 95.000000 -0.370500
397.839996 243.309998 225.000000 0.614200
362.690002 176.309998 185.000000 0.900000
21.549999 94.790001 185.000000 -0.038800
125.440002 312.079987 165.000000 0.695100
127.139999 327.489990 85.000000 -0.048800
126.960007 469.989960 195.000000 -0.210500
153.250000 487.290009 205.000000 -0.517200
469.350006 191.869995 245.000000 0.663000
164.960007 162.529999 245.000000 -0.082700
177.470001 28.440002 35.000000 -0.092800
18.750000 492.299988 95.000000 0.316900
322.970001 454.979980 55.000000 -0.272800
56.240005 285.160004 195.000000 0.942600
110.339996 469.959961 195.000000 0.166800
130.139999 391.570007 215.000015 0.430100
369.950012 384.730011 104.999992 -0.530500
449.420013 7.280000 115.000000 -0.513800
449.420013 7.280000 205.000000 0.261100
106.320000 324.380005 104.999992 0.536500
313.820007 301.010010 95.000000 -0.578800
351.989990 427.250000 234.999985 -0.066700
10.750000 436.549988 175.000000 0.776800
36.660000 376.950012 85.000000 0.818400
313.820007 301.010010 175.000000 -0.129300
322.970001 454.979980 85.000000 -0.541300
432.929993 319.820007 245.000000 -0.002900
397.839996 243.309998 185.000000 -0.191700
494.790039 48.910000 55.000000 0.909000
121.070007 192.259995 65.000000 1.640200
56.240005 285.160004 245.000000 -0.534000
148.389999 16.129999 75.000000 1.065600
318.250000 429.989990 104.999992 -0.904000
265.890015 249.910004 165.000000 0.455900
110.339996 469.959961 65.000000 -0.038000
39.540001 330.609985 205.000000 1.011300
106.320000 324.380005 125.000000 0.628400
157.669998 258.649994 234.999985 0.013800
110.449997 318.959991 115.000000 0.741700
360.320007 218.240005 135.000000 -0.393800
259.609985 410.989990 234.999985 -0.531100
127.139999 327.489990 205.000000 0.594200
121.070007 192.259995 25.000000 0.896600
369.950012 384.730011 45.000000 0.132700
257.549988 341.380005 245.000000 0.157100
87.070000 482.109985 65.000000 0.572600
148.389999 16.129999 225.000000 0.094000
110.339996 469.959961 185.000000 -0.033900
475.950012 28.810001 55.000000 -0.372500
148.389999 16.129999 155.000000 1.180000
36.660000 376.950012 215.000015 0.770700
378.690002 301.320007 245.000000 -0.112800
451.160004 411.480011 234.999985 1.118500
15.230000 487.869965 175.000000 -0.146500
428.800018 332.540009 135.000000 -0.215900
110.339996 469.959961 205.000000 0.222500
418.980042 132.100006 65.000000 0.574100
397.839996 243.309998 175.000000 -0.231600
265.890015 249.910004 185.000000 0.744200
149.710007 20.520000 165.000000 0.765600
21.549999 94.790001 25.000000 1.407400
149.710007 20.520000 35.000000 -0.314400
418.980042 132.100006 135.000000 0.067800
469.350006 191.869995 155.000000 -0.324100
29.600000 454.640015 135.000000 0.374100
155.990005 360.869995 95.000000 -0.990600
428.800018 332.540009 85.000000 -0.467200
257.549988 341.380005 55.000000 0.078400
125.440002 312.079987 115.000000 0.490700
428.800018 332.540009 125.000000 -0.309400
278.220001 309.720001 15.000001 1.855200
130.139999 391.570007 185.000000 0.326200
278.220001 309.720001 165.000000 0.209600
301.489990 273.140015 95.000000 -0.343500
422.380005 473.869995 75.000000 -0.735500
351.989990 427.250000 215.000015 -0.226700
127.139999 327.489990 104.999992 0.278400
213.610001 335.230011 205.000000 0.623200
110.449997 318.959991 65.000000 0.189900
365.730011 403.760010 145.000000 -0.003400
257.549988 341.380005 155.000000 -0.044800
442.040009 436.390015 35.000000 -0.474800
485.619965 287.269989 95.000000 0.024500
321.350006 295.559998 85.000000 -0.311500
303.149994 321.829987 175.000000 -0.037600
233.159988 273.779999 185.000000 0.814600
378.690002 301.320007 104.999992 -0.799400
401.970001 486.839996 15.000001 -0.317200
397.839996 243.309998 35.000000 0.287200
90.820000 436.950012 225.000000 0.448500
313.820007 301.010010 85.000000 -0.493200
153.250000 487.290009 125.000000 -0.744800
10.750000 436.549988 245.000000 -0.274400
313.820007 301.010010 245.000000 -0.158700
265.890015 249.910004 55.000000 1.051600
87.879997 274.649994 225.000000 -0.005600
110.339996 469.959961 85.000000 -0.424200
305.200012 98.620003 104.999992 -0.110100
298.269989 94.169998 104.999992 -0.073400
494.790039 48.910000 15.000001 -0.522300
485.619965 287.269989 35.000000 0.615300
428.800018 332.540009 55.000000 0.051800
39.540001 330.609985 155.000000 1.694800
36.660000 376.950012 245.000000 0.170800
157.669998 258.649994 65.000000 1.111800
346.649994 423.839996 185.000000 -0.153800
360.320007 218.240005 225.000000 1.226500
451.160004 411.480011 115.000000 -0.007200
321.350006 295.559998 55.000000 0.471200
362.690002 176.309998 25.000000 0.357300
449.420013 7.280000 125.000000 -0.440300
126.960007 469.989960 125.000000 -0.610100
126.960007 469.989960 95.000000 -0.549600
432.929993 319.820007 15.000001 0.609700
190.830002 249.960022 175.000000 0.941000
474.270020 286.970001 165.000000 -0.576800
378.690002 301.320007 155.000000 -0.512600
259.609985 410.989990 225.000000 -0.489100
322.970001 454.979980 95.000000 -0.892700
305.200012 98.620003 115.000000 -0.385200
10.750000 436.549988 85.000000 0.682500
125.440002 312.079987 245.000000 0.249600
29.600000 454.640015 195.000000 0.132500
265.890015 249.910004 104.999992 0.287200
449.420013 7.280000 15.000001 -1.742400
378.690002 301.320007 75.000000 -0.370100
29.600000 454.640015 65.000000 0.664500
87.070000 482.109985 104.999992 -0.059300
121.070007 192.259995 145.000000 1.864500
313.820007 301.010010 155.000000 -0.458400
346.649994 423.839996 104.999992 -0.644900
148.389999 16.129999 15.000001 -0.587500
157.669998 258.649994 195.000000 0.720400
124.059998 227.130005 135.000000 2.040000
121.070007 192.259995 155.000000 1.705500
351.149994 317.230011 175.000000 -0.387200
126.960007 469.989960 145.000000 -0.549400
21.549999 94.790001 115.000000 1.854800
279.510010 102.050003 55.000000 0.424600
362.690002 176.309998 104.999992 -0.328900
190.830002 249.960022 115.000000 1.086400
177.470001 28.440002 195.000000 0.284800
351.989990 427.250000 165.000000 0.289800
130.139999 391.570007 145.000000 -0.080100
110.449997 318.959991 15.000001 0.267000
110.339996 469.959961 15.000001 0.839700
475.950012 28.810001 115.000000 0.136400
494.790039 48.910000 115.000000 0.810200
475.950012 28.810001 104.999992 0.250800
360.170013 137.669998 175.000000 0.706300
449.420013 7.280000 85.000000 -0.148500
305.200012 98.620003 75.000000 -0.206200
110.339996 469.959961 245.000000 0.089400
346.649994 423.839996 145.000000 -0.286000
278.220001 309.720001 135.000000 -0.454800
401.970001 486.839996 35.000000 -0.420000
422.380005 473.869995 135.000000 -0.126700
442.040009 436.390015 25.000000 -0.272700
362.690002 176.309998 45.000000 0.044900
360.170013 137.669998 234.999985 2.078700
127.139999 327.489990 75.000000 0.040200
279.510010 102.050003 155.000000 0.369300
326.859985 294.880005 115.000000 -0.770300
305.200012 98.620003 35.000000 -0.037600
474.270020 286.970001 225.000000 -0.232200
475.950012 28.810001 175.000000 0.331200
494.790039 48.910000 215.000015 0.532500
121.070007 192.259995 35.000000 1.185100
322.970001 454.979980 65.000000 -0.498300
124.059998 227.130005 45.000000 1.319300
395.619995 29.740000 95.000000 -0.702300
303.149994 321.829987 65.000000 -0.229700
362.690002 176.309998 35.000000 0.315900
130.139999 391.570007 165.000000 0.077800
90.820000 436.950012 25.000000 0.999700
15.230000 487.869965 215.000015 -0.232900
18.750000 492.299988 234.999985 -0.534900
24.240000 60.180004 125.000000 1.271000
451.160004 411.480011 215.000015 0.610400
233.159988 273.779999 195.000000 1.009500
490.339996 265.519989 75.000000 0.532700
418.980042 132.100006 35.000000 0.018500
90.820000 436.950012 195.000000 0.617300
395.619995 29.740000 55.000000 -0.795600
326.859985 294.880005 165.000000 -0.459600
432.929993 319.820007 125.000000 -0.594000
149.710007 20.520000 205.000000 0.365700
432.929993 319.820007 65.000000 -0.089000
278.220001 309.720001 125.000000 -0.577000
442.040009 436.390015 115.000000 -0.205400
321.350006 295.559998 185.000000 0.269600
177.470001 28.440002 145.000000 1.103300
15.230000 487.869965 15.000001 1.400200
125.440002 312.079987 45.000000 0.393300
233.159988 273.779999 15.000001 1.388400
313.820007 301.010010 15.000001 1.647800
351.149994 317.230011 195.000000 -0.018700
490.339996 265.519989 215.000015 -0.411500
428.800018 332.540009 195.000000 -0.135100
233.159988 273.779999 245.000000 0.453800
298.269989 94.169998 145.000000 -0.005600
301.489990 273.140015 234.999985 0.496600
121.070007 192.259995 225.000000 0.113900
254.429977 472.820007 65.000000 -0.276800
127.139999 327.489990 35.000000 0.462100
24.240000 60.180004 85.000000 1.506200
155.990005 360.869995 205.000000 0.527100
24.240000 60.180004 195.000000 0.122100
127.139999 327.489990 45.000000 0.197100
326.859985 294.880005 45.000000 0.751600
494.790039 48.910000 155.000000 0.336200
257.549988 341.380005 215.000015 0.493900
279.510010 102.050003 45.000000 0.482100
153.250000 487.290009 135.000000 -0.698800
362.690002 176.309998 135.000000 -0.133400
395.619995 29.740000 155.000000 -0.458000
126.960007 469.989960 115.000000 -0.764300
490.339996 265.519989 125.000000 -0.320400
56.240005 285.160004 55.000000 1.223200
449.420013 7.280000 95.000000 -0.261900
490.339996 265.519989 195.000000 -0.771800
149.710007 20.520000 115.000000 1.738800
233.159988 273.779999 35.000000 1.115000
121.070007 192.259995 215.000015 0.476000
400.339996 251.389999 175.000000 -0.585800
351.149994 317.230011 165.000000 -0.496500
56.240005 285.160004 85.000000 1.546400
346.649994 423.839996 15.000001 0.613900
422.380005 473.869995 65.000000 -0.716800
106.320000 324.380005 85.000000 0.397500
298.269989 94.169998 165.000000 0.139000
313.820007 301.010010 55.000000 0.281000
148.389999 16.129999 125.000000 1.454200
241.470001 68.970001 245.000000 0.708000
148.389999 16.129999 175.000000 0.693000
422.380005 473.869995 175.000000 0.320000
355.769989 359.440002 75.000000 -0.531200
110.449997 318.959991 205.000000 0.592000
164.960007 162.529999 125.000000 2.202200
442.040009 436.390015 104.999992 -0.297300
177.470001 28.440002 215.000015 0.173300
494.790039 48.910000 135.000000 0.532000
254.429977 472.820007 165.000000 -0.542200
15.230000 487.869965 125.000000 -0.120400
18.750000 492.299988 165.000000 -0.190000
428.800018 332.540009 175.000000 -0.247000
10.750000 436.549988 75.000000 0.838000
362.690002 176.309998 75.000000 -0.062300
126.960007 469.989960 25.000000 0.815900
110.339996 469.959961 104.999992 -0.806000
422.380005 473.869995 95.000000 -0.895300
127.139999 327.489990 95.000000 0.335400
422.380005 473.869995 145.000000 -0.065000
90.820000 436.950012 135.000000 -0.091900
494.790039 48.910000 95.000000 0.871700
298.269989 94.169998 85.000000 0.049100
469.350006 191.869995 25.000000 0.797300
157.669998 258.649994 75.000000 1.253800
29.600000 454.640015 175.000000 0.495000
369.950012 384.730011 165.000000 0.253000
321.350006 295.559998 234.999985 0.341700
351.149994 317.230011 185.000000 -0.094500
313.820007 301.010010 104.999992 -0.752100
400.339996 251.389999 104.999992 -0.700600
233.159988 273.779999 115.000000 0.214000
130.139999 391.570007 95.000000 -0.901900
18.750000 492.299988 25.000000 1.353300
87.070000 482.109985 155.000000 -0.122000
136.740005 121.040001 185.000000 0.739000
475.950012 28.810001 75.000000 0.385100
56.240005 285.160004 145.000000 1.817000
360.320007 218.240005 175.000000 0.283200
21.549999 94.790001 85.000000 1.728400
395.619995 29.740000 104.999992 -0.724800
432.929993 319.820007 25.000000 0.616000
365.730011 403.760010 205.000000 0.016400
351.149994 317.230011 155.000000 -0.793000
400.339996 251.389999 195.000000 -0.052700
305.200012 98.620003 215.000015 1.001800
378.690002 301.320007 205.000000 0.156000
346.649994 423.839996 85.000000 -0.868200
21.549999 94.790001 75.000000 1.699300
326.859985 294.880005 65.000000 0.200900
490.339996 265.519989 45.000000 0.577400
442.040009 436.390015 65.000000 -0.689700
190.830002 249.960022 225.000000 0.551300
177.470001 28.440002 75.000000 0.909100
432.929993 319.820007 45.000000 0.287000
301.489990 273.140015 104.999992 -0.373400
355.769989 359.440002 55.000000 0.003600
298.269989 94.169998 95.000000 -0.045900
449.420013 7.280000 25.000000 -1.238500
305.200012 98.620003 195.000000 0.760900
148.389999 16.129999 145.000000 1.321700
321.350006 295.559998 135.000000 -0.525600
257.549988 341.380005 195.000000 0.718600
149.710007 20.520000 245.000000 0.042700
378.690002 301.320007 125.000000 -0.703600
153.250000 487.290009 45.000000 0.504200
378.690002 301.320007 215.000015 -0.209900
298.269989 94.169998 25.000000 -0.012000
56.240005 285.160004 25.000000 0.950200
313.820007 301.010010 215.000015 0.239500
149.710007 20.520000 125.000000 1.565100
401.970001 486.839996 215.000015 0.249900
351.149994 317.230011 135.000000 -0.912600
305.200012 98.620003 175.000000 0.361800
254.429977 472.820007 245.000000 -0.663400
351.989990 427.250000 245.000000 0.108000
401.970001 486.839996 185.000000 -0.029000
18.750000 492.299988 175.000000 -0.245100
321.350006 295.559998 225.000000 0.242900
259.609985 410.989990 45.000000 0.244300
318.250000 429.989990 175.000000 -0.203600
469.350006 191.869995 55.000000 1.256500
153.250000 487.290009 215.000015 -0.396000
365.730011 403.760010 165.000000 0.240200
322.970001 454.979980 135.000000 -0.408800
126.960007 469.989960 175.000000 -0.155500
213.610001 335.230011 25.000000 0.682600
87.879997 274.649994 65.000000 1.342200
418.980042 132.100006 185.000000 1.017400
313.820007 301.010010 25.000000 1.303100
418.980042 132.100006 155.000000 0.257600
442.040009 436.390015 245.000000 1.292800
164.960007 162.529999 104.999992 2.054800
265.890015 249.910004 234.999985 0.993400
397.839996 243.309998 75.000000 -0.132200
87.070000 482.109985 15.000001 1.245400
125.440002 312.079987 195.000000 0.843100
322.970001 454.979980 245.000000 -0.168000
485.619965 287.269989 104.999992 -0.300100
355.769989 359.440002 205.000000 0.052600
36.660000 376.950012 195.000000 1.338600
15.230000 487.869965 45.000000 1.023300
494.790039 48.910000 205.000000 0.476700
213.610001 335.230011 225.000000 0.442900
87.070000 482.109985 45.000000 0.973400
360.320007 218.240005 15.000001 0.629500
136.740005 121.040001 145.000000 1.749000
494.790039 48.910000 104.999992 1.071400
298.269989 94.169998 225.000000 0.894600
164.960007 162.529999 135.000000 2.176800
355.769989 359.440002 15.000001 1.327700
301.489990 273.140015 25.000000 1.223200
127.139999 327.489990 175.000000 0.957300
29.600000 454.640015 234.999985 -0.214200
346.649994 423.839996 65.000000 -0.448900
190.830002 249.960022 165.000000 0.983900
157.669998 258.649994 155.000000 1.207100
301.489990 273.140015 215.000015 0.569000
87.070000 482.109985 165.000000 -0.032200
110.449997 318.959991 75.000000 0.341700
428.800018 332.540009 245.000000 0.034400
279.510010 102.050003 245.000000 1.111000
395.619995 29.740000 115.000000 -0.619600
149.710007 20.520000 225.000000 0.142700
241.470001 68.970001 104.999992 0.825400
265.890015 249.910004 155.000000 0.447900
326.859985 294.880005 225.000000 0.242900
303.149994 321.829987 165.000000 -0.245100
157.669998 258.649994 215.000015 0.504400
90.820000 436.950012 95.000000 -0.237400
153.250000 487.290009 155.000000 -0.808400
400.339996 251.389999 65.000000 0.078900
125.440002 312.079987 234.999985 0.263200
432.929993 319.820007 104.999992 -0.524700
36.660000 376.950012 115.000000 1.424000
121.070007 192.259995 135.000000 2.226700
474.270020 286.970001 75.000000 0.173600
259.609985 410.989990 135.000000 -0.618400
278.220001 309.720001 35.000000 0.985700
360.170013 137.669998 55.000000 -0.048200
130.139999 391.570007 75.000000 -0.922500
90.820000 436.950012 245.000000 0.022600
469.350006 191.869995 234.999985 0.784400
305.200012 98.620003 234.999985 1.168800
15.230000 487.869965 95.000000 0.278200
369.950012 384.730011 215.000015 0.105500
428.800018 332.540009 25.000000 0.423200
326.859985 294.880005 15.000001 1.466300
369.950012 384.730011 234.999985 0.045800
279.510010 102.050003 115.000000 0.375300
106.320000 324.380005 35.000000 0.427100
490.339996 265.519989 185.000000 -0.688500
254.429977 472.820007 145.000000 -0.711300
442.040009 436.390015 75.000000 -0.744700
87.879997 274.649994 104.999992 1.812700
490.339996 265.519989 65.000000 0.514100
378.690002 301.320007 85.000000 -0.636100
418.980042 132.100006 165.000000 0.485300
36.660000 376.950012 205.000000 1.141300
321.350006 295.559998 65.000000 0.200900
279.510010 102.050003 195.000000 0.758700
124.059998 227.130005 25.000000 1.100400
10.750000 436.549988 65.000000 0.894100
490.339996 265.519989 165.000000 -0.758700
298.269989 94.169998 175.000000 0.396700
155.990005 360.869995 135.000000 -0.337800
130.139999 391.570007 104.999992 -0.823600
303.149994 321.829987 95.000000 -0.615700
475.950012 28.810001 135.000000 -0.134700
321.350006 295.559998 75.000000 -0.246900
428.800018 332.540009 215.000015 -0.013400
360.320007 218.240005 85.000000 -0.164100
153.250000 487.290009 104.999992 -0.948700
449.420013 7.280000 65.000000 -0.352100
121.070007 192.259995 75.000000 1.980000
56.240005 285.160004 75.000000 1.511900
87.879997 274.649994 195.000000 0.560800
351.989990 427.250000 115.000000 -0.591800
494.790039 48.910000 185.000000 0.534900
351.149994 317.230011 15.000001 1.558600
177.470001 28.440002 165.000000 0.789300
15.230000 487.869965 225.000000 -0.354300
24.240000 60.180004 104.999992 1.716200
326.859985 294.880005 234.999985 0.341700
10.750000 436.549988 25.000000 1.445100
362.690002 176.309998 65.000000 0.081100
259.609985 410.989990 175.000000 -0.496300
213.610001 335.230011 234.999985 0.525400
126.960007 469.989960 45.000000 0.408700
475.950012 28.810001 205.000000 0.403400
360.170013 137.669998 35.000000 0.091000
475.950012 28.810001 15.000001 -1.021100
313.820007 301.010010 45.000000 0.612600
351.149994 317.230011 55.000000 0.163500
110.449997 318.959991 195.000000 0.761400
149.710007 20.520000 135.000000 1.633900
177.470001 28.440002 104.999992 1.485500
233.159988 273.779999 234.999985 0.727800
87.070000 482.109985 225.000000 -0.190300
494.790039 48.910000 165.000000 0.325100
362.690002 176.309998 225.000000 1.902100
278.220001 309.720001 55.000000 0.306600
395.619995 29.740000 65.000000 -0.895200
422.380005 473.869995 35.000000 -0.457200
400.339996 251.389999 155.000000 -0.580800
313.820007 301.010010 195.000000 0.295800
110.449997 318.959991 135.000000 0.576600
378.690002 301.320007 185.000000 -0.084400
87.879997 274.649994 45.000000 1.018800
126.960007 469.989960 135.000000 -0.700100
213.610001 335.230011 165.000000 -0.042700
318.250000 429.989990 115.000000 -0.754400
378.690002 301.320007 165.000000 -0.581500
494.790039 48.910000 195.000000 0.325500
87.879997 274.649994 234.999985 -0.089200
369.950012 384.730011 205.000000 0.080900
475.950012 28.810001 185.000000 0.400500
278.220001 309.720001 225.000000 0.509400
110.449997 318.959991 95.000000 0.522100
153.250000 487.290009 195.000000 -0.456000
360.320007 218.240005 95.000000 -0.327600
451.160004 411.480011 15.000001 -0.399600
351.989990 427.250000 55.000000 -0.205500
233.159988 273.779999 25.000000 1.263600
56.240005 285.160004 165.000000 1.399900
10.750000 436.549988 225.000000 0.186600
125.440002 312.079987 55.000000 0.339100
355.769989 359.440002 65.000000 -0.177400
164.960007 162.529999 85.000000 1.651000
395.619995 29.740000 75.000000 -0.838000
369.950012 384.730011 125.000000 -0.515800
395.619995 29.740000 165.000000 -0.064300
355.769989 359.440002 115.000000 -0.869400
355.769989 359.440002 45.000000 0.247800
39.540001 330.609985 45.000000 0.826100
428.800018 332.540009 75.000000 -0.404000
126.960007 469.989960 35.000000 0.593100
136.740005 121.040001 55.000000 1.139000
110.449997 318.959991 45.000000 0.699900
428.800018 332.540009 95.000000 -0.441600
401.970001 486.839996 135.000000 -0.309200
475.950012 28.810001 165.000000 0.219500
351.989990 427.250000 145.000000 0.023300
125.440002 312.079987 145.000000 0.584100
24.240000 60.180004 205.000000 -0.200300
451.160004 411.480011 165.000000 0.611700
126.960007 469.989960 104.999992 -0.695400
362.690002 176.309998 155.000000 0.314300
432.929993 319.820007 135.000000 -0.376200
126.960007 469.989960 245.000000 -0.126500
322.970001 454.979980 15.000001 0.774800
190.830002 249.960022 205.000000 0.825100
254.429977 472.820007 125.000000 -0.657700
233.159988 273.779999 175.000000 0.799900
346.649994 423.839996 205.000000 -0.236100
110.449997 318.959991 234.999985 0.061000
355.769989 359.440002 234.999985 -0.242000
362.690002 176.309998 15.000001 0.411600
177.470001 28.440002 175.000000 0.814000
136.740005 121.040001 205.000000 0.432100
360.170013 137.669998 245.000000 1.977500
469.350006 191.869995 175.000000 -0.056900
474.270020 286.970001 65.000000 0.217700
56.240005 285.160004 35.000000 0.805900
24.240000 60.180004 215.000015 -0.173600
469.350006 191.869995 95.000000 0.815800
442.040009 436.390015 125.000000 -0.063500
362.690002 176.309998 165.000000 0.548100
241.470001 68.970001 25.000000 -0.005100
241.470001 68.970001 234.999985 0.576200
360.170013 137.669998 15.000001 -0.090100
369.950012 384.730011 55.000000 -0.052500
127.139999 327.489990 55.000000 0.193900
254.429977 472.820007 75.000000 -0.490800
422.380005 473.869995 234.999985 0.974600
369.950012 384.730011 95.000000 -0.605700
110.449997 318.959991 145.000000 0.594100
321.350006 295.559998 155.000000 -0.577500
474.270020 286.970001 195.000000 -0.515500
148.389999 16.129999 35.000000 -0.264500
469.350006 191.869995 125.000000 0.064800
485.619965 287.269989 135.000000 -0.340400
157.669998 258.649994 85.000000 1.213700
313.820007 301.010010 205.000000 0.417900
278.220001 309.720001 185.000000 0.546200
18.750000 492.299988 125.000000 -0.157100
87.879997 274.649994 145.000000 1.278900
442.040009 436.390015 234.999985 1.172100
190.830002 249.960022 104.999992 0.973800
124.059998 227.130005 165.000000 1.180400
322.970001 454.979980 205.000000 -0.617600
305.200012 98.620003 45.000000 -0.003800
303.149994 321.829987 85.000000 -0.415100
418.980042 132.100006 55.000000 0.543800
177.470001 28.440002 155.000000 0.890800
400.339996 251.389999 85.000000 -0.517000
485.619965 287.269989 155.000000 -0.826800
485.619965 287.269989 85.000000 0.089000
153.250000 487.290009 115.000000 -0.706800
400.339996 251.389999 25.000000 0.408300
18.750000 492.299988 215.000015 -0.256000
155.990005 360.869995 85.000000 -0.992600
21.549999 94.790001 205.000000 -0.109700
494.790039 48.910000 234.999985 0.370600
395.619995 29.740000 85.000000 -0.520900
36.660000 376.950012 35.000000 0.957900
326.859985 294.880005 215.000015 0.207900
378.690002 301.320007 175.000000 -0.553200
259.609985 410.989990 195.000000 -0.140500
24.240000 60.180004 55.000000 1.411800
130.139999 391.570007 35.000000 -0.164800
241.470001 68.970001 195.000000 0.050800
442.040009 436.390015 15.000001 -0.360100
56.240005 285.160004 234.999985 -0.168000
442.040009 436.390015 135.000000 -0.060400
318.250000 429.989990 85.000000 -0.919900
490.339996 265.519989 25.000000 0.564500
494.790039 48.910000 175.000000 0.485900
303.149994 321.829987 104.999992 -0.668700
422.380005 473.869995 85.000000 -0.803800
278.220001 309.720001 85.000000 -0.244300
157.669998 258.649994 175.000000 0.923500
400.339996 251.389999 234.999985 0.233800
56.240005 285.160004 125.000000 1.963600
401.970001 486.839996 145.000000 -0.205100
351.989990 427.250000 15.000001 0.546100
15.230000 487.869965 85.000000 0.457100
155.990005 360.869995 195.000000 0.475500
164.960007 162.529999 234.999985 -0.056600
303.149994 321.829987 45.000000 0.617000
157.669998 258.649994 145.000000 0.977700
369.950012 384.730011 195.000000 0.208000
130.139999 391.570007 115.000000 -0.590800
422.380005 473.869995 225.000000 0.737800
87.070000 482.109985 75.000000 0.192600
124.059998 227.130005 234.999985 -0.118800
148.389999 16.129999 185.000000 0.415500
298.269989 94.169998 75.000000 -0.112400
360.170013 137.669998 225.000000 2.016500
130.139999 391.570007 55.000000 -0.780200
351.989990 427.250000 205.000000 -0.088500
15.230000 487.869965 145.000000 -0.104100
106.320000 324.380005 245.000000 -0.032900
148.389999 16.129999 25.000000 -0.549400
318.250000 429.989990 165.000000 -0.297400
110.339996 469.959961 125.000000 -0.468400
21.549999 94.790001 135.000000 1.479800
190.830002 249.960022 15.000001 0.971600
39.540001 330.609985 25.000000 0.713600
213.610001 335.230011 155.000000 -0.136100
318.250000 429.989990 125.000000 -0.760800
259.609985 410.989990 25.000000 0.740500
233.159988 273.779999 215.000015 0.671500
157.669998 258.649994 95.000000 1.209900
298.269989 94.169998 195.000000 0.566600
442.040009 436.390015 225.000000 0.867200
259.609985 410.989990 35.000000 0.531900
87.070000 482.109985 175.000000 -0.092800
397.839996 243.309998 125.000000 -0.653100
265.890015 249.910004 215.000015 0.833900
362.690002 176.309998 125.000000 -0.179700
90.820000 436.950012 45.000000 0.467200
190.830002 249.960022 155.000000 1.080300
90.820000 436.950012 155.000000 -0.033600
157.669998 258.649994 125.000000 1.291500
355.769989 359.440002 195.000000 -0.059800
432.929993 319.820007 234.999985 -0.046900
241.470001 68.970001 125.000000 0.840400
278.220001 309.720001 25.000000 1.396400
254.429977 472.820007 95.000000 -0.886200
121.070007 192.259995 55.000000 1.540400
397.839996 243.309998 195.000000 0.056200
475.950012 28.810001 245.000000 0.494900
322.970001 454.979980 165.000000 -0.227400
233.159988 273.779999 125.000000 0.118700
326.859985 294.880005 25.000000 1.122300
475.950012 28.810001 195.000000 0.372100
124.059998 227.130005 115.000000 2.192500
56.240005 285.160004 155.000000 1.667900
29.600000 454.640015 85.000000 0.539000
298.269989 94.169998 185.000000 0.404200
397.839996 243.309998 15.000001 0.629700
29.600000 454.640015 155.000000 0.327300
369.950012 384.730011 245.000000 -0.193200
124.059998 227.130005 15.000001 0.894200
241.470001 68.970001 205.000000 0.036700
149.710007 20.520000 215.000015 0.123000
301.489990 273.140015 155.000000 -0.192200
254.429977 472.820007 185.000000 -0.652400
213.610001 335.230011 35.000000 0.458000
153.250000 487.290009 25.000000 0.675600
87.070000 482.109985 205.000000 -0.004700
451.160004 411.480011 205.000000 0.655200
36.660000 376.950012 155.000000 1.518500
29.600000 454.640015 145.000000 0.388300
360.170013 137.669998 195.000000 1.708600
278.220001 309.720001 205.000000 0.685300
355.769989 359.440002 25.000000 1.234800
157.669998 258.649994 245.000000 0.114900
15.230000 487.869965 75.000000 0.625800
21.549999 94.790001 45.000000 1.646100
87.070000 482.109985 25.000000 1.275500
36.660000 376.950012 15.000001 0.900600
322.970001 454.979980 35.000000 0.257200
401.970001 486.839996 165.000000 -0.065800
213.610001 335.230011 85.000000 -0.403600
278.220001 309.720001 175.000000 0.362900
110.449997 318.959991 225.000000 0.304600
378.690002 301.320007 145.000000 -0.662300
90.820000 436.950012 145.000000 -0.039900
136.740005 121.040001 245.000000 -0.013300
87.879997 274.649994 95.000000 1.474300
233.159988 273.779999 225.000000 0.857000
254.429977 472.820007 195.000000 -0.614800
360.170013 137.669998 115.000000 -0.496900
241.470001 68.970001 135.000000 0.756500
39.540001 330.609985 115.000000 1.910500
485.619965 287.269989 245.000000 -0.193900
451.160004 411.480011 85.000000 -0.538800
164.960007 162.529999 225.000000 0.289500
254.429977 472.820007 104.999992 -1.124100
451.160004 411.480011 104.999992 -0.382400
177.470001 28.440002 15.000001 -0.466200
432.929993 319.820007 115.000000 -0.637600
190.830002 249.960022 185.000000 0.774900
110.449997 318.959991 245.000000 -0.063000
124.059998 227.130005 245.000000 -0.264400
90.820000 436.950012 115.000000 -0.105000
124.059998 227.130005 175.000000 0.977500
125.440002 312.079987 205.000000 0.744400
395.619995 29.740000 175.000000 -0.013700
213.610001 335.230011 145.000000 -0.110700
278.220001 309.720001 75.000000 0.150400
157.669998 258.649994 35.000000 1.030900
254.429977 472.820007 15.000001 1.156800
346.649994 423.839996 135.000000 -0.467100
279.510010 102.050003 65.000000 0.386900
15.230000 487.869965 135.000000 -0.202600
265.890015 249.910004 225.000000 0.792800
494.790039 48.910000 125.000000 0.571100
298.269989 94.169998 155.000000 0.216100
303.149994 321.829987 245.000000 -0.070300
351.149994 317.230011 104.999992 -0.770800
265.890015 249.910004 65.000000 0.819000
39.540001 330.609985 75.000000 1.480200
301.489990 273.140015 35.000000 1.177700
254.429977 472.820007 55.000000 0.110300
10.750000 436.549988 125.000000 0.673900
474.270020 286.970001 234.999985 -0.136400
313.820007 301.010010 165.000000 -0.383500
265.890015 249.910004 245.000000 0.828000
418.980042 132.100006 245.000000 1.796600
257.549988 341.380005 185.000000 0.367200
56.240005 285.160004 225.000000 0.104900
418.980042 132.100006 95.000000 0.374600
351.149994 317.230011 215.000015 0.076400
21.549999 94.790001 95.000000 1.754700
148.389999 16.129999 215.000015 0.441300
298.269989 94.169998 234.999985 1.118700
474.270020 286.970001 175.000000 -0.620400
10.750000 436.549988 234.999985 0.099900
279.510010 102.050003 125.000000 0.386800
136.740005 121.040001 85.000000 1.731900
494.790039 48.910000 225.000000 0.348800
346.649994 423.839996 25.000000 0.587500
29.600000 454.640015 55.000000 0.980900
149.710007 20.520000 45.000000 0.129500
39.540001 330.609985 95.000000 1.494300
397.839996 243.309998 55.000000 0.398400
213.610001 335.230011 115.000000 -0.384500
24.240000 60.180004 15.000001 1.145300
18.750000 492.299988 205.000000 -0.305200
449.420013 7.280000 55.000000 -0.718700
378.690002 301.320007 25.000000 0.894300
126.960007 469.989960 234.999985 0.020700
474.270020 286.970001 125.000000 -0.476600
21.549999 94.790001 165.000000 0.346500
321.350006 295.559998 205.000000 0.106300
326.859985 294.880005 75.000000 -0.246900
15.230000 487.869965 25.000000 1.333400
148.389999 16.129999 45.000000 0.095500
494.790039 48.910000 75.000000 1.232400
257.549988 341.380005 104.999992 -0.722100
313.820007 301.010010 135.000000 -0.814400
164.960007 162.529999 155.000000 1.958600
130.139999 391.570007 175.000000 0.121800
422.380005 473.869995 195.000000 0.206400
106.320000 324.380005 135.000000 0.576000
485.619965 287.269989 145.000000 -0.766700
87.879997 274.649994 185.000000 0.811700
397.839996 243.309998 25.000000 0.386100
110.339996 469.959961 115.000000 -0.473600
257.549988 341.380005 95.000000 -0.700700
485.619965 287.269989 185.000000 -0.636300
400.339996 251.389999 145.000000 -0.805500
124.059998 227.130005 205.000000 0.443100
190.830002 249.960022 195.000000 0.761700
126.960007 469.989960 155.000000 -0.578000
259.609985 410.989990 65.000000 -0.315500
321.350006 295.559998 104.999992 -0.462700
351.149994 317.230011 35.000000 0.777500
10.750000 436.549988 15.000001 1.170200
401.970001 486.839996 155.000000 -0.158700
121.070007 192.259995 165.000000 1.506900
257.549988 341.380005 75.000000 -0.611100
259.609985 410.989990 165.000000 -0.319600
153.250000 487.290009 225.000000 -0.394800
149.710007 20.520000 95.000000 1.513500
110.339996 469.959961 55.000000 0.355800
149.710007 20.520000 55.000000 0.276300
279.510010 102.050003 85.000000 0.406100
126.960007 469.989960 55.000000 0.008600
418.980042 132.100006 115.000000 0.141500
395.619995 29.740000 125.000000 -0.684800
369.950012 384.730011 155.000000 0.109000
303.149994 321.829987 195.000000 0.346300
475.950012 28.810001 25.000000 -1.099300
475.950012 28.810001 234.999985 0.244400
136.740005 121.040001 65.000000 1.367400
148.389999 16.129999 195.000000 0.283200
365.730011 403.760010 25.000000 0.566200
351.989990 427.250000 135.000000 -0.201100
378.690002 301.320007 115.000000 -0.798400
494.790039 48.910000 245.000000 0.478700
313.820007 301.010010 234.999985 0.209300
90.820000 436.950012 205.000000 0.471700
313.820007 301.010010 65.000000 0.031300
10.750000 436.549988 165.000000 0.909900
362.690002 176.309998 145.000000 -0.014400
428.800018 332.540009 45.000000 0.131400
432.929993 319.820007 155.000000 -0.576100
279.510010 102.050003 145.000000 0.542800
155.990005 360.869995 145.000000 -0.222200
190.830002 249.960022 45.000000 0.920600
318.250000 429.989990 195.000000 -0.407900
365.730011 403.760010 65.000000 -0.338100
15.230000 487.869965 104.999992 0.192200
190.830002 249.960022 234.999985 0.560500
400.339996 251.389999 185.000000 -0.351600
475.950012 28.810001 35.000000 -0.510100
321.350006 295.559998 245.000000 -0.072300
110.339996 469.959961 225.000000 -0.168300
474.270020 286.970001 95.000000 -0.143900
90.820000 436.950012 215.000015 0.457300
87.879997 274.649994 155.000000 1.142400
378.690002 301.320007 55.000000 0.033700
149.710007 20.520000 104.999992 1.657100
213.610001 335.230011 245.000000 0.368400
157.669998 258.649994 55.000000 1.239500
155.990005 360.869995 25.000000 -0.070600
136.740005 121.040001 125.000000 2.334900
157.669998 258.649994 225.000000 0.449600
125.440002 312.079987 65.000000 0.236500
110.449997 318.959991 125.000000 0.531800
449.420013 7.280000 135.000000 -0.249000
397.839996 243.309998 205.000000 0.370400
29.600000 454.640015 45.000000 1.162000
259.609985 410.989990 205.000000 -0.577100
351.149994 317.230011 245.000000 -0.239200
254.429977 472.820007 175.000000 -0.621300
110.449997 318.959991 104.999992 0.434200
254.429977 472.820007 25.000000 0.739600
303.149994 321.829987 55.000000 0.248700
360.170013 137.669998 145.000000 0.063700
451.160004 411.480011 65.000000 -0.608000
365.730011 403.760010 175.000000 0.265100
355.769989 359.440002 175.000000 -0.156400
301.489990 273.140015 75.000000 0.166200
279.510010 102.050003 234.999985 1.031200
127.139999 327.489990 155.000000 0.358400
259.609985 410.989990 85.000000 -0.999600
177.470001 28.440002 55.000000 0.465900
259.609985 410.989990 95.000000 -1.003700
155.990005 360.869995 165.000000 -0.001600
10.750000 436.549988 55.000000 1.064200
110.449997 318.959991 35.000000 0.386700
125.440002 312.079987 135.000000 0.517400
422.380005 473.869995 185.000000 0.229300
130.139999 391.570007 135.000000 -0.495300
213.610001 335.230011 215.000015 0.779700
397.839996 243.309998 155.000000 -0.662300
90.820000 436.950012 175.000000 0.385000
87.070000 482.109985 125.000000 -0.055000
360.170013 137.669998 75.000000 -0.136700
257.549988 341.380005 15.000001 1.501600
15.230000 487.869965 195.000000 0.010700
442.040009 436.390015 85.000000 -0.716600
428.800018 332.540009 185.000000 -0.178200
157.669998 258.649994 15.000001 1.027800
432.929993 319.820007 215.000015 -0.183800
106.320000 324.380005 75.000000 0.490300
18.750000 492.299988 45.000000 1.135900
213.610001 335.230011 75.000000 -0.533400
259.609985 410.989990 125.000000 -0.988500
241.470001 68.970001 65.000000 0.698100
298.269989 94.169998 215.000015 0.941000
449.420013 7.280000 234.999985 0.442500
24.240000 60.180004 135.000000 1.237300
351.989990 427.250000 85.000000 -0.665300
125.440002 312.079987 15.000001 0.188700
326.859985 294.880005 195.000000 0.189500
305.200012 98.620003 145.000000 -0.150600
90.820000 436.950012 35.000000 0.713600
233.159988 273.779999 55.000000 0.665200
301.489990 273.140015 15.000001 1.464700
469.350006 191.869995 15.000001 0.778700
87.070000 482.109985 145.000000 -0.342300
21.549999 94.790001 104.999992 1.877000
126.960007 469.989960 225.000000 -0.157900
213.610001 335.230011 95.000000 -0.564700
303.149994 321.829987 15.000001 1.740500
10.750000 436.549988 195.000000 0.871700
475.950012 28.810001 215.000015 0.426700
164.960007 162.529999 35.000000 0.603800
378.690002 301.320007 234.999985 0.177000
15.230000 487.869965 35.000000 1.096700
303.149994 321.829987 155.000000 -0.462700
125.440002 312.079987 25.000000 0.379200
241.470001 68.970001 55.000000 0.424300
265.890015 249.910004 85.000000 0.200500
321.350006 295.559998 15.000001 1.466300
485.619965 287.269989 115.000000 -0.252500
401.970001 486.839996 205.000000 0.227400
360.170013 137.669998 185.000000 1.348500
360.320007 218.240005 215.000015 1.023700
87.879997 274.649994 135.000000 1.643400
149.710007 20.520000 85.000000 1.181300
127.139999 327.489990 135.000000 0.307500
21.549999 94.790001 15.000001 1.230700
149.710007 20.520000 175.000000 0.741500
233.159988 273.779999 145.000000 0.508000
257.549988 341.380005 234.999985 0.228500
10.750000 436.549988 95.000000 0.696100
418.980042 132.100006 85.000000 0.529500
126.960007 469.989960 185.000000 -0.170300
351.149994 317.230011 145.000000 -0.654800
318.250000 429.989990 45.000000 0.277000
346.649994 423.839996 95.000000 -0.749600
153.250000 487.290009 185.000000 -0.343900
148.389999 16.129999 115.000000 1.604300
130.139999 391.570007 234.999985 0.416000
369.950012 384.730011 115.000000 -0.555300
321.350006 295.559998 195.000000 0.189500
177.470001 28.440002 25.000000 -0.336500
18.750000 492.299988 145.000000 -0.208000
164.960007 162.529999 65.000000 1.147200
451.160004 411.480011 45.000000 -0.536600
110.339996 469.959961 45.000000 0.516100
130.139999 391.570007 155.000000 -0.383900
451.160004 411.480011 155.000000 0.558900
360.170013 137.669998 155.000000 0.323400
322.970001 454.979980 115.000000 -1.008600
395.619995 29.740000 135.000000 -0.565300
351.149994 317.230011 234.999985 -0.067700
369.950012 384.730011 85.000000 -0.659000
326.859985 294.880005 125.000000 -0.689900
127.139999 327.489990 234.999985 0.403600
136.740005 121.040001 45.000000 0.771800
469.350006 191.869995 45.000000 1.210200
369.950012 384.730011 65.000000 -0.319500
241.470001 68.970001 15.000001 0.004700
469.350006 191.869995 145.000000 -0.311000
432.929993 319.820007 95.000000 -0.532400
278.220001 309.720001 234.999985 0.497300
365.730011 403.760010 185.000000 0.072900
490.339996 265.519989 175.000000 -0.680400
301.489990 273.140015 195.000000 0.406500
351.149994 317.230011 95.000000 -0.674000
474.270020 286.970001 155.000000 -0.728500
360.170013 137.669998 205.000000 1.982100
422.380005 473.869995 25.000000 -0.615600
305.200012 98.620003 155.000000 0.124300
451.160004 411.480011 75.000000 -0.710400
36.660000 376.950012 65.000000 0.924800
321.350006 295.559998 215.000015 0.207900
355.769989 359.440002 135.000000 -0.839900
401.970001 486.839996 195.000000 -0.133000
87.070000 482.109985 215.000015 -0.243700
369.950012 384.730011 185.000000 -0.038600
177.470001 28.440002 95.000000 1.506500
10.750000 436.549988 205.000000 0.718900
298.269989 94.169998 65.000000 -0.118100
355.769989 359.440002 104.999992 -0.829500
326.859985 294.880005 185.000000 0.269600
213.610001 335.230011 45.000000 0.166400
265.890015 249.910004 75.000000 0.629500
485.619965 287.269989 75.000000 0.041800
10.750000 436.549988 185.000000 0.619100
422.380005 473.869995 205.000000 0.355800
257.549988 341.380005 65.000000 -0.237900
124.059998 227.130005 85.000000 1.992300
24.240000 60.180004 234.999985 -0.222200
322.970001 454.979980 25.000000 0.361900
351.149994 317.230011 225.000000 0.220300
428.800018 332.540009 115.000000 -0.308500
303.149994 321.829987 215.000015 0.252600
233.159988 273.779999 45.000000 0.722200
29.600000 454.640015 125.000000 0.447600
24.240000 60.180004 75.000000 1.369400
301.489990 273.140015 185.000000 0.350200
490.339996 265.519989 104.999992 -0.179200
351.989990 427.250000 125.000000 -0.474600
474.270020 286.970001 145.000000 -0.842200
15.230000 487.869965 155.000000 0.081000
397.839996 243.309998 245.000000 0.482300
322.970001 454.979980 185.000000 -0.500300
422.380005 473.869995 165.000000 0.207300
360.320007 218.240005 195.000000 0.481600
360.170013 137.669998 165.000000 0.659600
155.990005 360.869995 104.999992 -1.002700
432.929993 319.820007 195.000000 -0.403300
15.230000 487.869965 65.000000 0.738500
233.159988 273.779999 95.000000 0.109900
279.510010 102.050003 104.999992 0.317800
365.730011 403.760010 45.000000 0.146900
149.710007 20.520000 65.000000 0.643400
369.950012 384.730011 225.000000 0.127100
451.160004 411.480011 245.000000 1.138200
355.769989 359.440002 215.000015 -0.165000
15.230000 487.869965 55.000000 1.161800
351.989990 427.250000 25.000000 0.520400
36.660000 376.950012 225.000000 0.722900
469.350006 191.869995 215.000015 0.443200
136.740005 121.040001 25.000000 0.234800
87.070000 482.109985 185.000000 -0.083500
15.230000 487.869965 245.000000 -0.540900
321.350006 295.559998 35.000000 1.083100
490.339996 265.519989 35.000000 0.384000
110.339996 469.959961 35.000000 0.538900
90.820000 436.950012 65.000000 -0.153800
418.980042 132.100006 225.000000 1.948800
326.859985 294.880005 145.000000 -0.598800
395.619995 29.740000 145.000000 -0.574900
326.859985 294.880005 35.000000 1.083100
136.740005 121.040001 104.999992 2.052000
401.970001 486.839996 85.000000 -0.921700
365.730011 403.760010 35.000000 0.339900
351.989990 427.250000 65.000000 -0.445600
136.740005 121.040001 115.000000 2.112100
56.240005 285.160004 135.000000 1.799000
125.440002 312.079987 155.000000 0.581000
401.970001 486.839996 75.000000 -0.792000
254.429977 472.820007 234.999985 -0.788400
279.510010 102.050003 95.000000 0.182800
125.440002 312.079987 35.000000 0.371000
130.139999 391.570007 125.000000 -0.538600
56.240005 285.160004 95.000000 1.693400
279.510010 102.050003 15.000001 0.035200
110.449997 318.959991 175.000000 0.818800
157.669998 258.649994 115.000000 1.510200
213.610001 335.230011 175.000000 0.324100
241.470001 68.970001 115.000000 0.815000
241.470001 68.970001 95.000000 0.951800
422.380005 473.869995 55.000000 -0.820600
265.890015 249.910004 195.000000 0.870500
326.859985 294.880005 155.000000 -0.577500
121.070007 192.259995 125.000000 2.360200
400.339996 251.389999 205.000000 0.047300
157.669998 258.649994 25.000000 0.948500
355.769989 359.440002 85.000000 -0.800600
378.690002 301.320007 225.000000 -0.011200
278.220001 309.720001 104.999992 -0.412400
318.250000 429.989990 95.000000 -0.888000
428.800018 332.540009 165.000000 -0.090000
490.339996 265.519989 15.000001 0.414200
106.320000 324.380005 15.000001 0.298900
241.470001 68.970001 35.000000 0.252500
127.139999 327.489990 195.000000 0.767900
301.489990 273.140015 175.000000 0.101100
36.660000 376.950012 55.000000 0.621100
321.350006 295.559998 125.000000 -0.689900
233.159988 273.779999 65.000000 0.427700
400.339996 251.389999 45.000000 0.238100
18.750000 492.299988 65.000000 0.652200
127.139999 327.489990 185.000000 0.817300
155.990005 360.869995 125.000000 -0.473800
121.070007 192.259995 245.000000 -0.582500
21.549999 94.790001 145.000000 0.993100
365.730011 403.760010 95.000000 -0.656100
106.320000 324.380005 225.000000 0.369800
474.270020 286.970001 85.000000 -0.051400
474.270020 286.970001 35.000000 0.458600
318.250000 429.989990 215.000015 -0.712500
369.950012 384.730011 15.000001 1.049600
125.440002 312.079987 125.000000 0.484400
36.660000 376.950012 125.000000 1.399200
254.429977 472.820007 115.000000 -1.005500
485.619965 287.269989 195.000000 -0.602700
305.200012 98.620003 135.000000 -0.064100
451.160004 411.480011 35.000000 -0.637400
469.350006 191.869995 85.000000 1.078400
400.339996 251.389999 55.000000 0.235000
432.929993 319.820007 185.000000 -0.365300
321.350006 295.559998 165.000000 -0.459600
136.740005 121.040001 135.000000 2.087600
303.149994 321.829987 225.000000 0.234300
29.600000 454.640015 165.000000 0.550300
303.149994 321.829987 25.000000 1.332900
87.879997 274.649994 35.000000 0.916300
157.669998 258.649994 45.000000 1.009300
136.740005 121.040001 234.999985 -0.033300
362.690002 176.309998 55.000000 0.088000
39.540001 330.609985 135.000000 1.706900
401.970001 486.839996 65.000000 -0.620600
21.549999 94.790001 175.000000 0.208200
449.420013 7.280000 45.000000 -0.998500
87.070000 482.109985 195.000000 -0.023700
121.070007 192.259995 45.000000 1.177700
121.070007 192.259995 104.999992 2.358700
428.800018 332.540009 225.000000 -0.077900
124.059998 227.130005 155.000000 1.705200
21.549999 94.790001 195.000000 -0.159800
318.250000 429.989990 234.999985 -0.461800
10.750000 436.549988 135.000000 0.901900
318.250000 429.989990 15.000001 1.013200
24.240000 60.180004 115.000000 1.350700
56.240005 285.160004 15.000001 0.141800
126.960007 469.989960 75.000000 -0.258500
469.350006 191.869995 185.000000 0.064100
87.070000 482.109985 135.000000 -0.370800
190.830002 249.960022 125.000000 1.105200
241.470001 68.970001 215.000015 0.023000
124.059998 227.130005 215.000015 0.314100
351.989990 427.250000 104.999992 -0.619300
153.250000 487.290009 35.000000 0.590700
148.389999 16.129999 205.000000 0.354300
469.350006 191.869995 195.000000 0.188000
401.970001 486.839996 104.999992 -0.889600
469.350006 191.869995 225.000000 0.743200
87.070000 482.109985 85.000000 0.191500
136.740005 121.040001 195.000000 0.567400
18.750000 492.299988 55.000000 0.858200
29.600000 454.640015 25.000000 1.454300
177.470001 28.440002 45.000000 0.126800
360.320007 218.240005 35.000000 0.463600
490.339996 265.519989 95.000000 0.151600
164.960007 162.529999 95.000000 2.127200
39.540001 330.609985 215.000015 0.862700
213.610001 335.230011 135.000000 -0.331700
305.200012 98.620003 245.000000 1.290200
39.540001 330.609985 65.000000 1.096900
355.769989 359.440002 155.000000 -0.629400
346.649994 423.839996 155.000000 -0.051400
265.890015 249.910004 175.000000 0.839000
36.660000 376.950012 135.000000 1.629500
360.320007 218.240005 245.000000 1.384900
136.740005 121.040001 215.000015 0.332500
177.470001 28.440002 205.000000 0.285700
106.320000 324.380005 215.000015 0.556200
90.820000 436.950012 15.000001 1.041100
257.549988 341.380005 115.000000 -0.721100
87.879997 274.649994 85.000000 1.407500
474.270020 286.970001 25.000000 0.523200
418.980042 132.100006 205.000000 1.545000
395.619995 29.740000 245.000000 0.777600
18.750000 492.299988 225.000000 -0.185100
360.320007 218.240005 104.999992 -0.208000
360.320007 218.240005 45.000000 0.169200
474.270020 286.970001 135.000000 -0.536500
442.040009 436.390015 205.000000 0.594800
351.989990 427.250000 45.000000 -0.085400
148.389999 16.129999 245.000000 0.250700
305.200012 98.620003 85.000000 -0.098200
298.269989 94.169998 115.000000 -0.185600
301.489990 273.140015 135.000000 -0.494400
301.489990 273.140015 65.000000 0.284200
351.149994 317.230011 125.000000 -1.070500
241.470001 68.970001 145.000000 0.641700
360.320007 218.240005 125.000000 -0.373500
190.830002 249.960022 25.000000 1.012000
18.750000 492.299988 185.000000 -0.186900
153.250000 487.290009 85.000000 -0.601100
21.549999 94.790001 35.000000 1.522100
469.350006 191.869995 115.000000 0.421200
321.350006 295.559998 115.000000 -0.770300
428.800018 332.540009 15.000001 0.592900
213.610001 335.230011 195.000000 0.522000
124.059998 227.130005 145.000000 1.547200
451.160004 411.480011 145.000000 0.362400
157.669998 258.649994 185.000000 0.754000
149.710007 20.520000 145.000000 1.160300
136.740005 121.040001 175.000000 0.889600
355.769989 359.440002 35.000000 0.579300
449.420013 7.280000 195.000000 0.171000
278.220001 309.720001 215.000015 0.740800
10.750000 436.549988 215.000015 0.578600
360.320007 218.240005 25.000000 0.782400
355.769989 359.440002 225.000000 0.000500
148.389999 16.129999 65.000000 0.689500
418.980042 132.100006 125.000000 0.023300
164.960007 162.529999 205.000000 0.694600
29.600000 454.640015 95.000000 0.706700
127.139999 327.489990 215.000015 0.411200
149.710007 20.520000 75.000000 0.984400
110.339996 469.959961 215.000015 0.028200
254.429977 472.820007 155.000000 -0.526000
301.489990 273.140015 45.000000 1.060600
257.549988 341.380005 145.000000 -0.319700
90.820000 436.950012 165.000000 0.278200
395.619995 29.740000 35.000000 -1.410700
351.149994 317.230011 75.000000 -0.375400
164.960007 162.529999 75.000000 1.758300
148.389999 16.129999 85.000000 1.456400
24.240000 60.180004 185.000000 0.101600
87.879997 274.649994 245.000000 -0.405400
36.660000 376.950012 234.999985 0.143400
313.820007 301.010010 35.000000 0.808700
155.990005 360.869995 155.000000 -0.267300
474.270020 286.970001 215.000015 -0.335900
475.950012 28.810001 65.000000 0.350200
442.040009 436.390015 145.000000 0.187200
110.449997 318.959991 165.000000 0.510000
233.159988 273.779999 205.000000 0.806200
298.269989 94.169998 45.000000 -0.014100
87.879997 274.649994 205.000000 0.294600
474.270020 286.970001 104.999992 -0.389600
259.609985 410.989990 55.000000 -0.368800
301.489990 273.140015 55.000000 0.671400
24.240000 60.180004 65.000000 1.231900
125.440002 312.079987 85.000000 0.231100
351.989990 427.250000 35.000000 0.287200
303.149994 321.829987 234.999985 -0.005900
15.230000 487.869965 115.000000 -0.067500
362.690002 176.309998 245.000000 1.898300
360.320007 218.240005 165.000000 0.047700
469.350006 191.869995 135.000000 -0.293800
56.240005 285.160004 115.000000 2.052200
136.740005 121.040001 15.000001 0.159300
400.339996 251.389999 215.000015 0.176600
369.950012 384.730011 175.000000 0.098300
124.059998 227.130005 104.999992 2.164701
213.610001 335.230011 185.000000 0.600700
474.270020 286.970001 205.000000 -0.404600
451.160004 411.480011 185.000000 0.405900
326.859985 294.880005 175.000000 -0.037900
351.989990 427.250000 195.000000 0.054400
241.470001 68.970001 175.000000 0.258300
