pygeostat_saved_data
4
X
Y
Z
value
78.150002 435.610016 175.000000 0.597100
259.609985 410.989990 35.000000 0.531900
24.240000 60.180004 115.000000 1.350700
490.339996 265.519989 225.000000 -0.352900
44.119999 165.649994 245.000000 -0.177300
106.320000 324.380005 155.000000 0.672600
401.970001 486.839996 175.000000 0.031700
127.139999 327.489990 215.000015 0.411200
318.250000 429.989990 215.000015 -0.712500
18.750000 492.299988 234.999985 -0.534900
8.950000 60.600002 85.000000 1.650700
118.160011 475.640015 95.000000 -0.357300
313.820007 301.010010 145.000000 -0.744500
148.389999 16.129999 225.000000 0.094000
432.929993 319.820007 215.000015 -0.183800
362.690002 176.309998 104.999992 -0.328900
428.800018 332.540009 75.000000 -0.404000
360.170013 137.669998 45.000000 0.086100
362.690002 176.309998 234.999985 1.733600
369.950012 384.730011 35.000000 0.585800
75.480003 447.730011 195.000000 0.320200
490.339996 265.519989 104.999992 -0.179200
24.240000 60.180004 205.000000 -0.200300
449.420013 7.280000 125.000000 -0.440300
127.139999 327.489990 135.000000 0.307500
453.849976 194.809998 165.000000 -0.262300
265.890015 249.910004 165.000000 0.455900
10.750000 436.549988 115.000000 0.853500
474.270020 286.970001 75.000000 0.173600
412.209991 59.169994 185.000000 0.667800
75.480003 447.730011 65.000000 0.278700
36.660000 376.950012 125.000000 1.399200
164.960007 162.529999 225.000000 0.289500
213.610001 335.230011 205.000000 0.623200
78.150002 435.610016 234.999985 -0.038000
278.220001 309.720001 95.000000 -0.229900
8.950000 60.600002 135.000000 1.122600
453.849976 194.809998 25.000000 0.834100
29.600000 454.640015 205.000000 0.266900
369.950012 384.730011 205.000000 0.080900
360.170013 137.669998 155.000000 0.323400
318.250000 429.989990 65.000000 -0.566300
442.040009 436.390015 245.000000 1.292800
474.270020 286.970001 45.000000 0.432400
360.170013 137.669998 225.000000 2.016500
126.960007 469.989960 45.000000 0.408700
127.139999 327.489990 15.000001 0.252200
318.250000 429.989990 95.000000 -0.888000
303.149994 321.829987 185.000000 0.199700
213.610001 335.230011 245.000000 0.368400
362.690002 176.309998 195.000000 1.374600
453.849976 194.809998 75.000000 1.032400
326.859985 294.880005 195.000000 0.189500
432.929993 319.820007 155.000000 -0.576100
401.970001 486.839996 55.000000 -0.685600
233.159988 273.779999 155.000000 0.507400
432.929993 319.820007 175.000000 -0.211100
259.609985 410.989990 195.000000 -0.140500
318.250000 429.989990 195.000000 -0.407900
278.220001 309.720001 125.000000 -0.577000
298.269989 94.169998 125.000000 -0.050900
494.790039 48.910000 55.000000 0.909000
78.150002 435.610016 225.000000 0.143900
153.250000 487.290009 15.000001 0.764600
362.690002 176.309998 125.000000 -0.179700
153.250000 487.290009 175.000000 -0.683100
124.059998 227.130005 125.000000 2.114400
125.440002 312.079987 15.000001 0.188700
453.849976 194.809998 55.000000 1.018600
485.619965 287.269989 25.000000 0.279400
29.600000 454.640015 125.000000 0.447600
301.489990 273.140015 135.000000 -0.494400
432.929993 319.820007 95.000000 -0.532400
298.269989 94.169998 145.000000 -0.005600
124.059998 227.130005 135.000000 2.040000
24.240000 60.180004 85.000000 1.506200
110.339996 469.959961 95.000000 -0.466200
75.480003 447.730011 135.000000 0.233100
164.960007 162.529999 104.999992 2.054801
418.980042 132.100006 175.000000 0.697000
412.209991 59.169994 155.000000 0.053500
351.989990 427.250000 245.000000 0.108000
279.510010 102.050003 55.000000 0.424600
475.950012 28.810001 175.000000 0.331200
125.440002 312.079987 75.000000 0.187500
106.320000 324.380005 135.000000 0.576000
118.160011 475.640015 145.000000 -0.524400
127.139999 327.489990 25.000000 0.113700
78.150002 435.610016 55.000000 0.528200
418.980042 132.100006 95.000000 0.374600
485.619965 287.269989 165.000000 -0.750000
177.470001 28.440002 205.000000 0.285700
469.350006 191.869995 185.000000 0.064100
259.609985 410.989990 225.000000 -0.489100
153.250000 487.290009 245.000000 -0.238500
369.950012 384.730011 55.000000 -0.052500
24.240000 60.180004 45.000000 1.343500
148.389999 16.129999 85.000000 1.456400
56.240005 285.160004 195.000000 0.942600
39.540001 330.609985 135.000000 1.706900
485.619965 287.269989 135.000000 -0.340400
148.389999 16.129999 15.000001 -0.587500
397.839996 243.309998 35.000000 0.287200
110.339996 469.959961 245.000000 0.089400
303.149994 321.829987 55.000000 0.248700
362.690002 176.309998 155.000000 0.314300
469.350006 191.869995 225.000000 0.743200
362.690002 176.309998 135.000000 -0.133400
362.690002 176.309998 145.000000 -0.014400
87.070000 482.109985 95.000000 0.025300
475.950012 28.810001 104.999992 0.250800
259.609985 410.989990 25.000000 0.740500
265.890015 249.910004 115.000000 0.356500
321.350006 295.559998 115.000000 -0.770300
475.950012 28.810001 165.000000 0.219500
149.710007 20.520000 125.000000 1.565100
397.839996 243.309998 165.000000 -0.406900
254.429977 472.820007 95.000000 -0.886200
362.690002 176.309998 85.000000 -0.116200
56.240005 285.160004 45.000000 1.197500
305.200012 98.620003 195.000000 0.760900
278.220001 309.720001 55.000000 0.306600
351.149994 317.230011 234.999985 -0.067700
469.350006 191.869995 75.000000 1.217100
428.800018 332.540009 205.000000 -0.093600
322.970001 454.979980 55.000000 -0.272800
15.230000 487.869965 145.000000 -0.104100
279.510010 102.050003 75.000000 0.341500
412.209991 59.169994 125.000000 -0.113200
254.429977 472.820007 234.999985 -0.788400
365.730011 403.760010 95.000000 -0.656100
155.990005 360.869995 125.000000 -0.473800
305.200012 98.620003 205.000000 0.976300
56.240005 285.160004 175.000000 1.144100
213.610001 335.230011 145.000000 -0.110700
360.170013 137.669998 245.000000 1.977500
110.449997 318.959991 245.000000 -0.063000
346.649994 423.839996 15.000001 0.613900
8.950000 60.600002 15.000001 1.440400
494.790039 48.910000 245.000000 0.478700
257.549988 341.380005 35.000000 0.712600
485.619965 287.269989 65.000000 0.383100
432.929993 319.820007 75.000000 -0.174900
87.070000 482.109985 45.000000 0.973400
259.609985 410.989990 215.000015 -0.382700
351.149994 317.230011 55.000000 0.163500
265.890015 249.910004 195.000000 0.870500
453.849976 194.809998 115.000000 0.193500
155.990005 360.869995 104.999992 -1.002700
265.890015 249.910004 155.000000 0.447900
130.139999 391.570007 155.000000 -0.383900
432.929993 319.820007 195.000000 -0.403300
177.470001 28.440002 145.000000 1.103300
56.240005 285.160004 234.999985 -0.168000
369.950012 384.730011 115.000000 -0.555300
351.989990 427.250000 234.999985 -0.066700
279.510010 102.050003 65.000000 0.386900
369.950012 384.730011 165.000000 0.253000
90.820000 436.950012 175.000000 0.385000
401.970001 486.839996 145.000000 -0.205100
318.250000 429.989990 104.999992 -0.904000
87.879997 274.649994 125.000000 1.839400
395.619995 29.740000 65.000000 -0.895200
322.970001 454.979980 185.000000 -0.500300
378.690002 301.320007 205.000000 0.156000
490.339996 265.519989 165.000000 -0.758700
29.600000 454.640015 135.000000 0.374100
313.820007 301.010010 205.000000 0.417900
400.339996 251.389999 145.000000 -0.805500
418.980042 132.100006 35.000000 0.018500
121.070007 192.259995 155.000000 1.705500
453.849976 194.809998 245.000000 0.816500
401.970001 486.839996 104.999992 -0.889600
29.600000 454.640015 175.000000 0.495000
62.029999 312.450012 215.000015 0.555500
301.489990 273.140015 115.000000 -0.348200
125.440002 312.079987 45.000000 0.393300
442.040009 436.390015 45.000000 -0.629300
148.389999 16.129999 135.000000 1.606300
279.510010 102.050003 215.000015 1.000500
8.950000 60.600002 35.000000 1.340600
90.820000 436.950012 85.000000 -0.349500
360.170013 137.669998 104.999992 -0.483900
265.890015 249.910004 55.000000 1.051600
449.420013 7.280000 85.000000 -0.148500
395.619995 29.740000 45.000000 -1.025800
362.690002 176.309998 65.000000 0.081100
254.429977 472.820007 45.000000 0.401700
300.089996 259.239990 65.000000 0.366200
78.150002 435.610016 145.000000 0.391400
257.549988 341.380005 175.000000 0.206000
177.470001 28.440002 245.000000 0.158900
365.730011 403.760010 234.999985 -0.009800
474.270020 286.970001 95.000000 -0.143900
18.750000 492.299988 165.000000 -0.190000
422.380005 473.869995 104.999992 -0.812800
164.960007 162.529999 75.000000 1.758300
130.139999 391.570007 15.000001 0.058600
36.660000 376.950012 35.000000 0.957900
62.029999 312.450012 165.000000 1.220000
298.269989 94.169998 185.000000 0.404200
301.489990 273.140015 155.000000 -0.192200
130.139999 391.570007 245.000000 0.146800
130.139999 391.570007 195.000000 0.387000
318.250000 429.989990 115.000000 -0.754400
412.209991 59.169994 55.000000 -0.617300
298.269989 94.169998 225.000000 0.894600
155.990005 360.869995 15.000001 0.251700
300.089996 259.239990 234.999985 0.779800
300.089996 259.239990 145.000000 -0.115700
110.339996 469.959961 15.000001 0.839700
469.350006 191.869995 195.000000 0.188000
401.970001 486.839996 185.000000 -0.029000
351.989990 427.250000 85.000000 -0.665300
24.240000 60.180004 175.000000 0.205100
15.230000 487.869965 95.000000 0.278200
453.849976 194.809998 95.000000 0.707600
18.750000 492.299988 85.000000 0.263100
412.209991 59.169994 95.000000 -0.216700
418.980042 132.100006 65.000000 0.574100
449.420013 7.280000 195.000000 0.171000
233.159988 273.779999 45.000000 0.722200
125.440002 312.079987 55.000000 0.339100
213.610001 335.230011 115.000000 -0.384500
110.449997 318.959991 25.000000 0.536100
78.150002 435.610016 205.000000 0.547700
360.170013 137.669998 195.000000 1.708600
177.470001 28.440002 25.000000 -0.336500
401.970001 486.839996 135.000000 -0.309200
39.540001 330.609985 55.000000 0.984700
397.839996 243.309998 45.000000 0.182800
313.820007 301.010010 75.000000 -0.144600
44.119999 165.649994 55.000000 1.648600
305.200012 98.620003 115.000000 -0.385200
351.989990 427.250000 25.000000 0.520400
155.990005 360.869995 175.000000 0.246900
321.350006 295.559998 234.999985 0.341700
326.859985 294.880005 45.000000 0.751600
29.600000 454.640015 195.000000 0.132500
494.790039 48.910000 165.000000 0.325100
78.150002 435.610016 35.000000 0.874900
475.950012 28.810001 155.000000 0.200100
124.059998 227.130005 215.000015 0.314100
322.970001 454.979980 225.000000 -0.489300
298.269989 94.169998 15.000001 0.063600
355.769989 359.440002 104.999992 -0.829500
21.549999 94.790001 125.000000 1.456600
257.549988 341.380005 135.000000 -0.425000
110.339996 469.959961 205.000000 0.222500
351.149994 317.230011 65.000000 -0.169600
400.339996 251.389999 65.000000 0.078900
351.149994 317.230011 75.000000 -0.375400
148.389999 16.129999 75.000000 1.065600
322.970001 454.979980 75.000000 -0.839300
326.859985 294.880005 215.000015 0.207900
39.540001 330.609985 45.000000 0.826100
351.149994 317.230011 155.000000 -0.793000
56.240005 285.160004 104.999992 1.647000
136.740005 121.040001 104.999992 2.052000
326.859985 294.880005 65.000000 0.200900
124.059998 227.130005 45.000000 1.319300
303.149994 321.829987 75.000000 -0.336300
118.160011 475.640015 195.000000 -0.020600
257.549988 341.380005 234.999985 0.228500
130.139999 391.570007 65.000000 -1.066400
8.950000 60.600002 225.000000 -0.240800
148.389999 16.129999 95.000000 1.285200
355.769989 359.440002 145.000000 -0.596300
90.820000 436.950012 104.999992 -0.303700
490.339996 265.519989 95.000000 0.151600
106.320000 324.380005 245.000000 -0.032900
449.420013 7.280000 75.000000 -0.508900
401.970001 486.839996 205.000000 0.227400
362.690002 176.309998 35.000000 0.315900
149.710007 20.520000 175.000000 0.741500
378.690002 301.320007 135.000000 -0.904100
213.610001 335.230011 45.000000 0.166400
78.150002 435.610016 85.000000 -0.220900
15.230000 487.869965 175.000000 -0.146500
148.389999 16.129999 234.999985 0.028600
125.440002 312.079987 115.000000 0.490700
153.250000 487.290009 75.000000 -0.261400
474.270020 286.970001 115.000000 -0.504700
321.350006 295.559998 225.000000 0.242900
378.690002 301.320007 185.000000 -0.084400
21.549999 94.790001 65.000000 1.524300
432.929993 319.820007 225.000000 -0.239000
395.619995 29.740000 55.000000 -0.795600
121.070007 192.259995 85.000000 2.068200
265.890015 249.910004 125.000000 0.296000
130.139999 391.570007 215.000015 0.430100
87.879997 274.649994 55.000000 1.201700
351.149994 317.230011 165.000000 -0.496500
494.790039 48.910000 104.999992 1.071400
490.339996 265.519989 55.000000 0.500800
412.209991 59.169994 85.000000 -0.144000
351.989990 427.250000 185.000000 -0.068500
485.619965 287.269989 15.000001 0.336500
474.270020 286.970001 145.000000 -0.842200
449.420013 7.280000 115.000000 -0.513800
130.139999 391.570007 35.000000 -0.164800
18.750000 492.299988 95.000000 0.316900
412.209991 59.169994 195.000000 0.895900
442.040009 436.390015 35.000000 -0.474800
190.830002 249.960022 95.000000 0.986300
485.619965 287.269989 215.000015 -0.316700
401.970001 486.839996 165.000000 -0.065800
400.339996 251.389999 225.000000 0.172100
469.350006 191.869995 25.000000 0.797300
153.250000 487.290009 85.000000 -0.601100
494.790039 48.910000 175.000000 0.485900
412.209991 59.169994 115.000000 -0.288200
10.750000 436.549988 234.999985 0.099900
126.960007 469.989960 234.999985 0.020700
494.790039 48.910000 125.000000 0.571100
110.339996 469.959961 215.000015 0.028200
118.160011 475.640015 125.000000 -0.581500
365.730011 403.760010 245.000000 0.089000
442.040009 436.390015 135.000000 -0.060400
18.750000 492.299988 155.000000 -0.320100
360.320007 218.240005 195.000000 0.481600
490.339996 265.519989 25.000000 0.564500
124.059998 227.130005 165.000000 1.180400
378.690002 301.320007 95.000000 -0.663800
130.139999 391.570007 234.999985 0.416000
305.200012 98.620003 234.999985 1.168800
21.549999 94.790001 75.000000 1.699300
39.540001 330.609985 125.000000 1.772100
164.960007 162.529999 195.000000 0.661100
378.690002 301.320007 234.999985 0.177000
213.610001 335.230011 175.000000 0.324100
157.669998 258.649994 135.000000 1.301500
121.070007 192.259995 245.000000 -0.582500
257.549988 341.380005 15.000001 1.501600
360.170013 137.669998 75.000000 -0.136700
378.690002 301.320007 225.000000 -0.011200
401.970001 486.839996 45.000000 -0.523700
351.149994 317.230011 125.000000 -1.070500
106.320000 324.380005 165.000000 0.888400
351.989990 427.250000 215.000015 -0.226700
362.690002 176.309998 115.000000 -0.236100
149.710007 20.520000 225.000000 0.142700
15.230000 487.869965 55.000000 1.161800
15.230000 487.869965 135.000000 -0.202600
106.320000 324.380005 75.000000 0.490300
453.849976 194.809998 125.000000 0.168600
125.440002 312.079987 85.000000 0.231100
78.150002 435.610016 95.000000 0.038200
278.220001 309.720001 135.000000 -0.454800
148.389999 16.129999 55.000000 0.328300
39.540001 330.609985 165.000000 1.778400
279.510010 102.050003 95.000000 0.182800
265.890015 249.910004 95.000000 0.252300
149.710007 20.520000 55.000000 0.276300
362.690002 176.309998 45.000000 0.044900
362.690002 176.309998 245.000000 1.898300
321.350006 295.559998 155.000000 -0.577500
110.449997 318.959991 75.000000 0.341700
360.170013 137.669998 15.000001 -0.090100
90.820000 436.950012 234.999985 0.075600
346.649994 423.839996 115.000000 -0.915800
18.750000 492.299988 15.000001 1.237300
190.830002 249.960022 234.999985 0.560500
451.160004 411.480011 155.000000 0.558900
432.929993 319.820007 25.000000 0.616000
90.820000 436.950012 15.000001 1.041100
36.660000 376.950012 165.000000 1.590600
75.480003 447.730011 155.000000 0.427800
351.989990 427.250000 104.999992 -0.619300
87.879997 274.649994 35.000000 0.916300
39.540001 330.609985 185.000000 1.269100
148.389999 16.129999 175.000000 0.693000
135.559998 23.230000 234.999985 0.071200
254.429977 472.820007 75.000000 -0.490800
326.859985 294.880005 175.000000 -0.037900
257.549988 341.380005 25.000000 1.066200
62.029999 312.450012 45.000000 0.890200
24.240000 60.180004 135.000000 1.237300
87.070000 482.109985 185.000000 -0.083500
110.449997 318.959991 104.999992 0.434200
157.669998 258.649994 15.000001 1.027800
106.320000 324.380005 25.000000 0.426800
428.800018 332.540009 104.999992 -0.383700
36.660000 376.950012 155.000000 1.518500
442.040009 436.390015 115.000000 -0.205400
442.040009 436.390015 195.000000 0.662200
321.350006 295.559998 205.000000 0.106300
449.420013 7.280000 234.999985 0.442500
265.890015 249.910004 234.999985 0.993400
36.660000 376.950012 75.000000 0.878200
110.449997 318.959991 115.000000 0.741700
213.610001 335.230011 95.000000 -0.564700
300.089996 259.239990 25.000000 1.147100
305.200012 98.620003 145.000000 -0.150600
400.339996 251.389999 35.000000 0.416200
39.540001 330.609985 35.000000 0.684700
494.790039 48.910000 95.000000 0.871700
360.170013 137.669998 145.000000 0.063700
449.420013 7.280000 25.000000 -1.238500
121.070007 192.259995 185.000000 0.730400
24.240000 60.180004 35.000000 1.374100
318.250000 429.989990 205.000000 -0.424700
241.470001 68.970001 115.000000 0.815000
298.269989 94.169998 175.000000 0.396700
378.690002 301.320007 65.000000 -0.277700
432.929993 319.820007 45.000000 0.287000
451.160004 411.480011 55.000000 -0.699800
24.240000 60.180004 245.000000 -0.223300
233.159988 273.779999 135.000000 0.275200
62.029999 312.450012 205.000000 0.630500
36.660000 376.950012 205.000000 1.141300
153.250000 487.290009 115.000000 -0.706800
355.769989 359.440002 205.000000 0.052600
278.220001 309.720001 155.000000 -0.167600
110.339996 469.959961 234.999985 -0.108900
303.149994 321.829987 125.000000 -0.834100
90.820000 436.950012 215.000015 0.457300
326.859985 294.880005 125.000000 -0.689900
442.040009 436.390015 55.000000 -0.626300
365.730011 403.760010 35.000000 0.339900
177.470001 28.440002 85.000000 1.248600
453.849976 194.809998 45.000000 1.144300
87.879997 274.649994 195.000000 0.560800
449.420013 7.280000 155.000000 -0.275500
259.609985 410.989990 245.000000 -0.480100
301.489990 273.140015 85.000000 -0.217600
155.990005 360.869995 65.000000 -0.810200
149.710007 20.520000 185.000000 0.684500
164.960007 162.529999 165.000000 1.447300
360.320007 218.240005 145.000000 -0.297800
136.740005 121.040001 55.000000 1.139000
130.139999 391.570007 85.000000 -1.045000
278.220001 309.720001 45.000000 0.678500
87.070000 482.109985 125.000000 -0.055000
190.830002 249.960022 245.000000 0.324000
346.649994 423.839996 45.000000 -0.160300
355.769989 359.440002 75.000000 -0.531200
278.220001 309.720001 195.000000 0.589800
87.070000 482.109985 115.000000 -0.433700
126.960007 469.989960 145.000000 -0.549400
318.250000 429.989990 225.000000 -0.381200
360.320007 218.240005 175.000000 0.283200
254.429977 472.820007 175.000000 -0.621300
475.950012 28.810001 135.000000 -0.134700
157.669998 258.649994 125.000000 1.291500
62.029999 312.450012 55.000000 0.956700
153.250000 487.290009 135.000000 -0.698800
449.420013 7.280000 95.000000 -0.261900
75.480003 447.730011 234.999985 0.096800
75.480003 447.730011 25.000000 1.164300
106.320000 324.380005 55.000000 0.443900
279.510010 102.050003 185.000000 0.572700
395.619995 29.740000 195.000000 0.331600
449.420013 7.280000 145.000000 -0.133200
149.710007 20.520000 215.000015 0.123000
322.970001 454.979980 25.000000 0.361900
24.240000 60.180004 125.000000 1.271000
395.619995 29.740000 95.000000 -0.702300
241.470001 68.970001 195.000000 0.050800
442.040009 436.390015 25.000000 -0.272700
155.990005 360.869995 75.000000 -0.921200
126.960007 469.989960 104.999992 -0.695400
303.149994 321.829987 35.000000 0.971300
485.619965 287.269989 35.000000 0.615300
241.470001 68.970001 215.000015 0.023000
110.449997 318.959991 15.000001 0.267000
44.119999 165.649994 15.000001 0.742900
265.890015 249.910004 45.000000 1.059600
395.619995 29.740000 135.000000 -0.565300
400.339996 251.389999 135.000000 -0.729200
24.240000 60.180004 234.999985 -0.222200
15.230000 487.869965 25.000000 1.333400
233.159988 273.779999 195.000000 1.009500
136.740005 121.040001 95.000000 2.077200
56.240005 285.160004 75.000000 1.511900
322.970001 454.979980 215.000015 -0.425000
110.339996 469.959961 125.000000 -0.468400
75.480003 447.730011 165.000000 0.353400
36.660000 376.950012 135.000000 1.629500
360.320007 218.240005 15.000001 0.629500
422.380005 473.869995 175.000000 0.320000
474.270020 286.970001 135.000000 -0.536500
378.690002 301.320007 155.000000 -0.512600
305.200012 98.620003 85.000000 -0.098200
490.339996 265.519989 15.000001 0.414200
213.610001 335.230011 125.000000 -0.341200
360.320007 218.240005 55.000000 0.093500
300.089996 259.239990 195.000000 0.697000
44.119999 165.649994 205.000000 0.294200
412.209991 59.169994 25.000000 -0.869300
395.619995 29.740000 205.000000 0.564800
257.549988 341.380005 195.000000 0.718600
490.339996 265.519989 85.000000 0.242700
378.690002 301.320007 75.000000 -0.370100
148.389999 16.129999 125.000000 1.454200
190.830002 249.960022 35.000000 0.891100
155.990005 360.869995 95.000000 -0.990600
257.549988 341.380005 165.000000 0.238100
254.429977 472.820007 85.000000 -0.755500
428.800018 332.540009 85.000000 -0.467200
351.149994 317.230011 185.000000 -0.094500
164.960007 162.529999 95.000000 2.127200
360.320007 218.240005 95.000000 -0.327600
177.470001 28.440002 155.000000 0.890800
24.240000 60.180004 225.000000 -0.379900
322.970001 454.979980 205.000000 -0.617600
279.510010 102.050003 25.000000 0.268600
305.200012 98.620003 65.000000 -0.206100
360.320007 218.240005 125.000000 -0.373500
365.730011 403.760010 135.000000 -0.255900
126.960007 469.989960 135.000000 -0.700100
121.070007 192.259995 135.000000 2.226700
422.380005 473.869995 95.000000 -0.895300
279.510010 102.050003 125.000000 0.386800
21.549999 94.790001 245.000000 0.027800
75.480003 447.730011 95.000000 0.146000
442.040009 436.390015 75.000000 -0.744700
121.070007 192.259995 45.000000 1.177700
44.119999 165.649994 125.000000 2.382400
305.200012 98.620003 165.000000 0.314900
303.149994 321.829987 25.000000 1.332900
29.600000 454.640015 225.000000 0.074900
360.320007 218.240005 45.000000 0.169200
148.389999 16.129999 185.000000 0.415500
469.350006 191.869995 245.000000 0.663000
90.820000 436.950012 185.000000 0.487000
148.389999 16.129999 165.000000 0.774400
127.139999 327.489990 234.999985 0.403600
326.859985 294.880005 115.000000 -0.770300
485.619965 287.269989 155.000000 -0.826800
418.980042 132.100006 55.000000 0.543800
110.449997 318.959991 215.000015 0.488200
36.660000 376.950012 195.000000 1.338600
10.750000 436.549988 165.000000 0.909900
279.510010 102.050003 104.999992 0.317800
29.600000 454.640015 165.000000 0.550300
62.029999 312.450012 135.000000 1.463000
301.489990 273.140015 55.000000 0.671400
298.269989 94.169998 165.000000 0.139000
148.389999 16.129999 115.000000 1.604300
432.929993 319.820007 35.000000 0.418200
21.549999 94.790001 195.000000 -0.159800
110.449997 318.959991 85.000000 0.578800
127.139999 327.489990 85.000000 -0.048800
126.960007 469.989960 225.000000 -0.157900
475.950012 28.810001 115.000000 0.136400
44.119999 165.649994 195.000000 0.409400
490.339996 265.519989 185.000000 -0.688500
369.950012 384.730011 225.000000 0.127100
313.820007 301.010010 45.000000 0.612600
474.270020 286.970001 85.000000 -0.051400
313.820007 301.010010 55.000000 0.281000
126.960007 469.989960 85.000000 -0.469600
362.690002 176.309998 225.000000 1.902100
62.029999 312.450012 185.000000 0.855000
474.270020 286.970001 245.000000 0.014900
10.750000 436.549988 45.000000 1.216500
400.339996 251.389999 115.000000 -0.622100
164.960007 162.529999 175.000000 1.303100
157.669998 258.649994 215.000015 0.504400
87.070000 482.109985 165.000000 -0.032200
126.960007 469.989960 65.000000 0.015700
355.769989 359.440002 245.000000 -0.306200
241.470001 68.970001 245.000000 0.708000
36.660000 376.950012 45.000000 0.772500
355.769989 359.440002 55.000000 0.003600
360.170013 137.669998 115.000000 -0.496900
18.750000 492.299988 195.000000 -0.174200
300.089996 259.239990 75.000000 0.196200
303.149994 321.829987 135.000000 -0.723700
428.800018 332.540009 165.000000 -0.090000
121.070007 192.259995 145.000000 1.864500
378.690002 301.320007 25.000000 0.894300
29.600000 454.640015 245.000000 -0.325500
177.470001 28.440002 75.000000 0.909100
412.209991 59.169994 135.000000 -0.264100
346.649994 423.839996 185.000000 -0.153800
365.730011 403.760010 215.000015 -0.136600
24.240000 60.180004 215.000015 -0.173600
346.649994 423.839996 65.000000 -0.448900
395.619995 29.740000 145.000000 -0.574900
301.489990 273.140015 65.000000 0.284200
29.600000 454.640015 104.999992 0.615700
305.200012 98.620003 135.000000 -0.064100
130.139999 391.570007 135.000000 -0.495300
453.849976 194.809998 185.000000 0.010700
422.380005 473.869995 65.000000 -0.716800
475.950012 28.810001 55.000000 -0.372500
110.449997 318.959991 135.000000 0.576600
355.769989 359.440002 65.000000 -0.177400
24.240000 60.180004 15.000001 1.145300
321.350006 295.559998 125.000000 -0.689900
442.040009 436.390015 104.999992 -0.297300
322.970001 454.979980 245.000000 -0.168000
351.149994 317.230011 175.000000 -0.387200
121.070007 192.259995 95.000000 2.249200
257.549988 341.380005 145.000000 -0.319700
303.149994 321.829987 205.000000 0.426200
401.970001 486.839996 125.000000 -0.584500
155.990005 360.869995 155.000000 -0.267300
110.449997 318.959991 165.000000 0.510000
351.149994 317.230011 135.000000 -0.912600
135.559998 23.230000 215.000015 -0.045000
213.610001 335.230011 135.000000 -0.331700
355.769989 359.440002 135.000000 -0.839900
494.790039 48.910000 35.000000 0.122900
298.269989 94.169998 55.000000 -0.045100
453.849976 194.809998 155.000000 -0.096800
155.990005 360.869995 185.000000 0.512300
397.839996 243.309998 135.000000 -0.638700
125.440002 312.079987 155.000000 0.581000
451.160004 411.480011 15.000001 -0.399600
412.209991 59.169994 175.000000 0.491300
124.059998 227.130005 225.000000 -0.076900
351.149994 317.230011 25.000000 1.085000
326.859985 294.880005 165.000000 -0.459600
321.350006 295.559998 65.000000 0.200900
401.970001 486.839996 155.000000 -0.158700
494.790039 48.910000 85.000000 1.061700
148.389999 16.129999 215.000015 0.441300
90.820000 436.950012 95.000000 -0.237400
265.890015 249.910004 35.000000 1.260800
29.600000 454.640015 25.000000 1.454300
87.070000 482.109985 195.000000 -0.023700
136.740005 121.040001 145.000000 1.749000
475.950012 28.810001 65.000000 0.350200
18.750000 492.299988 175.000000 -0.245100
56.240005 285.160004 155.000000 1.667900
449.420013 7.280000 165.000000 0.216400
241.470001 68.970001 135.000000 0.756500
401.970001 486.839996 234.999985 0.813500
29.600000 454.640015 55.000000 0.980900
453.849976 194.809998 135.000000 -0.221500
355.769989 359.440002 95.000000 -0.764600
305.200012 98.620003 125.000000 -0.243000
360.170013 137.669998 25.000000 0.039800
130.139999 391.570007 145.000000 -0.080100
10.750000 436.549988 145.000000 0.890200
475.950012 28.810001 45.000000 -0.317200
213.610001 335.230011 195.000000 0.522000
78.150002 435.610016 115.000000 0.287500
418.980042 132.100006 195.000000 1.523700
213.610001 335.230011 15.000001 1.096700
36.660000 376.950012 145.000000 1.605500
301.489990 273.140015 45.000000 1.060600
321.350006 295.559998 104.999992 -0.462700
397.839996 243.309998 175.000000 -0.231600
360.170013 137.669998 165.000000 0.659600
395.619995 29.740000 104.999992 -0.724800
422.380005 473.869995 165.000000 0.207300
490.339996 265.519989 195.000000 -0.771800
241.470001 68.970001 125.000000 0.840400
279.510010 102.050003 175.000000 0.507000
190.830002 249.960022 15.000001 0.971600
233.159988 273.779999 104.999992 0.127300
62.029999 312.450012 195.000000 0.796200
485.619965 287.269989 85.000000 0.089000
155.990005 360.869995 35.000000 -0.308700
121.070007 192.259995 65.000000 1.640200
8.950000 60.600002 205.000000 -0.343400
8.950000 60.600002 104.999992 1.398200
157.669998 258.649994 155.000000 1.207100
279.510010 102.050003 234.999985 1.031200
130.139999 391.570007 205.000000 0.439900
475.950012 28.810001 15.000001 -1.021100
428.800018 332.540009 15.000001 0.592900
351.989990 427.250000 75.000000 -0.587700
369.950012 384.730011 155.000000 0.109000
78.150002 435.610016 195.000000 0.669600
301.489990 273.140015 75.000000 0.166200
432.929993 319.820007 125.000000 -0.594000
87.879997 274.649994 135.000000 1.643400
124.059998 227.130005 115.000000 2.192500
135.559998 23.230000 125.000000 1.567700
78.150002 435.610016 15.000001 0.882900
346.649994 423.839996 155.000000 -0.051400
87.070000 482.109985 215.000015 -0.243700
365.730011 403.760010 225.000000 0.007900
153.250000 487.290009 55.000000 0.335800
298.269989 94.169998 205.000000 0.766500
474.270020 286.970001 234.999985 -0.136400
241.470001 68.970001 45.000000 0.175400
110.339996 469.959961 104.999992 -0.806000
449.420013 7.280000 225.000000 0.540000
400.339996 251.389999 55.000000 0.235000
177.470001 28.440002 45.000000 0.126800
422.380005 473.869995 55.000000 -0.820600
44.119999 165.649994 185.000000 0.652700
474.270020 286.970001 225.000000 -0.232200
29.600000 454.640015 145.000000 0.388300
305.200012 98.620003 215.000015 1.001800
87.070000 482.109985 35.000000 1.139200
355.769989 359.440002 215.000015 -0.165000
153.250000 487.290009 215.000015 -0.396000
278.220001 309.720001 15.000001 1.855200
18.750000 492.299988 75.000000 0.668200
400.339996 251.389999 125.000000 -0.732800
121.070007 192.259995 115.000000 2.557900
135.559998 23.230000 205.000000 0.104800
321.350006 295.559998 75.000000 -0.246900
326.859985 294.880005 234.999985 0.341700
360.320007 218.240005 65.000000 -0.095800
10.750000 436.549988 125.000000 0.673900
490.339996 265.519989 75.000000 0.532700
279.510010 102.050003 165.000000 0.435400
62.029999 312.450012 65.000000 1.251200
451.160004 411.480011 115.000000 -0.007200
259.609985 410.989990 75.000000 -0.515100
39.540001 330.609985 25.000000 0.713600
449.420013 7.280000 185.000000 0.376500
451.160004 411.480011 225.000000 0.993200
428.800018 332.540009 95.000000 -0.441600
135.559998 23.230000 75.000000 1.230300
24.240000 60.180004 104.999992 1.716200
110.339996 469.959961 225.000000 -0.168300
149.710007 20.520000 165.000000 0.765600
157.669998 258.649994 104.999992 1.193100
313.820007 301.010010 245.000000 -0.158700
21.549999 94.790001 25.000000 1.407400
265.890015 249.910004 65.000000 0.819000
303.149994 321.829987 155.000000 -0.462700
62.029999 312.450012 225.000000 0.348500
10.750000 436.549988 155.000000 0.783100
298.269989 94.169998 195.000000 0.566600
355.769989 359.440002 175.000000 -0.156400
124.059998 227.130005 95.000000 1.947100
44.119999 165.649994 115.000000 2.766600
351.149994 317.230011 104.999992 -0.770800
418.980042 132.100006 205.000000 1.545000
346.649994 423.839996 234.999985 -0.037300
87.070000 482.109985 75.000000 0.192600
56.240005 285.160004 215.000015 0.399400
346.649994 423.839996 85.000000 -0.868200
469.350006 191.869995 155.000000 -0.324100
278.220001 309.720001 115.000000 -0.358500
8.950000 60.600002 95.000000 1.536500
397.839996 243.309998 95.000000 -0.512500
18.750000 492.299988 115.000000 -0.113100
346.649994 423.839996 215.000015 -0.212100
278.220001 309.720001 245.000000 0.414400
157.669998 258.649994 115.000000 1.510200
362.690002 176.309998 165.000000 0.548100
75.480003 447.730011 115.000000 0.219500
412.209991 59.169994 205.000000 0.887400
130.139999 391.570007 125.000000 -0.538600
87.070000 482.109985 245.000000 -0.239200
355.769989 359.440002 155.000000 -0.629400
18.750000 492.299988 135.000000 -0.212800
265.890015 249.910004 185.000000 0.744200
485.619965 287.269989 225.000000 -0.516000
125.440002 312.079987 234.999985 0.263200
378.690002 301.320007 35.000000 0.472500
301.489990 273.140015 125.000000 -0.190300
278.220001 309.720001 215.000015 0.740800
190.830002 249.960022 215.000015 0.748600
254.429977 472.820007 65.000000 -0.276800
44.119999 165.649994 155.000000 1.488900
24.240000 60.180004 145.000000 0.776800
494.790039 48.910000 115.000000 0.810200
475.950012 28.810001 125.000000 -0.009500
321.350006 295.559998 85.000000 -0.311500
469.350006 191.869995 135.000000 -0.293800
126.960007 469.989960 165.000000 -0.256100
87.879997 274.649994 205.000000 0.294600
190.830002 249.960022 135.000000 1.156200
254.429977 472.820007 55.000000 0.110300
318.250000 429.989990 155.000000 -0.401000
378.690002 301.320007 145.000000 -0.662300
10.750000 436.549988 205.000000 0.718900
469.350006 191.869995 45.000000 1.210200
395.619995 29.740000 85.000000 -0.520900
490.339996 265.519989 175.000000 -0.680400
369.950012 384.730011 15.000001 1.049600
121.070007 192.259995 35.000000 1.185100
355.769989 359.440002 125.000000 -0.823400
397.839996 243.309998 205.000000 0.370400
21.549999 94.790001 45.000000 1.646100
365.730011 403.760010 25.000000 0.566200
305.200012 98.620003 15.000001 0.020500
62.029999 312.450012 85.000000 1.127600
18.750000 492.299988 25.000000 1.353300
36.660000 376.950012 65.000000 0.924800
318.250000 429.989990 135.000000 -0.636400
15.230000 487.869965 205.000000 -0.121800
190.830002 249.960022 125.000000 1.105200
449.420013 7.280000 65.000000 -0.352100
298.269989 94.169998 155.000000 0.216100
18.750000 492.299988 245.000000 -0.343600
125.440002 312.079987 225.000000 0.562200
90.820000 436.950012 245.000000 0.022600
318.250000 429.989990 25.000000 0.704500
355.769989 359.440002 85.000000 -0.800600
351.989990 427.250000 65.000000 -0.445600
121.070007 192.259995 125.000000 2.360200
259.609985 410.989990 104.999992 -0.958700
254.429977 472.820007 185.000000 -0.652400
190.830002 249.960022 85.000000 0.870800
36.660000 376.950012 245.000000 0.170800
136.740005 121.040001 35.000000 0.538200
56.240005 285.160004 225.000000 0.104900
75.480003 447.730011 185.000000 0.227300
449.420013 7.280000 245.000000 0.446800
254.429977 472.820007 35.000000 0.463700
21.549999 94.790001 35.000000 1.522100
24.240000 60.180004 55.000000 1.411800
241.470001 68.970001 175.000000 0.258300
87.070000 482.109985 25.000000 1.275500
485.619965 287.269989 45.000000 0.314000
164.960007 162.529999 245.000000 -0.082700
106.320000 324.380005 125.000000 0.628400
322.970001 454.979980 35.000000 0.257200
313.820007 301.010010 165.000000 -0.383500
300.089996 259.239990 15.000001 1.677000
298.269989 94.169998 234.999985 1.118700
87.879997 274.649994 175.000000 1.176000
87.879997 274.649994 104.999992 1.812700
110.339996 469.959961 35.000000 0.538900
313.820007 301.010010 175.000000 -0.129300
369.950012 384.730011 25.000000 0.736000
369.950012 384.730011 85.000000 -0.659000
75.480003 447.730011 35.000000 1.111400
346.649994 423.839996 55.000000 -0.145200
490.339996 265.519989 125.000000 -0.320400
10.750000 436.549988 135.000000 0.901900
490.339996 265.519989 234.999985 -0.195600
469.350006 191.869995 55.000000 1.256500
155.990005 360.869995 85.000000 -0.992600
90.820000 436.950012 35.000000 0.713600
125.440002 312.079987 215.000015 0.380300
87.879997 274.649994 115.000000 1.722700
241.470001 68.970001 65.000000 0.698100
303.149994 321.829987 104.999992 -0.668700
490.339996 265.519989 245.000000 0.003900
278.220001 309.720001 234.999985 0.497300
135.559998 23.230000 175.000000 0.790900
422.380005 473.869995 125.000000 -0.344600
257.549988 341.380005 155.000000 -0.044800
474.270020 286.970001 35.000000 0.458600
346.649994 423.839996 245.000000 -0.175200
135.559998 23.230000 95.000000 1.575400
494.790039 48.910000 25.000000 -0.182600
279.510010 102.050003 115.000000 0.375300
87.070000 482.109985 85.000000 0.191500
422.380005 473.869995 234.999985 0.974600
10.750000 436.549988 104.999992 0.834100
428.800018 332.540009 35.000000 0.263300
360.170013 137.669998 175.000000 0.706300
346.649994 423.839996 225.000000 -0.318700
44.119999 165.649994 75.000000 1.864800
124.059998 227.130005 35.000000 1.149300
75.480003 447.730011 104.999992 0.389100
106.320000 324.380005 115.000000 0.549600
136.740005 121.040001 225.000000 0.083700
279.510010 102.050003 155.000000 0.369300
177.470001 28.440002 104.999992 1.485500
362.690002 176.309998 215.000015 1.621300
360.320007 218.240005 85.000000 -0.164100
475.950012 28.810001 95.000000 0.320300
62.029999 312.450012 245.000000 -0.116500
365.730011 403.760010 175.000000 0.265100
78.150002 435.610016 245.000000 0.009000
346.649994 423.839996 205.000000 -0.236100
254.429977 472.820007 195.000000 -0.614800
395.619995 29.740000 245.000000 0.777600
453.849976 194.809998 225.000000 0.842600
321.350006 295.559998 165.000000 -0.459600
412.209991 59.169994 45.000000 -0.653000
442.040009 436.390015 125.000000 -0.063500
126.960007 469.989960 155.000000 -0.578000
494.790039 48.910000 205.000000 0.476700
44.119999 165.649994 135.000000 2.141100
254.429977 472.820007 15.000001 1.156800
135.559998 23.230000 55.000000 0.431500
265.890015 249.910004 25.000000 1.401800
362.690002 176.309998 55.000000 0.088000
494.790039 48.910000 135.000000 0.532000
321.350006 295.559998 25.000000 1.122300
21.549999 94.790001 234.999985 -0.034900
149.710007 20.520000 25.000000 -0.563000
254.429977 472.820007 215.000015 -0.863300
475.950012 28.810001 225.000000 0.149500
10.750000 436.549988 175.000000 0.776800
318.250000 429.989990 15.000001 1.013200
18.750000 492.299988 215.000015 -0.256000
39.540001 330.609985 215.000015 0.862700
24.240000 60.180004 185.000000 0.101600
213.610001 335.230011 25.000000 0.682600
257.549988 341.380005 75.000000 -0.611100
401.970001 486.839996 195.000000 -0.133000
360.170013 137.669998 205.000000 1.982100
213.610001 335.230011 55.000000 -0.015600
24.240000 60.180004 65.000000 1.231900
164.960007 162.529999 65.000000 1.147200
135.559998 23.230000 145.000000 1.246200
451.160004 411.480011 135.000000 0.225500
300.089996 259.239990 245.000000 0.800000
233.159988 273.779999 125.000000 0.118700
241.470001 68.970001 104.999992 0.825400
110.449997 318.959991 195.000000 0.761400
121.070007 192.259995 75.000000 1.980000
177.470001 28.440002 65.000000 0.709900
233.159988 273.779999 165.000000 0.592600
346.649994 423.839996 145.000000 -0.286000
130.139999 391.570007 115.000000 -0.590800
241.470001 68.970001 25.000000 -0.005100
395.619995 29.740000 185.000000 0.077100
126.960007 469.989960 95.000000 -0.549600
136.740005 121.040001 15.000001 0.159300
10.750000 436.549988 225.000000 0.186600
313.820007 301.010010 104.999992 -0.752100
321.350006 295.559998 175.000000 -0.037900
15.230000 487.869965 115.000000 -0.067500
157.669998 258.649994 165.000000 1.016100
36.660000 376.950012 115.000000 1.424000
153.250000 487.290009 35.000000 0.590700
90.820000 436.950012 45.000000 0.467200
318.250000 429.989990 145.000000 -0.552700
401.970001 486.839996 95.000000 -0.820700
279.510010 102.050003 205.000000 0.906700
346.649994 423.839996 175.000000 -0.183400
485.619965 287.269989 104.999992 -0.300100
155.990005 360.869995 45.000000 -0.236900
428.800018 332.540009 135.000000 -0.215900
300.089996 259.239990 125.000000 -0.025500
130.139999 391.570007 75.000000 -0.922500
397.839996 243.309998 55.000000 0.398400
130.139999 391.570007 165.000000 0.077800
15.230000 487.869965 155.000000 0.081000
110.449997 318.959991 45.000000 0.699900
321.350006 295.559998 55.000000 0.471200
432.929993 319.820007 85.000000 -0.122500
397.839996 243.309998 75.000000 -0.132200
318.250000 429.989990 85.000000 -0.919900
301.489990 273.140015 205.000000 0.601800
360.320007 218.240005 234.999985 1.277800
56.240005 285.160004 135.000000 1.799000
257.549988 341.380005 55.000000 0.078400
10.750000 436.549988 55.000000 1.064200
265.890015 249.910004 245.000000 0.828000
110.339996 469.959961 165.000000 -0.232100
135.559998 23.230000 115.000000 1.655700
18.750000 492.299988 205.000000 -0.305200
155.990005 360.869995 245.000000 0.132400
298.269989 94.169998 75.000000 -0.112400
365.730011 403.760010 185.000000 0.072900
475.950012 28.810001 145.000000 -0.047700
56.240005 285.160004 65.000000 1.390200
418.980042 132.100006 104.999992 0.207000
397.839996 243.309998 104.999992 -0.662400
355.769989 359.440002 165.000000 -0.121700
362.690002 176.309998 205.000000 1.750600
265.890015 249.910004 215.000015 0.833900
87.879997 274.649994 85.000000 1.407500
110.449997 318.959991 175.000000 0.818800
305.200012 98.620003 55.000000 -0.041100
259.609985 410.989990 125.000000 -0.988500
298.269989 94.169998 35.000000 0.011400
10.750000 436.549988 65.000000 0.894100
149.710007 20.520000 104.999992 1.657100
301.489990 273.140015 165.000000 -0.245200
24.240000 60.180004 165.000000 0.475800
279.510010 102.050003 85.000000 0.406100
300.089996 259.239990 55.000000 0.549700
451.160004 411.480011 165.000000 0.611700
278.220001 309.720001 75.000000 0.150400
177.470001 28.440002 125.000000 1.447900
474.270020 286.970001 125.000000 -0.476600
118.160011 475.640015 245.000000 -0.252200
36.660000 376.950012 225.000000 0.722900
149.710007 20.520000 85.000000 1.181300
29.600000 454.640015 35.000000 1.373400
126.960007 469.989960 175.000000 -0.155500
422.380005 473.869995 195.000000 0.206400
397.839996 243.309998 234.999985 0.534700
412.209991 59.169994 65.000000 -0.276500
164.960007 162.529999 215.000015 0.442500
56.240005 285.160004 245.000000 -0.534000
298.269989 94.169998 215.000015 0.941000
155.990005 360.869995 145.000000 -0.222200
136.740005 121.040001 165.000000 1.325600
164.960007 162.529999 115.000000 2.450400
254.429977 472.820007 155.000000 -0.526000
346.649994 423.839996 95.000000 -0.749600
118.160011 475.640015 155.000000 -0.307300
326.859985 294.880005 104.999992 -0.462700
62.029999 312.450012 175.000000 1.053500
21.549999 94.790001 95.000000 1.754700
474.270020 286.970001 65.000000 0.217700
39.540001 330.609985 145.000000 1.739400
130.139999 391.570007 225.000000 0.391300
90.820000 436.950012 155.000000 -0.033600
300.089996 259.239990 115.000000 -0.056900
305.200012 98.620003 25.000000 -0.107200
106.320000 324.380005 185.000000 0.828100
351.149994 317.230011 95.000000 -0.674000
153.250000 487.290009 104.999992 -0.948700
21.549999 94.790001 104.999992 1.877000
213.610001 335.230011 104.999992 -0.586000
422.380005 473.869995 85.000000 -0.803800
127.139999 327.489990 75.000000 0.040200
432.929993 319.820007 234.999985 -0.046900
155.990005 360.869995 234.999985 0.399700
360.320007 218.240005 205.000000 0.906600
241.470001 68.970001 145.000000 0.641700
305.200012 98.620003 75.000000 -0.206200
21.549999 94.790001 215.000015 -0.284100
149.710007 20.520000 35.000000 -0.314400
490.339996 265.519989 135.000000 -0.509100
428.800018 332.540009 195.000000 -0.135100
279.510010 102.050003 195.000000 0.758700
432.929993 319.820007 205.000000 -0.175200
303.149994 321.829987 95.000000 -0.615700
157.669998 258.649994 225.000000 0.449600
300.089996 259.239990 215.000015 0.811800
279.510010 102.050003 245.000000 1.111000
190.830002 249.960022 104.999992 0.973800
300.089996 259.239990 95.000000 -0.087200
153.250000 487.290009 165.000000 -0.733000
233.159988 273.779999 225.000000 0.857000
469.350006 191.869995 125.000000 0.064800
279.510010 102.050003 35.000000 0.451200
378.690002 301.320007 55.000000 0.033700
18.750000 492.299988 104.999992 0.108400
149.710007 20.520000 135.000000 1.633900
148.389999 16.129999 195.000000 0.283200
378.690002 301.320007 45.000000 0.414500
400.339996 251.389999 185.000000 -0.351600
29.600000 454.640015 185.000000 0.485700
469.350006 191.869995 95.000000 0.815800
15.230000 487.869965 65.000000 0.738500
397.839996 243.309998 195.000000 0.056200
78.150002 435.610016 125.000000 0.460600
44.119999 165.649994 85.000000 2.173200
321.350006 295.559998 35.000000 1.083100
318.250000 429.989990 165.000000 -0.297400
369.950012 384.730011 185.000000 -0.038600
39.540001 330.609985 205.000000 1.011300
18.750000 492.299988 145.000000 -0.208000
490.339996 265.519989 45.000000 0.577400
313.820007 301.010010 155.000000 -0.458400
300.089996 259.239990 165.000000 0.225400
326.859985 294.880005 205.000000 0.106300
474.270020 286.970001 185.000000 -0.750100
298.269989 94.169998 85.000000 0.049100
351.149994 317.230011 215.000015 0.076400
153.250000 487.290009 95.000000 -0.581800
21.549999 94.790001 155.000000 0.829200
127.139999 327.489990 145.000000 0.304000
321.350006 295.559998 145.000000 -0.598800
125.440002 312.079987 25.000000 0.379200
346.649994 423.839996 35.000000 0.259700
118.160011 475.640015 115.000000 -0.490800
400.339996 251.389999 85.000000 -0.517000
21.549999 94.790001 225.000000 -0.233000
365.730011 403.760010 15.000001 0.779900
21.549999 94.790001 135.000000 1.479800
164.960007 162.529999 135.000000 2.176800
164.960007 162.529999 55.000000 1.036700
118.160011 475.640015 175.000000 -0.119200
259.609985 410.989990 95.000000 -1.003700
106.320000 324.380005 205.000000 0.614000
190.830002 249.960022 145.000000 1.092200
418.980042 132.100006 165.000000 0.485300
87.879997 274.649994 95.000000 1.474300
279.510010 102.050003 15.000001 0.035200
278.220001 309.720001 185.000000 0.546200
241.470001 68.970001 234.999985 0.576200
62.029999 312.450012 115.000000 1.411200
485.619965 287.269989 125.000000 -0.371900
213.610001 335.230011 165.000000 -0.042700
56.240005 285.160004 125.000000 1.963600
39.540001 330.609985 115.000000 1.910500
475.950012 28.810001 234.999985 0.244400
157.669998 258.649994 234.999985 0.013800
56.240005 285.160004 95.000000 1.693400
257.549988 341.380005 245.000000 0.157100
126.960007 469.989960 25.000000 0.815900
254.429977 472.820007 115.000000 -1.005500
469.350006 191.869995 165.000000 -0.265900
400.339996 251.389999 205.000000 0.047300
257.549988 341.380005 45.000000 0.363900
149.710007 20.520000 205.000000 0.365700
8.950000 60.600002 245.000000 -0.234100
254.429977 472.820007 135.000000 -0.637900
351.989990 427.250000 95.000000 -0.851200
87.070000 482.109985 234.999985 -0.233800
474.270020 286.970001 175.000000 -0.620400
15.230000 487.869965 125.000000 -0.120400
126.960007 469.989960 185.000000 -0.170300
106.320000 324.380005 234.999985 0.215700
241.470001 68.970001 205.000000 0.036700
75.480003 447.730011 125.000000 0.229400
432.929993 319.820007 65.000000 -0.089000
474.270020 286.970001 195.000000 -0.515500
44.119999 165.649994 215.000015 0.114200
87.879997 274.649994 25.000000 0.883000
475.950012 28.810001 85.000000 0.767500
118.160011 475.640015 135.000000 -0.580000
265.890015 249.910004 85.000000 0.200500
15.230000 487.869965 185.000000 -0.064200
365.730011 403.760010 75.000000 -0.624800
322.970001 454.979980 155.000000 -0.389900
318.250000 429.989990 125.000000 -0.760800
149.710007 20.520000 45.000000 0.129500
300.089996 259.239990 85.000000 0.154500
78.150002 435.610016 65.000000 0.194400
15.230000 487.869965 104.999992 0.192200
190.830002 249.960022 55.000000 1.063200
62.029999 312.450012 15.000001 0.446700
254.429977 472.820007 25.000000 0.739600
298.269989 94.169998 115.000000 -0.185600
418.980042 132.100006 225.000000 1.948800
10.750000 436.549988 85.000000 0.682500
75.480003 447.730011 175.000000 0.439600
453.849976 194.809998 234.999985 0.806200
360.170013 137.669998 55.000000 -0.048200
351.149994 317.230011 15.000001 1.558600
110.449997 318.959991 65.000000 0.189900
126.960007 469.989960 55.000000 0.008600
213.610001 335.230011 225.000000 0.442900
400.339996 251.389999 234.999985 0.233800
106.320000 324.380005 215.000015 0.556200
362.690002 176.309998 175.000000 0.739100
257.549988 341.380005 205.000000 0.401200
428.800018 332.540009 175.000000 -0.247000
164.960007 162.529999 15.000001 0.688500
87.879997 274.649994 225.000000 -0.005600
233.159988 273.779999 245.000000 0.453800
125.440002 312.079987 175.000000 0.690900
432.929993 319.820007 245.000000 -0.002900
278.220001 309.720001 65.000000 -0.012800
351.989990 427.250000 15.000001 0.546100
135.559998 23.230000 45.000000 -0.082000
127.139999 327.489990 35.000000 0.462100
153.250000 487.290009 125.000000 -0.744800
87.879997 274.649994 65.000000 1.342200
190.830002 249.960022 25.000000 1.012000
360.320007 218.240005 165.000000 0.047700
10.750000 436.549988 245.000000 -0.274400
469.350006 191.869995 115.000000 0.421200
125.440002 312.079987 104.999992 0.558400
469.350006 191.869995 205.000000 0.428900
301.489990 273.140015 35.000000 1.177700
121.070007 192.259995 55.000000 1.540400
157.669998 258.649994 145.000000 0.977700
87.070000 482.109985 175.000000 -0.092800
397.839996 243.309998 145.000000 -0.466700
75.480003 447.730011 15.000001 0.983400
29.600000 454.640015 75.000000 0.355000
136.740005 121.040001 85.000000 1.731900
257.549988 341.380005 85.000000 -0.579000
110.339996 469.959961 25.000000 1.119400
125.440002 312.079987 205.000000 0.744400
118.160011 475.640015 165.000000 -0.196800
118.160011 475.640015 234.999985 -0.297400
355.769989 359.440002 15.000001 1.327700
485.619965 287.269989 115.000000 -0.252500
397.839996 243.309998 225.000000 0.614200
87.070000 482.109985 65.000000 0.572600
127.139999 327.489990 205.000000 0.594200
449.420013 7.280000 175.000000 0.122800
126.960007 469.989960 35.000000 0.593100
449.420013 7.280000 215.000015 0.157200
153.250000 487.290009 205.000000 -0.517200
360.320007 218.240005 135.000000 -0.393800
395.619995 29.740000 15.000001 -1.320600
155.990005 360.869995 205.000000 0.527100
149.710007 20.520000 65.000000 0.643400
351.149994 317.230011 45.000000 0.190200
15.230000 487.869965 225.000000 -0.354300
322.970001 454.979980 95.000000 -0.892700
190.830002 249.960022 225.000000 0.551300
322.970001 454.979980 15.000001 0.774800
87.879997 274.649994 165.000000 1.219800
153.250000 487.290009 195.000000 -0.456000
125.440002 312.079987 35.000000 0.371000
90.820000 436.950012 25.000000 0.999700
254.429977 472.820007 125.000000 -0.657700
153.250000 487.290009 65.000000 0.036400
346.649994 423.839996 125.000000 -0.662600
401.970001 486.839996 115.000000 -0.747900
148.389999 16.129999 45.000000 0.095500
298.269989 94.169998 25.000000 -0.012000
265.890015 249.910004 175.000000 0.839000
301.489990 273.140015 225.000000 0.531200
432.929993 319.820007 145.000000 -0.632000
56.240005 285.160004 185.000000 1.002200
360.170013 137.669998 85.000000 -0.264200
110.449997 318.959991 155.000000 0.693600
365.730011 403.760010 45.000000 0.146900
326.859985 294.880005 155.000000 -0.577500
90.820000 436.950012 165.000000 0.278200
453.849976 194.809998 85.000000 0.784700
451.160004 411.480011 205.000000 0.655200
400.339996 251.389999 25.000000 0.408300
451.160004 411.480011 85.000000 -0.538800
257.549988 341.380005 95.000000 -0.700700
62.029999 312.450012 125.000000 1.356600
300.089996 259.239990 185.000000 0.532500
39.540001 330.609985 15.000001 0.382900
369.950012 384.730011 45.000000 0.132700
110.339996 469.959961 145.000000 -0.384800
469.350006 191.869995 85.000000 1.078400
318.250000 429.989990 75.000000 -0.566700
326.859985 294.880005 75.000000 -0.246900
241.470001 68.970001 85.000000 0.942100
469.350006 191.869995 215.000015 0.443200
190.830002 249.960022 195.000000 0.761700
36.660000 376.950012 185.000000 1.284900
351.989990 427.250000 165.000000 0.289800
110.339996 469.959961 85.000000 -0.424200
110.339996 469.959961 55.000000 0.355800
313.820007 301.010010 85.000000 -0.493200
190.830002 249.960022 65.000000 0.946200
10.750000 436.549988 215.000015 0.578600
135.559998 23.230000 25.000000 -0.646100
351.989990 427.250000 135.000000 -0.201100
87.070000 482.109985 205.000000 -0.004700
451.160004 411.480011 75.000000 -0.710400
87.070000 482.109985 225.000000 -0.190300
432.929993 319.820007 165.000000 -0.557400
432.929993 319.820007 104.999992 -0.524700
241.470001 68.970001 75.000000 0.639700
177.470001 28.440002 15.000001 -0.466200
418.980042 132.100006 115.000000 0.141500
401.970001 486.839996 225.000000 0.637800
401.970001 486.839996 245.000000 1.061000
494.790039 48.910000 145.000000 0.434800
422.380005 473.869995 25.000000 -0.615600
259.609985 410.989990 175.000000 -0.496300
298.269989 94.169998 45.000000 -0.014100
177.470001 28.440002 215.000015 0.173300
157.669998 258.649994 175.000000 0.923500
177.470001 28.440002 195.000000 0.284800
118.160011 475.640015 75.000000 0.064400
15.230000 487.869965 165.000000 -0.073200
365.730011 403.760010 85.000000 -0.745700
21.549999 94.790001 165.000000 0.346500
44.119999 165.649994 95.000000 2.347500
126.960007 469.989960 115.000000 -0.764300
442.040009 436.390015 175.000000 0.232700
190.830002 249.960022 45.000000 0.920600
494.790039 48.910000 234.999985 0.370600
190.830002 249.960022 175.000000 0.941000
475.950012 28.810001 75.000000 0.385100
469.350006 191.869995 15.000001 0.778700
164.960007 162.529999 234.999985 -0.056600
149.710007 20.520000 195.000000 0.373600
422.380005 473.869995 135.000000 -0.126700
75.480003 447.730011 85.000000 0.029300
106.320000 324.380005 85.000000 0.397500
474.270020 286.970001 55.000000 0.362700
110.339996 469.959961 115.000000 -0.473600
401.970001 486.839996 35.000000 -0.420000
351.149994 317.230011 195.000000 -0.018700
78.150002 435.610016 165.000000 0.527500
15.230000 487.869965 85.000000 0.457100
90.820000 436.950012 115.000000 -0.105000
360.320007 218.240005 25.000000 0.782400
153.250000 487.290009 185.000000 -0.343900
130.139999 391.570007 95.000000 -0.901900
360.320007 218.240005 104.999992 -0.208000
298.269989 94.169998 135.000000 -0.018700
360.320007 218.240005 225.000000 1.226500
124.059998 227.130005 195.000000 0.555400
56.240005 285.160004 205.000000 0.584800
300.089996 259.239990 175.000000 0.274200
10.750000 436.549988 95.000000 0.696100
190.830002 249.960022 75.000000 0.885600
21.549999 94.790001 205.000000 -0.109700
378.690002 301.320007 175.000000 -0.553200
301.489990 273.140015 175.000000 0.101100
453.849976 194.809998 145.000000 -0.183000
18.750000 492.299988 55.000000 0.858200
121.070007 192.259995 175.000000 1.074400
90.820000 436.950012 205.000000 0.471700
75.480003 447.730011 55.000000 0.420700
494.790039 48.910000 75.000000 1.232400
365.730011 403.760010 155.000000 0.283100
241.470001 68.970001 165.000000 0.161700
351.149994 317.230011 245.000000 -0.239200
313.820007 301.010010 65.000000 0.031300
362.690002 176.309998 75.000000 -0.062300
125.440002 312.079987 145.000000 0.584100
351.989990 427.250000 205.000000 -0.088500
362.690002 176.309998 185.000000 0.900000
118.160011 475.640015 35.000000 0.840000
355.769989 359.440002 234.999985 -0.242000
442.040009 436.390015 95.000000 -0.562700
8.950000 60.600002 25.000000 1.525700
428.800018 332.540009 185.000000 -0.178200
365.730011 403.760010 195.000000 0.223000
15.230000 487.869965 35.000000 1.096700
351.989990 427.250000 155.000000 0.344500
322.970001 454.979980 104.999992 -0.777700
259.609985 410.989990 15.000001 1.172000
494.790039 48.910000 215.000015 0.532500
233.159988 273.779999 95.000000 0.109900
395.619995 29.740000 25.000000 -1.409200
213.610001 335.230011 85.000000 -0.403600
412.209991 59.169994 35.000000 -0.668200
360.170013 137.669998 35.000000 0.091000
135.559998 23.230000 65.000000 0.806400
412.209991 59.169994 215.000015 1.151700
233.159988 273.779999 75.000000 0.156600
305.200012 98.620003 45.000000 -0.003800
259.609985 410.989990 135.000000 -0.618400
75.480003 447.730011 225.000000 0.139400
265.890015 249.910004 145.000000 0.403900
118.160011 475.640015 15.000001 1.055400
75.480003 447.730011 205.000000 0.491300
378.690002 301.320007 165.000000 -0.581500
451.160004 411.480011 95.000000 -0.504600
124.059998 227.130005 15.000001 0.894200
449.420013 7.280000 104.999992 -0.279300
127.139999 327.489990 245.000000 -0.079000
190.830002 249.960022 115.000000 1.086400
351.989990 427.250000 125.000000 -0.474600
135.559998 23.230000 165.000000 0.840500
303.149994 321.829987 234.999985 -0.005900
177.470001 28.440002 35.000000 -0.092800
148.389999 16.129999 155.000000 1.180000
351.989990 427.250000 225.000000 -0.118200
301.489990 273.140015 245.000000 0.377900
422.380005 473.869995 115.000000 -0.739100
44.119999 165.649994 234.999985 -0.250500
321.350006 295.559998 195.000000 0.189500
365.730011 403.760010 55.000000 -0.231700
8.950000 60.600002 185.000000 0.062100
155.990005 360.869995 225.000000 0.390500
469.350006 191.869995 175.000000 -0.056900
130.139999 391.570007 104.999992 -0.823600
321.350006 295.559998 185.000000 0.269600
157.669998 258.649994 55.000000 1.239500
418.980042 132.100006 25.000000 -0.299800
21.549999 94.790001 115.000000 1.854800
136.740005 121.040001 155.000000 1.624200
401.970001 486.839996 85.000000 -0.921700
29.600000 454.640015 85.000000 0.539000
494.790039 48.910000 65.000000 1.021600
494.790039 48.910000 15.000001 -0.522300
157.669998 258.649994 85.000000 1.213700
127.139999 327.489990 104.999992 0.278400
365.730011 403.760010 145.000000 -0.003400
78.150002 435.610016 135.000000 0.211200
401.970001 486.839996 215.000015 0.249900
428.800018 332.540009 145.000000 -0.366800
87.070000 482.109985 135.000000 -0.370800
110.339996 469.959961 135.000000 -0.491700
136.740005 121.040001 135.000000 2.087600
400.339996 251.389999 75.000000 0.082200
351.149994 317.230011 85.000000 -0.355800
346.649994 423.839996 135.000000 -0.467100
254.429977 472.820007 145.000000 -0.711300
233.159988 273.779999 185.000000 0.814600
303.149994 321.829987 195.000000 0.346300
8.950000 60.600002 165.000000 0.502200
474.270020 286.970001 205.000000 -0.404600
257.549988 341.380005 104.999992 -0.722100
148.389999 16.129999 35.000000 -0.264500
355.769989 359.440002 185.000000 -0.104900
305.200012 98.620003 35.000000 -0.037600
18.750000 492.299988 125.000000 -0.157100
177.470001 28.440002 55.000000 0.465900
442.040009 436.390015 145.000000 0.187200
278.220001 309.720001 165.000000 0.209600
397.839996 243.309998 125.000000 -0.653100
485.619965 287.269989 205.000000 -0.505700
494.790039 48.910000 45.000000 0.517900
157.669998 258.649994 195.000000 0.720400
110.449997 318.959991 205.000000 0.592000
490.339996 265.519989 145.000000 -0.773200
318.250000 429.989990 175.000000 -0.203600
124.059998 227.130005 75.000000 1.796200
36.660000 376.950012 95.000000 0.872100
326.859985 294.880005 225.000000 0.242900
24.240000 60.180004 195.000000 0.122100
21.549999 94.790001 185.000000 -0.038800
305.200012 98.620003 175.000000 0.361800
301.489990 273.140015 15.000001 1.464700
29.600000 454.640015 45.000000 1.162000
157.669998 258.649994 185.000000 0.754000
44.119999 165.649994 165.000000 1.252700
378.690002 301.320007 115.000000 -0.798400
322.970001 454.979980 85.000000 -0.541300
360.320007 218.240005 215.000015 1.023700
360.320007 218.240005 245.000000 1.384900
351.989990 427.250000 35.000000 0.287200
155.990005 360.869995 115.000000 -0.592700
278.220001 309.720001 104.999992 -0.412400
18.750000 492.299988 185.000000 -0.186900
110.449997 318.959991 125.000000 0.531800
10.750000 436.549988 185.000000 0.619100
8.950000 60.600002 175.000000 0.171000
125.440002 312.079987 125.000000 0.484400
428.800018 332.540009 25.000000 0.423200
15.230000 487.869965 45.000000 1.023300
265.890015 249.910004 135.000000 0.459400
475.950012 28.810001 205.000000 0.403400
351.989990 427.250000 145.000000 0.023300
305.200012 98.620003 95.000000 -0.159400
106.320000 324.380005 65.000000 0.276000
369.950012 384.730011 104.999992 -0.530500
442.040009 436.390015 205.000000 0.594800
378.690002 301.320007 15.000001 1.231100
326.859985 294.880005 35.000000 1.083100
124.059998 227.130005 185.000000 0.831500
422.380005 473.869995 145.000000 -0.065000
153.250000 487.290009 45.000000 0.504200
164.960007 162.529999 125.000000 2.202200
90.820000 436.950012 125.000000 -0.170000
326.859985 294.880005 185.000000 0.269600
15.230000 487.869965 245.000000 -0.540900
449.420013 7.280000 55.000000 -0.718700
474.270020 286.970001 15.000001 0.309900
135.559998 23.230000 185.000000 0.559700
121.070007 192.259995 104.999992 2.358700
36.660000 376.950012 234.999985 0.143400
62.029999 312.450012 104.999992 1.321300
241.470001 68.970001 15.000001 0.004700
241.470001 68.970001 35.000000 0.252500
233.159988 273.779999 25.000000 1.263600
326.859985 294.880005 245.000000 -0.072300
301.489990 273.140015 25.000000 1.223200
422.380005 473.869995 225.000000 0.737800
346.649994 423.839996 75.000000 -0.636900
110.449997 318.959991 185.000000 0.888200
10.750000 436.549988 35.000000 1.371300
127.139999 327.489990 125.000000 0.376200
126.960007 469.989960 215.000015 0.004500
360.170013 137.669998 65.000000 -0.247600
322.970001 454.979980 45.000000 -0.078700
442.040009 436.390015 185.000000 0.597500
148.389999 16.129999 65.000000 0.689500
451.160004 411.480011 145.000000 0.362400
136.740005 121.040001 245.000000 -0.013300
21.549999 94.790001 55.000000 1.558700
153.250000 487.290009 234.999985 -0.184500
326.859985 294.880005 55.000000 0.471200
418.980042 132.100006 135.000000 0.067800
313.820007 301.010010 35.000000 0.808700
118.160011 475.640015 65.000000 0.183500
365.730011 403.760010 205.000000 0.016400
326.859985 294.880005 85.000000 -0.311500
39.540001 330.609985 65.000000 1.096900
118.160011 475.640015 45.000000 0.785900
313.820007 301.010010 195.000000 0.295800
355.769989 359.440002 225.000000 0.000500
24.240000 60.180004 155.000000 0.692700
125.440002 312.079987 165.000000 0.695100
278.220001 309.720001 225.000000 0.509400
136.740005 121.040001 115.000000 2.112100
301.489990 273.140015 234.999985 0.496600
87.879997 274.649994 185.000000 0.811700
300.089996 259.239990 155.000000 -0.081900
118.160011 475.640015 85.000000 -0.217500
428.800018 332.540009 115.000000 -0.308500
369.950012 384.730011 195.000000 0.208000
126.960007 469.989960 195.000000 -0.210500
24.240000 60.180004 75.000000 1.369400
118.160011 475.640015 225.000000 -0.249200
485.619965 287.269989 185.000000 -0.636300
474.270020 286.970001 25.000000 0.523200
130.139999 391.570007 45.000000 -0.577000
428.800018 332.540009 245.000000 0.034400
475.950012 28.810001 25.000000 -1.099300
351.989990 427.250000 115.000000 -0.591800
451.160004 411.480011 45.000000 -0.536600
412.209991 59.169994 225.000000 1.287600
469.350006 191.869995 145.000000 -0.311000
428.800018 332.540009 45.000000 0.131400
400.339996 251.389999 175.000000 -0.585800
126.960007 469.989960 15.000001 0.716800
39.540001 330.609985 225.000000 0.753300
8.950000 60.600002 55.000000 1.524300
153.250000 487.290009 155.000000 -0.808400
87.879997 274.649994 215.000015 0.172500
153.250000 487.290009 145.000000 -0.819500
259.609985 410.989990 65.000000 -0.315500
474.270020 286.970001 155.000000 -0.728500
121.070007 192.259995 15.000001 0.896100
110.449997 318.959991 225.000000 0.304600
127.139999 327.489990 95.000000 0.335400
121.070007 192.259995 234.999985 -0.167400
121.070007 192.259995 225.000000 0.113900
135.559998 23.230000 225.000000 0.166600
313.820007 301.010010 185.000000 0.224500
135.559998 23.230000 245.000000 0.224500
369.950012 384.730011 145.000000 -0.283200
278.220001 309.720001 85.000000 -0.244300
298.269989 94.169998 245.000000 1.268600
355.769989 359.440002 45.000000 0.247800
118.160011 475.640015 25.000000 0.909100
360.320007 218.240005 75.000000 -0.108300
397.839996 243.309998 15.000001 0.629700
106.320000 324.380005 15.000001 0.298900
157.669998 258.649994 35.000000 1.030900
155.990005 360.869995 25.000000 -0.070600
395.619995 29.740000 225.000000 0.568400
422.380005 473.869995 75.000000 -0.735500
418.980042 132.100006 125.000000 0.023300
39.540001 330.609985 175.000000 1.397900
29.600000 454.640015 65.000000 0.664500
56.240005 285.160004 35.000000 0.805900
110.339996 469.959961 155.000000 -0.161500
442.040009 436.390015 155.000000 0.606700
135.559998 23.230000 195.000000 0.351200
303.149994 321.829987 85.000000 -0.415100
15.230000 487.869965 15.000001 1.400200
401.970001 486.839996 15.000001 -0.317200
259.609985 410.989990 115.000000 -1.075800
241.470001 68.970001 55.000000 0.424300
56.240005 285.160004 115.000000 2.052200
36.660000 376.950012 215.000015 0.770700
149.710007 20.520000 15.000001 -0.770400
135.559998 23.230000 104.999992 1.716200
241.470001 68.970001 95.000000 0.951800
110.449997 318.959991 145.000000 0.594100
254.429977 472.820007 245.000000 -0.663400
300.089996 259.239990 35.000000 1.121600
279.510010 102.050003 135.000000 0.526500
56.240005 285.160004 165.000000 1.399900
18.750000 492.299988 35.000000 1.235700
87.879997 274.649994 145.000000 1.278900
149.710007 20.520000 245.000000 0.042700
442.040009 436.390015 225.000000 0.867200
449.420013 7.280000 135.000000 -0.249000
125.440002 312.079987 95.000000 0.410000
56.240005 285.160004 145.000000 1.817000
127.139999 327.489990 225.000000 0.339300
8.950000 60.600002 125.000000 1.330500
62.029999 312.450012 234.999985 0.089800
418.980042 132.100006 145.000000 0.091000
318.250000 429.989990 185.000000 -0.292400
451.160004 411.480011 25.000000 -0.487600
87.070000 482.109985 155.000000 -0.122000
265.890015 249.910004 225.000000 0.792800
177.470001 28.440002 234.999985 -0.019400
124.059998 227.130005 245.000000 -0.264400
301.489990 273.140015 185.000000 0.350200
124.059998 227.130005 25.000000 1.100400
313.820007 301.010010 15.000001 1.647800
155.990005 360.869995 215.000015 0.621600
369.950012 384.730011 135.000000 -0.445300
164.960007 162.529999 145.000000 2.295800
126.960007 469.989960 205.000000 0.184000
469.350006 191.869995 234.999985 0.784400
257.549988 341.380005 65.000000 -0.237900
351.989990 427.250000 175.000000 0.076200
15.230000 487.869965 234.999985 -0.361700
305.200012 98.620003 225.000000 1.286400
422.380005 473.869995 215.000015 0.531100
490.339996 265.519989 65.000000 0.514100
301.489990 273.140015 145.000000 -0.468800
257.549988 341.380005 115.000000 -0.721100
136.740005 121.040001 234.999985 -0.033300
127.139999 327.489990 65.000000 -0.042300
378.690002 301.320007 215.000015 -0.209900
494.790039 48.910000 185.000000 0.534900
125.440002 312.079987 185.000000 0.804000
87.879997 274.649994 155.000000 1.142400
75.480003 447.730011 245.000000 -0.102500
278.220001 309.720001 175.000000 0.362900
397.839996 243.309998 215.000015 0.389000
157.669998 258.649994 65.000000 1.111800
474.270020 286.970001 104.999992 -0.389600
313.820007 301.010010 135.000000 -0.814400
442.040009 436.390015 215.000015 0.728400
395.619995 29.740000 234.999985 0.657300
148.389999 16.129999 205.000000 0.354300
257.549988 341.380005 225.000000 0.388100
351.149994 317.230011 115.000000 -0.957300
87.070000 482.109985 104.999992 -0.059300
395.619995 29.740000 125.000000 -0.684800
369.950012 384.730011 175.000000 0.098300
148.389999 16.129999 25.000000 -0.549400
87.879997 274.649994 234.999985 -0.089200
164.960007 162.529999 85.000000 1.651000
301.489990 273.140015 195.000000 0.406500
125.440002 312.079987 65.000000 0.236500
313.820007 301.010010 25.000000 1.303100
153.250000 487.290009 25.000000 0.675600
298.269989 94.169998 95.000000 -0.045900
110.339996 469.959961 45.000000 0.516100
44.119999 165.649994 175.000000 1.069400
136.740005 121.040001 125.000000 2.334900
157.669998 258.649994 205.000000 0.530100
136.740005 121.040001 65.000000 1.367400
318.250000 429.989990 35.000000 0.372700
475.950012 28.810001 245.000000 0.494900
62.029999 312.450012 95.000000 1.200300
318.250000 429.989990 45.000000 0.277000
485.619965 287.269989 95.000000 0.024500
124.059998 227.130005 55.000000 1.502500
351.989990 427.250000 55.000000 -0.205500
110.339996 469.959961 195.000000 0.166800
125.440002 312.079987 135.000000 0.517400
75.480003 447.730011 215.000015 0.365900
106.320000 324.380005 175.000000 0.832900
485.619965 287.269989 145.000000 -0.766700
78.150002 435.610016 25.000000 0.948900
490.339996 265.519989 35.000000 0.384000
127.139999 327.489990 185.000000 0.817300
241.470001 68.970001 155.000000 0.416000
121.070007 192.259995 215.000015 0.476000
127.139999 327.489990 165.000000 0.642600
453.849976 194.809998 104.999992 0.639100
326.859985 294.880005 135.000000 -0.525600
106.320000 324.380005 95.000000 0.407200
259.609985 410.989990 85.000000 -0.999600
118.160011 475.640015 205.000000 -0.190900
305.200012 98.620003 185.000000 0.228700
121.070007 192.259995 25.000000 0.896600
400.339996 251.389999 15.000001 0.494100
44.119999 165.649994 104.999992 2.355400
213.610001 335.230011 35.000000 0.458000
451.160004 411.480011 125.000000 0.000100
397.839996 243.309998 65.000000 0.075400
442.040009 436.390015 15.000001 -0.360100
164.960007 162.529999 35.000000 0.603800
90.820000 436.950012 55.000000 0.041000
485.619965 287.269989 75.000000 0.041800
303.149994 321.829987 45.000000 0.617000
213.610001 335.230011 185.000000 0.600700
149.710007 20.520000 75.000000 0.984400
322.970001 454.979980 115.000000 -1.008600
136.740005 121.040001 185.000000 0.739000
8.950000 60.600002 215.000015 -0.410800
412.209991 59.169994 75.000000 -0.331700
8.950000 60.600002 234.999985 -0.404300
362.690002 176.309998 95.000000 -0.031300
87.879997 274.649994 15.000001 0.665400
