pygeostat_saved_data
4
X
Y
Z
value
485.619965 287.269989 85.000000 0.089000
326.859985 294.880005 95.000000 -0.698900
36.660000 376.950012 65.000000 0.924800
29.600000 454.640015 225.000000 0.074900
322.970001 454.979980 234.999985 -0.272000
321.350006 295.559998 185.000000 0.269600
451.160004 411.480011 25.000000 -0.487600
90.820000 436.950012 75.000000 0.018600
378.690002 301.320007 65.000000 -0.277700
322.970001 454.979980 205.000000 -0.617600
153.250000 487.290009 115.000000 -0.706800
301.489990 273.140015 185.000000 0.350200
87.070000 482.109985 155.000000 -0.122000
303.149994 321.829987 215.000015 0.252600
326.859985 294.880005 234.999985 0.341700
451.160004 411.480011 205.000000 0.655200
259.609985 410.989990 135.000000 -0.618400
475.950012 28.810001 115.000000 0.136400
127.139999 327.489990 15.000001 0.252200
494.790039 48.910000 234.999985 0.370600
494.790039 48.910000 75.000000 1.232400
24.240000 60.180004 75.000000 1.369400
157.669998 258.649994 45.000000 1.009300
400.339996 251.389999 55.000000 0.235000
360.170013 137.669998 225.000000 2.016500
90.820000 436.950012 155.000000 -0.033600
56.240005 285.160004 85.000000 1.546400
432.929993 319.820007 35.000000 0.418200
365.730011 403.760010 25.000000 0.566200
39.540001 330.609985 15.000001 0.382900
121.070007 192.259995 85.000000 2.068200
360.170013 137.669998 135.000000 -0.049200
157.669998 258.649994 145.000000 0.977700
106.320000 324.380005 225.000000 0.369800
428.800018 332.540009 95.000000 -0.441600
127.139999 327.489990 55.000000 0.193900
257.549988 341.380005 125.000000 -0.510200
126.960007 469.989960 185.000000 -0.170300
124.059998 227.130005 15.000001 0.894200
106.320000 324.380005 115.000000 0.549600
474.270020 286.970001 195.000000 -0.515500
369.950012 384.730011 195.000000 0.208000
257.549988 341.380005 15.000001 1.501600
490.339996 265.519989 15.000001 0.414200
106.320000 324.380005 234.999985 0.215700
278.220001 309.720001 195.000000 0.589800
469.350006 191.869995 45.000000 1.210200
241.470001 68.970001 215.000015 0.023000
130.139999 391.570007 104.999992 -0.823600
432.929993 319.820007 225.000000 -0.239000
313.820007 301.010010 125.000000 -0.721900
136.740005 121.040001 95.000000 2.077200
87.879997 274.649994 155.000000 1.142400
321.350006 295.559998 104.999992 -0.462700
449.420013 7.280000 55.000000 -0.718700
321.350006 295.559998 75.000000 -0.246900
265.890015 249.910004 165.000000 0.455900
157.669998 258.649994 225.000000 0.449600
125.440002 312.079987 165.000000 0.695100
301.489990 273.140015 115.000000 -0.348200
442.040009 436.390015 65.000000 -0.689700
125.440002 312.079987 145.000000 0.584100
259.609985 410.989990 245.000000 -0.480100
474.270020 286.970001 104.999992 -0.389600
21.549999 94.790001 85.000000 1.728400
301.489990 273.140015 35.000000 1.177700
130.139999 391.570007 245.000000 0.146800
318.250000 429.989990 135.000000 -0.636400
494.790039 48.910000 225.000000 0.348800
303.149994 321.829987 15.000001 1.740500
322.970001 454.979980 55.000000 -0.272800
313.820007 301.010010 135.000000 -0.814400
164.960007 162.529999 95.000000 2.127200
442.040009 436.390015 175.000000 0.232700
362.690002 176.309998 95.000000 -0.031300
90.820000 436.950012 15.000001 1.041100
164.960007 162.529999 25.000000 0.736300
346.649994 423.839996 75.000000 -0.636900
351.149994 317.230011 205.000000 0.213200
213.610001 335.230011 145.000000 -0.110700
87.879997 274.649994 215.000015 0.172500
485.619965 287.269989 185.000000 -0.636300
298.269989 94.169998 75.000000 -0.112400
360.170013 137.669998 165.000000 0.659600
153.250000 487.290009 185.000000 -0.343900
90.820000 436.950012 55.000000 0.041000
259.609985 410.989990 205.000000 -0.577100
153.250000 487.290009 155.000000 -0.808400
126.960007 469.989960 25.000000 0.815900
177.470001 28.440002 25.000000 -0.336500
126.960007 469.989960 104.999992 -0.695400
362.690002 176.309998 165.000000 0.548100
254.429977 472.820007 85.000000 -0.755500
90.820000 436.950012 104.999992 -0.303700
360.170013 137.669998 125.000000 -0.259900
164.960007 162.529999 215.000015 0.442500
469.350006 191.869995 115.000000 0.421200
21.549999 94.790001 175.000000 0.208200
360.170013 137.669998 215.000015 1.747400
15.230000 487.869965 234.999985 -0.361700
164.960007 162.529999 225.000000 0.289500
15.230000 487.869965 25.000000 1.333400
155.990005 360.869995 125.000000 -0.473800
322.970001 454.979980 125.000000 -0.629500
305.200012 98.620003 215.000015 1.001800
36.660000 376.950012 45.000000 0.772500
422.380005 473.869995 155.000000 -0.054100
395.619995 29.740000 125.000000 -0.684800
164.960007 162.529999 145.000000 2.295800
121.070007 192.259995 115.000000 2.557900
130.139999 391.570007 45.000000 -0.577000
400.339996 251.389999 225.000000 0.172100
322.970001 454.979980 145.000000 -0.373700
21.549999 94.790001 45.000000 1.646100
124.059998 227.130005 25.000000 1.100400
369.950012 384.730011 25.000000 0.736000
322.970001 454.979980 25.000000 0.361900
106.320000 324.380005 15.000001 0.298900
241.470001 68.970001 65.000000 0.698100
449.420013 7.280000 195.000000 0.171000
39.540001 330.609985 45.000000 0.826100
321.350006 295.559998 55.000000 0.471200
397.839996 243.309998 135.000000 -0.638700
56.240005 285.160004 195.000000 0.942600
24.240000 60.180004 215.000015 -0.173600
124.059998 227.130005 55.000000 1.502500
494.790039 48.910000 205.000000 0.476700
326.859985 294.880005 205.000000 0.106300
39.540001 330.609985 125.000000 1.772100
257.549988 341.380005 175.000000 0.206000
39.540001 330.609985 145.000000 1.739400
360.170013 137.669998 65.000000 -0.247600
305.200012 98.620003 234.999985 1.168800
326.859985 294.880005 165.000000 -0.459600
278.220001 309.720001 245.000000 0.414400
351.149994 317.230011 225.000000 0.220300
378.690002 301.320007 225.000000 -0.011200
15.230000 487.869965 45.000000 1.023300
177.470001 28.440002 165.000000 0.789300
378.690002 301.320007 205.000000 0.156000
136.740005 121.040001 145.000000 1.749000
126.960007 469.989960 175.000000 -0.155500
254.429977 472.820007 35.000000 0.463700
125.440002 312.079987 75.000000 0.187500
87.070000 482.109985 115.000000 -0.433700
305.200012 98.620003 205.000000 0.976300
428.800018 332.540009 65.000000 -0.181600
153.250000 487.290009 25.000000 0.675600
369.950012 384.730011 245.000000 -0.193200
303.149994 321.829987 225.000000 0.234300
164.960007 162.529999 75.000000 1.758300
121.070007 192.259995 45.000000 1.177700
257.549988 341.380005 95.000000 -0.700700
254.429977 472.820007 95.000000 -0.886200
469.350006 191.869995 225.000000 0.743200
362.690002 176.309998 185.000000 0.900000
10.750000 436.549988 195.000000 0.871700
24.240000 60.180004 234.999985 -0.222200
87.879997 274.649994 135.000000 1.643400
106.320000 324.380005 35.000000 0.427100
87.879997 274.649994 205.000000 0.294600
87.070000 482.109985 45.000000 0.973400
395.619995 29.740000 45.000000 -1.025800
110.339996 469.959961 195.000000 0.166800
369.950012 384.730011 85.000000 -0.659000
469.350006 191.869995 135.000000 -0.293800
326.859985 294.880005 225.000000 0.242900
125.440002 312.079987 45.000000 0.393300
360.170013 137.669998 85.000000 -0.264200
397.839996 243.309998 175.000000 -0.231600
303.149994 321.829987 115.000000 -0.860200
428.800018 332.540009 215.000015 -0.013400
90.820000 436.950012 95.000000 -0.237400
400.339996 251.389999 35.000000 0.416200
106.320000 324.380005 145.000000 0.604000
378.690002 301.320007 215.000015 -0.209900
157.669998 258.649994 75.000000 1.253800
10.750000 436.549988 115.000000 0.853500
121.070007 192.259995 25.000000 0.896600
298.269989 94.169998 185.000000 0.404200
265.890015 249.910004 155.000000 0.447900
259.609985 410.989990 165.000000 -0.319600
326.859985 294.880005 75.000000 -0.246900
442.040009 436.390015 165.000000 0.458500
39.540001 330.609985 35.000000 0.684700
298.269989 94.169998 165.000000 0.139000
130.139999 391.570007 115.000000 -0.590800
369.950012 384.730011 155.000000 0.109000
301.489990 273.140015 215.000015 0.569000
254.429977 472.820007 55.000000 0.110300
121.070007 192.259995 175.000000 1.074400
485.619965 287.269989 125.000000 -0.371900
442.040009 436.390015 85.000000 -0.716600
90.820000 436.950012 195.000000 0.617300
177.470001 28.440002 15.000001 -0.466200
110.449997 318.959991 15.000001 0.267000
87.070000 482.109985 185.000000 -0.083500
177.470001 28.440002 234.999985 -0.019400
259.609985 410.989990 104.999992 -0.958700
164.960007 162.529999 15.000001 0.688500
346.649994 423.839996 115.000000 -0.915800
15.230000 487.869965 155.000000 0.081000
36.660000 376.950012 195.000000 1.338600
313.820007 301.010010 145.000000 -0.744500
127.139999 327.489990 45.000000 0.197100
10.750000 436.549988 215.000015 0.578600
259.609985 410.989990 115.000000 -1.075800
395.619995 29.740000 95.000000 -0.702300
10.750000 436.549988 75.000000 0.838000
36.660000 376.950012 25.000000 0.845400
365.730011 403.760010 125.000000 -0.437600
136.740005 121.040001 65.000000 1.367400
400.339996 251.389999 195.000000 -0.052700
432.929993 319.820007 45.000000 0.287000
29.600000 454.640015 175.000000 0.495000
451.160004 411.480011 125.000000 0.000100
397.839996 243.309998 25.000000 0.386100
494.790039 48.910000 115.000000 0.810200
130.139999 391.570007 125.000000 -0.538600
451.160004 411.480011 55.000000 -0.699800
321.350006 295.559998 35.000000 1.083100
157.669998 258.649994 35.000000 1.030900
106.320000 324.380005 135.000000 0.576000
395.619995 29.740000 75.000000 -0.838000
474.270020 286.970001 225.000000 -0.232200
110.339996 469.959961 104.999992 -0.806000
241.470001 68.970001 195.000000 0.050800
136.740005 121.040001 75.000000 1.626500
442.040009 436.390015 115.000000 -0.205400
305.200012 98.620003 85.000000 -0.098200
318.250000 429.989990 155.000000 -0.401000
313.820007 301.010010 45.000000 0.612600
110.449997 318.959991 175.000000 0.818800
24.240000 60.180004 15.000001 1.145300
126.960007 469.989960 215.000015 0.004500
90.820000 436.950012 25.000000 0.999700
326.859985 294.880005 45.000000 0.751600
15.230000 487.869965 205.000000 -0.121800
346.649994 423.839996 175.000000 -0.183400
110.339996 469.959961 55.000000 0.355800
56.240005 285.160004 225.000000 0.104900
124.059998 227.130005 45.000000 1.319300
442.040009 436.390015 245.000000 1.292800
254.429977 472.820007 145.000000 -0.711300
87.070000 482.109985 104.999992 -0.059300
24.240000 60.180004 225.000000 -0.379900
400.339996 251.389999 234.999985 0.233800
485.619965 287.269989 115.000000 -0.252500
313.820007 301.010010 195.000000 0.295800
265.890015 249.910004 145.000000 0.403900
485.619965 287.269989 35.000000 0.615300
56.240005 285.160004 75.000000 1.511900
254.429977 472.820007 245.000000 -0.663400
257.549988 341.380005 65.000000 -0.237900
39.540001 330.609985 185.000000 1.269100
136.740005 121.040001 15.000001 0.159300
378.690002 301.320007 25.000000 0.894300
428.800018 332.540009 35.000000 0.263300
474.270020 286.970001 95.000000 -0.143900
313.820007 301.010010 15.000001 1.647800
432.929993 319.820007 245.000000 -0.002900
155.990005 360.869995 205.000000 0.527100
278.220001 309.720001 125.000000 -0.577000
322.970001 454.979980 45.000000 -0.078700
362.690002 176.309998 234.999985 1.733600
428.800018 332.540009 155.000000 -0.137400
157.669998 258.649994 165.000000 1.016100
360.320007 218.240005 104.999992 -0.208000
136.740005 121.040001 234.999985 -0.033300
469.350006 191.869995 55.000000 1.256500
369.950012 384.730011 175.000000 0.098300
360.320007 218.240005 185.000000 0.370200
494.790039 48.910000 175.000000 0.485900
326.859985 294.880005 55.000000 0.471200
213.610001 335.230011 195.000000 0.522000
318.250000 429.989990 185.000000 -0.292400
313.820007 301.010010 55.000000 0.281000
125.440002 312.079987 155.000000 0.581000
124.059998 227.130005 185.000000 0.831500
278.220001 309.720001 234.999985 0.497300
305.200012 98.620003 95.000000 -0.159400
400.339996 251.389999 205.000000 0.047300
369.950012 384.730011 165.000000 0.253000
125.440002 312.079987 234.999985 0.263200
346.649994 423.839996 125.000000 -0.662600
369.950012 384.730011 35.000000 0.585800
29.600000 454.640015 155.000000 0.327300
278.220001 309.720001 75.000000 0.150400
397.839996 243.309998 85.000000 -0.290700
346.649994 423.839996 95.000000 -0.749600
378.690002 301.320007 185.000000 -0.084400
397.839996 243.309998 205.000000 0.370400
326.859985 294.880005 65.000000 0.200900
318.250000 429.989990 225.000000 -0.381200
177.470001 28.440002 115.000000 1.507800
449.420013 7.280000 115.000000 -0.513800
87.879997 274.649994 75.000000 1.458500
360.320007 218.240005 215.000015 1.023700
36.660000 376.950012 185.000000 1.284900
126.960007 469.989960 35.000000 0.593100
124.059998 227.130005 234.999985 -0.118800
241.470001 68.970001 125.000000 0.840400
278.220001 309.720001 35.000000 0.985700
400.339996 251.389999 175.000000 -0.585800
432.929993 319.820007 205.000000 -0.175200
422.380005 473.869995 145.000000 -0.065000
124.059998 227.130005 135.000000 2.040000
125.440002 312.079987 175.000000 0.690900
360.320007 218.240005 65.000000 -0.095800
121.070007 192.259995 95.000000 2.249200
475.950012 28.810001 65.000000 0.350200
257.549988 341.380005 55.000000 0.078400
265.890015 249.910004 115.000000 0.356500
451.160004 411.480011 35.000000 -0.637400
254.429977 472.820007 45.000000 0.401700
155.990005 360.869995 115.000000 -0.592700
177.470001 28.440002 125.000000 1.447900
322.970001 454.979980 155.000000 -0.389900
110.339996 469.959961 35.000000 0.538900
369.950012 384.730011 15.000001 1.049600
474.270020 286.970001 145.000000 -0.842200
395.619995 29.740000 104.999992 -0.724800
449.420013 7.280000 35.000000 -1.287400
395.619995 29.740000 85.000000 -0.520900
254.429977 472.820007 155.000000 -0.526000
369.950012 384.730011 65.000000 -0.319500
24.240000 60.180004 245.000000 -0.223300
56.240005 285.160004 125.000000 1.963600
451.160004 411.480011 45.000000 -0.536600
494.790039 48.910000 35.000000 0.122900
494.790039 48.910000 165.000000 0.325100
257.549988 341.380005 35.000000 0.712600
127.139999 327.489990 145.000000 0.304000
360.170013 137.669998 115.000000 -0.496900
400.339996 251.389999 145.000000 -0.805500
126.960007 469.989960 55.000000 0.008600
490.339996 265.519989 225.000000 -0.352900
303.149994 321.829987 55.000000 0.248700
360.170013 137.669998 145.000000 0.063700
157.669998 258.649994 215.000015 0.504400
10.750000 436.549988 185.000000 0.619100
213.610001 335.230011 245.000000 0.368400
360.320007 218.240005 205.000000 0.906600
110.449997 318.959991 145.000000 0.594100
24.240000 60.180004 135.000000 1.237300
164.960007 162.529999 85.000000 1.651000
303.149994 321.829987 145.000000 -0.615300
90.820000 436.950012 185.000000 0.487000
36.660000 376.950012 125.000000 1.399200
422.380005 473.869995 245.000000 1.255800
318.250000 429.989990 45.000000 0.277000
432.929993 319.820007 25.000000 0.616000
395.619995 29.740000 55.000000 -0.795600
56.240005 285.160004 245.000000 -0.534000
442.040009 436.390015 35.000000 -0.474800
177.470001 28.440002 55.000000 0.465900
136.740005 121.040001 195.000000 0.567400
106.320000 324.380005 195.000000 0.737100
321.350006 295.559998 205.000000 0.106300
10.750000 436.549988 125.000000 0.673900
87.879997 274.649994 165.000000 1.219800
90.820000 436.950012 145.000000 -0.039900
36.660000 376.950012 175.000000 1.373500
56.240005 285.160004 25.000000 0.950200
305.200012 98.620003 135.000000 -0.064100
125.440002 312.079987 15.000001 0.188700
259.609985 410.989990 95.000000 -1.003700
164.960007 162.529999 45.000000 0.591000
400.339996 251.389999 95.000000 -0.428900
126.960007 469.989960 85.000000 -0.469600
36.660000 376.950012 104.999992 1.242600
177.470001 28.440002 95.000000 1.506500
432.929993 319.820007 195.000000 -0.403300
490.339996 265.519989 245.000000 0.003900
126.960007 469.989960 45.000000 0.408700
121.070007 192.259995 234.999985 -0.167400
124.059998 227.130005 115.000000 2.192500
164.960007 162.529999 175.000000 1.303100
157.669998 258.649994 185.000000 0.754000
155.990005 360.869995 185.000000 0.512300
451.160004 411.480011 245.000000 1.138200
36.660000 376.950012 95.000000 0.872100
305.200012 98.620003 155.000000 0.124300
351.149994 317.230011 175.000000 -0.387200
298.269989 94.169998 35.000000 0.011400
474.270020 286.970001 185.000000 -0.750100
110.449997 318.959991 95.000000 0.522100
155.990005 360.869995 245.000000 0.132400
254.429977 472.820007 65.000000 -0.276800
265.890015 249.910004 55.000000 1.051600
278.220001 309.720001 95.000000 -0.229900
259.609985 410.989990 75.000000 -0.515100
494.790039 48.910000 45.000000 0.517900
130.139999 391.570007 145.000000 -0.080100
449.420013 7.280000 185.000000 0.376500
10.750000 436.549988 205.000000 0.718900
257.549988 341.380005 185.000000 0.367200
369.950012 384.730011 115.000000 -0.555300
15.230000 487.869965 125.000000 -0.120400
360.320007 218.240005 165.000000 0.047700
21.549999 94.790001 145.000000 0.993100
449.420013 7.280000 15.000001 -1.742400
432.929993 319.820007 125.000000 -0.594000
278.220001 309.720001 145.000000 -0.164100
136.740005 121.040001 205.000000 0.432100
265.890015 249.910004 175.000000 0.839000
395.619995 29.740000 135.000000 -0.565300
490.339996 265.519989 75.000000 0.532700
322.970001 454.979980 85.000000 -0.541300
125.440002 312.079987 95.000000 0.410000
494.790039 48.910000 215.000015 0.532500
155.990005 360.869995 104.999992 -1.002700
278.220001 309.720001 65.000000 -0.012800
451.160004 411.480011 115.000000 -0.007200
153.250000 487.290009 245.000000 -0.238500
303.149994 321.829987 95.000000 -0.615700
360.320007 218.240005 245.000000 1.384900
254.429977 472.820007 125.000000 -0.657700
469.350006 191.869995 125.000000 0.064800
155.990005 360.869995 95.000000 -0.990600
259.609985 410.989990 125.000000 -0.988500
126.960007 469.989960 234.999985 0.020700
90.820000 436.950012 85.000000 -0.349500
305.200012 98.620003 225.000000 1.286400
153.250000 487.290009 175.000000 -0.683100
346.649994 423.839996 104.999992 -0.644900
321.350006 295.559998 125.000000 -0.689900
395.619995 29.740000 205.000000 0.564800
241.470001 68.970001 145.000000 0.641700
259.609985 410.989990 155.000000 -0.574900
318.250000 429.989990 205.000000 -0.424700
124.059998 227.130005 205.000000 0.443100
422.380005 473.869995 125.000000 -0.344600
21.549999 94.790001 15.000001 1.230700
106.320000 324.380005 25.000000 0.426800
318.250000 429.989990 35.000000 0.372700
313.820007 301.010010 225.000000 0.240500
360.170013 137.669998 155.000000 0.323400
164.960007 162.529999 205.000000 0.694600
318.250000 429.989990 25.000000 0.704500
87.070000 482.109985 55.000000 0.665700
157.669998 258.649994 104.999992 1.193100
265.890015 249.910004 75.000000 0.629500
400.339996 251.389999 125.000000 -0.732800
365.730011 403.760010 15.000001 0.779900
474.270020 286.970001 165.000000 -0.576800
469.350006 191.869995 185.000000 0.064100
305.200012 98.620003 65.000000 -0.206100
136.740005 121.040001 225.000000 0.083700
475.950012 28.810001 185.000000 0.400500
155.990005 360.869995 234.999985 0.399700
259.609985 410.989990 175.000000 -0.496300
121.070007 192.259995 15.000001 0.896100
322.970001 454.979980 15.000001 0.774800
157.669998 258.649994 175.000000 0.923500
257.549988 341.380005 45.000000 0.363900
369.950012 384.730011 135.000000 -0.445300
305.200012 98.620003 165.000000 0.314900
321.350006 295.559998 145.000000 -0.598800
21.549999 94.790001 185.000000 -0.038800
153.250000 487.290009 135.000000 -0.698800
321.350006 295.559998 165.000000 -0.459600
395.619995 29.740000 234.999985 0.657300
130.139999 391.570007 35.000000 -0.164800
241.470001 68.970001 55.000000 0.424300
153.250000 487.290009 145.000000 -0.819500
301.489990 273.140015 165.000000 -0.245200
451.160004 411.480011 155.000000 0.558900
39.540001 330.609985 195.000000 0.899100
87.070000 482.109985 35.000000 1.139200
124.059998 227.130005 145.000000 1.547200
15.230000 487.869965 115.000000 -0.067500
136.740005 121.040001 125.000000 2.334900
213.610001 335.230011 15.000001 1.096700
110.449997 318.959991 245.000000 -0.063000
121.070007 192.259995 35.000000 1.185100
87.879997 274.649994 15.000001 0.665400
442.040009 436.390015 185.000000 0.597500
322.970001 454.979980 75.000000 -0.839300
318.250000 429.989990 245.000000 -0.560100
351.149994 317.230011 25.000000 1.085000
442.040009 436.390015 104.999992 -0.297300
365.730011 403.760010 234.999985 -0.009800
318.250000 429.989990 165.000000 -0.297400
29.600000 454.640015 165.000000 0.550300
322.970001 454.979980 185.000000 -0.500300
303.149994 321.829987 185.000000 0.199700
124.059998 227.130005 104.999992 2.164701
278.220001 309.720001 45.000000 0.678500
360.170013 137.669998 75.000000 -0.136700
29.600000 454.640015 145.000000 0.388300
346.649994 423.839996 65.000000 -0.448900
442.040009 436.390015 145.000000 0.187200
428.800018 332.540009 225.000000 -0.077900
475.950012 28.810001 85.000000 0.767500
259.609985 410.989990 85.000000 -0.999600
15.230000 487.869965 225.000000 -0.354300
124.059998 227.130005 165.000000 1.180400
432.929993 319.820007 234.999985 -0.046900
90.820000 436.950012 125.000000 -0.170000
39.540001 330.609985 55.000000 0.984700
362.690002 176.309998 215.000015 1.621300
29.600000 454.640015 215.000015 0.250700
494.790039 48.910000 155.000000 0.336200
265.890015 249.910004 245.000000 0.828000
164.960007 162.529999 55.000000 1.036700
313.820007 301.010010 185.000000 0.224500
153.250000 487.290009 234.999985 -0.184500
87.879997 274.649994 185.000000 0.811700
164.960007 162.529999 155.000000 1.958600
278.220001 309.720001 205.000000 0.685300
475.950012 28.810001 135.000000 -0.134700
485.619965 287.269989 95.000000 0.024500
362.690002 176.309998 195.000000 1.374600
365.730011 403.760010 155.000000 0.283100
213.610001 335.230011 125.000000 -0.341200
369.950012 384.730011 45.000000 0.132700
318.250000 429.989990 65.000000 -0.566300
395.619995 29.740000 15.000001 -1.320600
346.649994 423.839996 55.000000 -0.145200
432.929993 319.820007 15.000001 0.609700
442.040009 436.390015 135.000000 -0.060400
125.440002 312.079987 225.000000 0.562200
475.950012 28.810001 35.000000 -0.510100
106.320000 324.380005 85.000000 0.397500
136.740005 121.040001 185.000000 0.739000
110.449997 318.959991 85.000000 0.578800
121.070007 192.259995 125.000000 2.360200
365.730011 403.760010 135.000000 -0.255900
362.690002 176.309998 25.000000 0.357300
351.149994 317.230011 45.000000 0.190200
136.740005 121.040001 85.000000 1.731900
369.950012 384.730011 234.999985 0.045800
485.619965 287.269989 205.000000 -0.505700
490.339996 265.519989 95.000000 0.151600
56.240005 285.160004 215.000015 0.399400
313.820007 301.010010 85.000000 -0.493200
265.890015 249.910004 215.000015 0.833900
155.990005 360.869995 195.000000 0.475500
241.470001 68.970001 225.000000 0.357600
360.320007 218.240005 115.000000 -0.464700
15.230000 487.869965 15.000001 1.400200
278.220001 309.720001 185.000000 0.546200
87.070000 482.109985 135.000000 -0.370800
298.269989 94.169998 104.999992 -0.073400
346.649994 423.839996 25.000000 0.587500
254.429977 472.820007 75.000000 -0.490800
475.950012 28.810001 165.000000 0.219500
10.750000 436.549988 145.000000 0.890200
422.380005 473.869995 104.999992 -0.812800
369.950012 384.730011 125.000000 -0.515800
56.240005 285.160004 135.000000 1.799000
106.320000 324.380005 65.000000 0.276000
127.139999 327.489990 75.000000 0.040200
298.269989 94.169998 55.000000 -0.045100
110.339996 469.959961 185.000000 -0.033900
56.240005 285.160004 35.000000 0.805900
110.449997 318.959991 225.000000 0.304600
395.619995 29.740000 225.000000 0.568400
321.350006 295.559998 15.000001 1.466300
351.149994 317.230011 65.000000 -0.169600
397.839996 243.309998 165.000000 -0.406900
21.549999 94.790001 125.000000 1.456600
442.040009 436.390015 225.000000 0.867200
397.839996 243.309998 185.000000 -0.191700
29.600000 454.640015 234.999985 -0.214200
126.960007 469.989960 125.000000 -0.610100
56.240005 285.160004 55.000000 1.223200
56.240005 285.160004 165.000000 1.399900
313.820007 301.010010 25.000000 1.303100
56.240005 285.160004 145.000000 1.817000
125.440002 312.079987 125.000000 0.484400
265.890015 249.910004 225.000000 0.792800
36.660000 376.950012 225.000000 0.722900
449.420013 7.280000 225.000000 0.540000
322.970001 454.979980 175.000000 -0.640600
346.649994 423.839996 165.000000 0.024200
87.070000 482.109985 125.000000 -0.055000
298.269989 94.169998 175.000000 0.396700
155.990005 360.869995 165.000000 -0.001600
10.750000 436.549988 85.000000 0.682500
36.660000 376.950012 155.000000 1.518500
313.820007 301.010010 115.000000 -0.696300
15.230000 487.869965 145.000000 -0.104100
213.610001 335.230011 165.000000 -0.042700
29.600000 454.640015 135.000000 0.374100
442.040009 436.390015 45.000000 -0.629300
346.649994 423.839996 145.000000 -0.286000
321.350006 295.559998 175.000000 -0.037900
29.600000 454.640015 95.000000 0.706700
110.449997 318.959991 234.999985 0.061000
130.139999 391.570007 165.000000 0.077800
136.740005 121.040001 35.000000 0.538200
475.950012 28.810001 145.000000 -0.047700
254.429977 472.820007 115.000000 -1.005500
21.549999 94.790001 65.000000 1.524300
121.070007 192.259995 104.999992 2.358700
346.649994 423.839996 35.000000 0.259700
397.839996 243.309998 35.000000 0.287200
346.649994 423.839996 195.000000 -0.210900
395.619995 29.740000 25.000000 -1.409200
301.489990 273.140015 75.000000 0.166200
397.839996 243.309998 45.000000 0.182800
127.139999 327.489990 85.000000 -0.048800
449.420013 7.280000 155.000000 -0.275500
422.380005 473.869995 135.000000 -0.126700
110.449997 318.959991 135.000000 0.576600
106.320000 324.380005 245.000000 -0.032900
298.269989 94.169998 25.000000 -0.012000
106.320000 324.380005 185.000000 0.828100
490.339996 265.519989 85.000000 0.242700
36.660000 376.950012 115.000000 1.424000
362.690002 176.309998 65.000000 0.081100
124.059998 227.130005 225.000000 -0.076900
39.540001 330.609985 65.000000 1.096900
127.139999 327.489990 35.000000 0.462100
265.890015 249.910004 135.000000 0.459400
164.960007 162.529999 234.999985 -0.056600
257.549988 341.380005 245.000000 0.157100
428.800018 332.540009 15.000001 0.592900
305.200012 98.620003 15.000001 0.020500
39.540001 330.609985 25.000000 0.713600
469.350006 191.869995 205.000000 0.428900
241.470001 68.970001 104.999992 0.825400
326.859985 294.880005 185.000000 0.269600
265.890015 249.910004 104.999992 0.287200
305.200012 98.620003 104.999992 -0.110100
56.240005 285.160004 65.000000 1.390200
303.149994 321.829987 65.000000 -0.229700
365.730011 403.760010 225.000000 0.007900
125.440002 312.079987 215.000015 0.380300
474.270020 286.970001 234.999985 -0.136400
301.489990 273.140015 104.999992 -0.373400
494.790039 48.910000 25.000000 -0.182600
451.160004 411.480011 135.000000 0.225500
110.339996 469.959961 85.000000 -0.424200
313.820007 301.010010 175.000000 -0.129300
87.879997 274.649994 195.000000 0.560800
130.139999 391.570007 75.000000 -0.922500
451.160004 411.480011 215.000015 0.610400
130.139999 391.570007 225.000000 0.391300
177.470001 28.440002 155.000000 0.890800
365.730011 403.760010 45.000000 0.146900
21.549999 94.790001 95.000000 1.754700
422.380005 473.869995 175.000000 0.320000
164.960007 162.529999 245.000000 -0.082700
442.040009 436.390015 215.000015 0.728400
10.750000 436.549988 234.999985 0.099900
90.820000 436.950012 45.000000 0.467200
87.070000 482.109985 225.000000 -0.190300
378.690002 301.320007 155.000000 -0.512600
157.669998 258.649994 95.000000 1.209900
451.160004 411.480011 104.999992 -0.382400
164.960007 162.529999 195.000000 0.661100
365.730011 403.760010 75.000000 -0.624800
153.250000 487.290009 225.000000 -0.394800
136.740005 121.040001 215.000015 0.332500
90.820000 436.950012 35.000000 0.713600
485.619965 287.269989 245.000000 -0.193900
432.929993 319.820007 75.000000 -0.174900
378.690002 301.320007 125.000000 -0.703600
106.320000 324.380005 55.000000 0.443900
485.619965 287.269989 25.000000 0.279400
428.800018 332.540009 175.000000 -0.247000
56.240005 285.160004 104.999992 1.647000
313.820007 301.010010 95.000000 -0.578800
136.740005 121.040001 165.000000 1.325600
369.950012 384.730011 205.000000 0.080900
106.320000 324.380005 175.000000 0.832900
362.690002 176.309998 145.000000 -0.014400
110.449997 318.959991 35.000000 0.386700
362.690002 176.309998 225.000000 1.902100
400.339996 251.389999 85.000000 -0.517000
110.449997 318.959991 65.000000 0.189900
124.059998 227.130005 195.000000 0.555400
442.040009 436.390015 125.000000 -0.063500
121.070007 192.259995 165.000000 1.506900
10.750000 436.549988 55.000000 1.064200
397.839996 243.309998 15.000001 0.629700
157.669998 258.649994 245.000000 0.114900
474.270020 286.970001 85.000000 -0.051400
110.449997 318.959991 75.000000 0.341700
155.990005 360.869995 55.000000 -0.661600
21.549999 94.790001 155.000000 0.829200
318.250000 429.989990 15.000001 1.013200
15.230000 487.869965 195.000000 0.010700
126.960007 469.989960 195.000000 -0.210500
241.470001 68.970001 115.000000 0.815000
29.600000 454.640015 245.000000 -0.325500
428.800018 332.540009 85.000000 -0.467200
278.220001 309.720001 175.000000 0.362900
15.230000 487.869965 135.000000 -0.202600
400.339996 251.389999 165.000000 -0.628400
153.250000 487.290009 205.000000 -0.517200
346.649994 423.839996 15.000001 0.613900
155.990005 360.869995 215.000015 0.621600
110.339996 469.959961 145.000000 -0.384800
257.549988 341.380005 25.000000 1.066200
449.420013 7.280000 95.000000 -0.261900
124.059998 227.130005 245.000000 -0.264400
39.540001 330.609985 215.000015 0.862700
56.240005 285.160004 95.000000 1.693400
442.040009 436.390015 195.000000 0.662200
301.489990 273.140015 145.000000 -0.468800
10.750000 436.549988 225.000000 0.186600
110.339996 469.959961 65.000000 -0.038000
36.660000 376.950012 215.000015 0.770700
24.240000 60.180004 165.000000 0.475800
56.240005 285.160004 185.000000 1.002200
153.250000 487.290009 55.000000 0.335800
110.339996 469.959961 125.000000 -0.468400
449.420013 7.280000 125.000000 -0.440300
106.320000 324.380005 215.000015 0.556200
469.350006 191.869995 104.999992 0.632800
87.879997 274.649994 95.000000 1.474300
360.320007 218.240005 175.000000 0.283200
36.660000 376.950012 55.000000 0.621100
157.669998 258.649994 135.000000 1.301500
157.669998 258.649994 195.000000 0.720400
490.339996 265.519989 104.999992 -0.179200
298.269989 94.169998 215.000015 0.941000
10.750000 436.549988 25.000000 1.445100
177.470001 28.440002 45.000000 0.126800
494.790039 48.910000 85.000000 1.061700
321.350006 295.559998 45.000000 0.751600
36.660000 376.950012 15.000001 0.900600
365.730011 403.760010 205.000000 0.016400
369.950012 384.730011 215.000015 0.105500
318.250000 429.989990 234.999985 -0.461800
21.549999 94.790001 104.999992 1.877000
474.270020 286.970001 215.000015 -0.335900
213.610001 335.230011 104.999992 -0.586000
259.609985 410.989990 45.000000 0.244300
110.339996 469.959961 25.000000 1.119400
360.320007 218.240005 45.000000 0.169200
395.619995 29.740000 185.000000 0.077100
494.790039 48.910000 145.000000 0.434800
213.610001 335.230011 65.000000 -0.352300
298.269989 94.169998 95.000000 -0.045900
322.970001 454.979980 95.000000 -0.892700
321.350006 295.559998 135.000000 -0.525600
278.220001 309.720001 225.000000 0.509400
301.489990 273.140015 225.000000 0.531200
157.669998 258.649994 55.000000 1.239500
164.960007 162.529999 65.000000 1.147200
257.549988 341.380005 135.000000 -0.425000
15.230000 487.869965 104.999992 0.192200
110.339996 469.959961 225.000000 -0.168300
15.230000 487.869965 55.000000 1.161800
318.250000 429.989990 125.000000 -0.760800
106.320000 324.380005 165.000000 0.888400
177.470001 28.440002 225.000000 0.249000
265.890015 249.910004 85.000000 0.200500
490.339996 265.519989 215.000015 -0.411500
106.320000 324.380005 75.000000 0.490300
305.200012 98.620003 115.000000 -0.385200
362.690002 176.309998 75.000000 -0.062300
365.730011 403.760010 175.000000 0.265100
378.690002 301.320007 115.000000 -0.798400
474.270020 286.970001 125.000000 -0.476600
110.449997 318.959991 104.999992 0.434200
490.339996 265.519989 35.000000 0.384000
257.549988 341.380005 155.000000 -0.044800
265.890015 249.910004 234.999985 0.993400
157.669998 258.649994 205.000000 0.530100
110.449997 318.959991 55.000000 0.396200
121.070007 192.259995 145.000000 1.864500
298.269989 94.169998 85.000000 0.049100
369.950012 384.730011 185.000000 -0.038600
177.470001 28.440002 75.000000 0.909100
485.619965 287.269989 215.000015 -0.316700
125.440002 312.079987 115.000000 0.490700
474.270020 286.970001 135.000000 -0.536500
422.380005 473.869995 215.000015 0.531100
362.690002 176.309998 55.000000 0.088000
259.609985 410.989990 25.000000 0.740500
351.149994 317.230011 215.000015 0.076400
360.170013 137.669998 25.000000 0.039800
298.269989 94.169998 205.000000 0.766500
124.059998 227.130005 125.000000 2.114400
298.269989 94.169998 234.999985 1.118700
362.690002 176.309998 245.000000 1.898300
87.070000 482.109985 25.000000 1.275500
278.220001 309.720001 165.000000 0.209600
130.139999 391.570007 25.000000 -0.003400
29.600000 454.640015 125.000000 0.447600
36.660000 376.950012 234.999985 0.143400
298.269989 94.169998 245.000000 1.268600
177.470001 28.440002 195.000000 0.284800
87.070000 482.109985 245.000000 -0.239200
241.470001 68.970001 25.000000 -0.005100
126.960007 469.989960 75.000000 -0.258500
378.690002 301.320007 85.000000 -0.636100
56.240005 285.160004 155.000000 1.667900
10.750000 436.549988 175.000000 0.776800
124.059998 227.130005 155.000000 1.705200
56.240005 285.160004 45.000000 1.197500
110.449997 318.959991 115.000000 0.741700
469.350006 191.869995 155.000000 -0.324100
362.690002 176.309998 85.000000 -0.116200
305.200012 98.620003 175.000000 0.361800
39.540001 330.609985 234.999985 0.389500
36.660000 376.950012 205.000000 1.141300
346.649994 423.839996 205.000000 -0.236100
157.669998 258.649994 234.999985 0.013800
155.990005 360.869995 85.000000 -0.992600
378.690002 301.320007 245.000000 -0.112800
322.970001 454.979980 35.000000 0.257200
126.960007 469.989960 95.000000 -0.549600
136.740005 121.040001 175.000000 0.889600
360.320007 218.240005 125.000000 -0.373500
378.690002 301.320007 35.000000 0.472500
127.139999 327.489990 185.000000 0.817300
257.549988 341.380005 145.000000 -0.319700
321.350006 295.559998 115.000000 -0.770300
474.270020 286.970001 65.000000 0.217700
428.800018 332.540009 195.000000 -0.135100
254.429977 472.820007 15.000001 1.156800
155.990005 360.869995 155.000000 -0.267300
322.970001 454.979980 115.000000 -1.008600
87.070000 482.109985 85.000000 0.191500
126.960007 469.989960 205.000000 0.184000
24.240000 60.180004 104.999992 1.716200
254.429977 472.820007 25.000000 0.739600
130.139999 391.570007 85.000000 -1.045000
110.339996 469.959961 215.000015 0.028200
451.160004 411.480011 175.000000 0.648000
449.420013 7.280000 85.000000 -0.148500
213.610001 335.230011 45.000000 0.166400
126.960007 469.989960 225.000000 -0.157900
469.350006 191.869995 145.000000 -0.311000
257.549988 341.380005 195.000000 0.718600
127.139999 327.489990 245.000000 -0.079000
313.820007 301.010010 35.000000 0.808700
432.929993 319.820007 135.000000 -0.376200
87.879997 274.649994 85.000000 1.407500
39.540001 330.609985 95.000000 1.494300
155.990005 360.869995 15.000001 0.251700
10.750000 436.549988 15.000001 1.170200
494.790039 48.910000 125.000000 0.571100
490.339996 265.519989 165.000000 -0.758700
153.250000 487.290009 65.000000 0.036400
29.600000 454.640015 75.000000 0.355000
432.929993 319.820007 215.000015 -0.183800
395.619995 29.740000 165.000000 -0.064300
36.660000 376.950012 75.000000 0.878200
130.139999 391.570007 55.000000 -0.780200
365.730011 403.760010 35.000000 0.339900
125.440002 312.079987 205.000000 0.744400
365.730011 403.760010 95.000000 -0.656100
126.960007 469.989960 135.000000 -0.700100
432.929993 319.820007 95.000000 -0.532400
87.879997 274.649994 25.000000 0.883000
87.070000 482.109985 15.000001 1.245400
422.380005 473.869995 185.000000 0.229300
451.160004 411.480011 145.000000 0.362400
110.449997 318.959991 45.000000 0.699900
29.600000 454.640015 205.000000 0.266900
474.270020 286.970001 155.000000 -0.728500
474.270020 286.970001 175.000000 -0.620400
278.220001 309.720001 135.000000 -0.454800
475.950012 28.810001 195.000000 0.372100
24.240000 60.180004 155.000000 0.692700
449.420013 7.280000 165.000000 0.216400
318.250000 429.989990 215.000015 -0.712500
475.950012 28.810001 45.000000 -0.317200
378.690002 301.320007 95.000000 -0.663800
494.790039 48.910000 135.000000 0.532000
136.740005 121.040001 155.000000 1.624200
125.440002 312.079987 185.000000 0.804000
87.070000 482.109985 175.000000 -0.092800
177.470001 28.440002 215.000015 0.173300
397.839996 243.309998 104.999992 -0.662400
259.609985 410.989990 55.000000 -0.368800
305.200012 98.620003 145.000000 -0.150600
397.839996 243.309998 245.000000 0.482300
360.170013 137.669998 175.000000 0.706300
278.220001 309.720001 15.000001 1.855200
130.139999 391.570007 65.000000 -1.066400
451.160004 411.480011 75.000000 -0.710400
485.619965 287.269989 175.000000 -0.723600
153.250000 487.290009 95.000000 -0.581800
322.970001 454.979980 245.000000 -0.168000
254.429977 472.820007 195.000000 -0.614800
278.220001 309.720001 25.000000 1.396400
87.879997 274.649994 245.000000 -0.405400
397.839996 243.309998 125.000000 -0.653100
15.230000 487.869965 95.000000 0.278200
241.470001 68.970001 95.000000 0.951800
432.929993 319.820007 104.999992 -0.524700
362.690002 176.309998 125.000000 -0.179700
24.240000 60.180004 55.000000 1.411800
485.619965 287.269989 145.000000 -0.766700
428.800018 332.540009 165.000000 -0.090000
125.440002 312.079987 25.000000 0.379200
29.600000 454.640015 85.000000 0.539000
318.250000 429.989990 95.000000 -0.888000
378.690002 301.320007 45.000000 0.414500
451.160004 411.480011 234.999985 1.118500
110.339996 469.959961 245.000000 0.089400
110.339996 469.959961 135.000000 -0.491700
326.859985 294.880005 115.000000 -0.770300
136.740005 121.040001 25.000000 0.234800
360.170013 137.669998 234.999985 2.078700
110.449997 318.959991 195.000000 0.761400
365.730011 403.760010 215.000015 -0.136600
136.740005 121.040001 45.000000 0.771800
305.200012 98.620003 185.000000 0.228700
395.619995 29.740000 175.000000 -0.013700
29.600000 454.640015 45.000000 1.162000
428.800018 332.540009 234.999985 0.139400
241.470001 68.970001 45.000000 0.175400
177.470001 28.440002 175.000000 0.814000
490.339996 265.519989 135.000000 -0.509100
360.320007 218.240005 234.999985 1.277800
422.380005 473.869995 45.000000 -0.504100
153.250000 487.290009 15.000001 0.764600
346.649994 423.839996 45.000000 -0.160300
136.740005 121.040001 104.999992 2.052000
305.200012 98.620003 125.000000 -0.243000
157.669998 258.649994 85.000000 1.213700
362.690002 176.309998 15.000001 0.411600
449.420013 7.280000 175.000000 0.122800
305.200012 98.620003 245.000000 1.290200
36.660000 376.950012 165.000000 1.590600
265.890015 249.910004 95.000000 0.252300
378.690002 301.320007 165.000000 -0.581500
21.549999 94.790001 225.000000 -0.233000
360.170013 137.669998 185.000000 1.348500
265.890015 249.910004 35.000000 1.260800
164.960007 162.529999 35.000000 0.603800
303.149994 321.829987 135.000000 -0.723700
303.149994 321.829987 205.000000 0.426200
110.339996 469.959961 175.000000 -0.094200
303.149994 321.829987 85.000000 -0.415100
428.800018 332.540009 205.000000 -0.093600
213.610001 335.230011 85.000000 -0.403600
177.470001 28.440002 185.000000 0.510100
157.669998 258.649994 65.000000 1.111800
428.800018 332.540009 45.000000 0.131400
177.470001 28.440002 245.000000 0.158900
485.619965 287.269989 15.000001 0.336500
326.859985 294.880005 25.000000 1.122300
36.660000 376.950012 145.000000 1.605500
213.610001 335.230011 135.000000 -0.331700
485.619965 287.269989 195.000000 -0.602700
428.800018 332.540009 104.999992 -0.383700
164.960007 162.529999 135.000000 2.176800
130.139999 391.570007 15.000001 0.058600
360.320007 218.240005 55.000000 0.093500
422.380005 473.869995 65.000000 -0.716800
301.489990 273.140015 234.999985 0.496600
10.750000 436.549988 155.000000 0.783100
449.420013 7.280000 135.000000 -0.249000
422.380005 473.869995 75.000000 -0.735500
241.470001 68.970001 15.000001 0.004700
127.139999 327.489990 205.000000 0.594200
301.489990 273.140015 245.000000 0.377900
21.549999 94.790001 115.000000 1.854800
213.610001 335.230011 115.000000 -0.384500
87.879997 274.649994 145.000000 1.278900
422.380005 473.869995 85.000000 -0.803800
475.950012 28.810001 125.000000 -0.009500
490.339996 265.519989 25.000000 0.564500
475.950012 28.810001 205.000000 0.403400
365.730011 403.760010 145.000000 -0.003400
322.970001 454.979980 215.000015 -0.425000
469.350006 191.869995 75.000000 1.217100
257.549988 341.380005 104.999992 -0.722100
110.339996 469.959961 115.000000 -0.473600
10.750000 436.549988 104.999992 0.834100
322.970001 454.979980 225.000000 -0.489300
10.750000 436.549988 95.000000 0.696100
259.609985 410.989990 195.000000 -0.140500
395.619995 29.740000 65.000000 -0.895200
110.339996 469.959961 95.000000 -0.466200
360.170013 137.669998 245.000000 1.977500
39.540001 330.609985 115.000000 1.910500
21.549999 94.790001 35.000000 1.522100
87.070000 482.109985 195.000000 -0.023700
257.549988 341.380005 225.000000 0.388100
10.750000 436.549988 45.000000 1.216500
298.269989 94.169998 45.000000 -0.014100
326.859985 294.880005 245.000000 -0.072300
485.619965 287.269989 135.000000 -0.340400
164.960007 162.529999 125.000000 2.202200
87.879997 274.649994 55.000000 1.201700
378.690002 301.320007 145.000000 -0.662300
257.549988 341.380005 85.000000 -0.579000
469.350006 191.869995 95.000000 0.815800
153.250000 487.290009 215.000015 -0.396000
39.540001 330.609985 205.000000 1.011300
124.059998 227.130005 95.000000 1.947100
125.440002 312.079987 245.000000 0.249600
257.549988 341.380005 215.000015 0.493900
322.970001 454.979980 135.000000 -0.408800
254.429977 472.820007 215.000015 -0.863300
305.200012 98.620003 25.000000 -0.107200
422.380005 473.869995 165.000000 0.207300
136.740005 121.040001 245.000000 -0.013300
21.549999 94.790001 195.000000 -0.159800
469.350006 191.869995 85.000000 1.078400
127.139999 327.489990 125.000000 0.376200
254.429977 472.820007 225.000000 -0.982000
494.790039 48.910000 15.000001 -0.522300
125.440002 312.079987 85.000000 0.231100
127.139999 327.489990 175.000000 0.957300
177.470001 28.440002 85.000000 1.248600
130.139999 391.570007 195.000000 0.387000
313.820007 301.010010 165.000000 -0.383500
241.470001 68.970001 75.000000 0.639700
369.950012 384.730011 145.000000 -0.283200
127.139999 327.489990 225.000000 0.339300
259.609985 410.989990 145.000000 -0.338500
351.149994 317.230011 195.000000 -0.018700
259.609985 410.989990 15.000001 1.172000
321.350006 295.559998 85.000000 -0.311500
213.610001 335.230011 175.000000 0.324100
449.420013 7.280000 25.000000 -1.238500
346.649994 423.839996 185.000000 -0.153800
127.139999 327.489990 104.999992 0.278400
121.070007 192.259995 75.000000 1.980000
365.730011 403.760010 55.000000 -0.231700
265.890015 249.910004 15.000001 1.383900
490.339996 265.519989 195.000000 -0.771800
428.800018 332.540009 185.000000 -0.178200
87.070000 482.109985 65.000000 0.572600
474.270020 286.970001 245.000000 0.014900
428.800018 332.540009 245.000000 0.034400
428.800018 332.540009 135.000000 -0.215900
265.890015 249.910004 65.000000 0.819000
400.339996 251.389999 75.000000 0.082200
90.820000 436.950012 245.000000 0.022600
15.230000 487.869965 85.000000 0.457100
127.139999 327.489990 65.000000 -0.042300
259.609985 410.989990 215.000015 -0.382700
254.429977 472.820007 175.000000 -0.621300
298.269989 94.169998 15.000001 0.063600
326.859985 294.880005 195.000000 0.189500
136.740005 121.040001 55.000000 1.139000
321.350006 295.559998 245.000000 -0.072300
24.240000 60.180004 195.000000 0.122100
24.240000 60.180004 205.000000 -0.200300
164.960007 162.529999 165.000000 1.447300
125.440002 312.079987 135.000000 0.517400
110.449997 318.959991 215.000015 0.488200
303.149994 321.829987 35.000000 0.971300
87.070000 482.109985 205.000000 -0.004700
29.600000 454.640015 35.000000 1.373400
259.609985 410.989990 185.000000 -0.445100
432.929993 319.820007 145.000000 -0.632000
303.149994 321.829987 104.999992 -0.668700
125.440002 312.079987 104.999992 0.558400
475.950012 28.810001 15.000001 -1.021100
177.470001 28.440002 205.000000 0.285700
15.230000 487.869965 245.000000 -0.540900
422.380005 473.869995 55.000000 -0.820600
153.250000 487.290009 165.000000 -0.733000
303.149994 321.829987 165.000000 -0.245100
322.970001 454.979980 195.000000 -0.431700
397.839996 243.309998 145.000000 -0.466700
360.170013 137.669998 195.000000 1.708600
87.879997 274.649994 234.999985 -0.089200
313.820007 301.010010 104.999992 -0.752100
490.339996 265.519989 115.000000 -0.321700
153.250000 487.290009 104.999992 -0.948700
241.470001 68.970001 175.000000 0.258300
110.339996 469.959961 205.000000 0.222500
322.970001 454.979980 65.000000 -0.498300
130.139999 391.570007 205.000000 0.439900
110.449997 318.959991 205.000000 0.592000
494.790039 48.910000 104.999992 1.071400
56.240005 285.160004 15.000001 0.141800
326.859985 294.880005 125.000000 -0.689900
378.690002 301.320007 175.000000 -0.553200
265.890015 249.910004 195.000000 0.870500
265.890015 249.910004 185.000000 0.744200
351.149994 317.230011 245.000000 -0.239200
29.600000 454.640015 25.000000 1.454300
15.230000 487.869965 75.000000 0.625800
153.250000 487.290009 195.000000 -0.456000
301.489990 273.140015 85.000000 -0.217600
301.489990 273.140015 205.000000 0.601800
110.449997 318.959991 125.000000 0.531800
469.350006 191.869995 65.000000 1.260500
469.350006 191.869995 245.000000 0.663000
110.449997 318.959991 165.000000 0.510000
400.339996 251.389999 115.000000 -0.622100
21.549999 94.790001 135.000000 1.479800
24.240000 60.180004 85.000000 1.506200
442.040009 436.390015 205.000000 0.594800
451.160004 411.480011 65.000000 -0.608000
451.160004 411.480011 225.000000 0.993200
213.610001 335.230011 155.000000 -0.136100
259.609985 410.989990 234.999985 -0.531100
442.040009 436.390015 95.000000 -0.562700
90.820000 436.950012 234.999985 0.075600
130.139999 391.570007 135.000000 -0.495300
395.619995 29.740000 35.000000 -1.410700
15.230000 487.869965 215.000015 -0.232900
301.489990 273.140015 65.000000 0.284200
15.230000 487.869965 175.000000 -0.146500
121.070007 192.259995 55.000000 1.540400
136.740005 121.040001 115.000000 2.112100
265.890015 249.910004 125.000000 0.296000
177.470001 28.440002 145.000000 1.103300
474.270020 286.970001 45.000000 0.432400
278.220001 309.720001 215.000015 0.740800
87.070000 482.109985 145.000000 -0.342300
24.240000 60.180004 145.000000 0.776800
87.879997 274.649994 225.000000 -0.005600
90.820000 436.950012 165.000000 0.278200
397.839996 243.309998 215.000015 0.389000
360.320007 218.240005 15.000001 0.629500
56.240005 285.160004 234.999985 -0.168000
395.619995 29.740000 145.000000 -0.574900
449.420013 7.280000 205.000000 0.261100
177.470001 28.440002 135.000000 1.453400
449.420013 7.280000 245.000000 0.446800
494.790039 48.910000 55.000000 0.909000
400.339996 251.389999 104.999992 -0.700600
475.950012 28.810001 175.000000 0.331200
87.879997 274.649994 115.000000 1.722700
127.139999 327.489990 165.000000 0.642600
318.250000 429.989990 55.000000 -0.240900
39.540001 330.609985 225.000000 0.753300
10.750000 436.549988 245.000000 -0.274400
400.339996 251.389999 185.000000 -0.351600
127.139999 327.489990 25.000000 0.113700
24.240000 60.180004 115.000000 1.350700
29.600000 454.640015 115.000000 0.470300
124.059998 227.130005 35.000000 1.149300
365.730011 403.760010 245.000000 0.089000
39.540001 330.609985 135.000000 1.706900
10.750000 436.549988 135.000000 0.901900
127.139999 327.489990 155.000000 0.358400
39.540001 330.609985 245.000000 0.110600
121.070007 192.259995 225.000000 0.113900
475.950012 28.810001 95.000000 0.320300
106.320000 324.380005 205.000000 0.614000
469.350006 191.869995 234.999985 0.784400
87.879997 274.649994 104.999992 1.812700
301.489990 273.140015 95.000000 -0.343500
10.750000 436.549988 165.000000 0.909900
346.649994 423.839996 245.000000 -0.175200
313.820007 301.010010 234.999985 0.209300
449.420013 7.280000 215.000015 0.157200
397.839996 243.309998 234.999985 0.534700
360.320007 218.240005 145.000000 -0.297800
90.820000 436.950012 225.000000 0.448500
241.470001 68.970001 155.000000 0.416000
15.230000 487.869965 65.000000 0.738500
303.149994 321.829987 155.000000 -0.462700
360.170013 137.669998 45.000000 0.086100
305.200012 98.620003 45.000000 -0.003800
90.820000 436.950012 175.000000 0.385000
213.610001 335.230011 35.000000 0.458000
360.170013 137.669998 35.000000 0.091000
475.950012 28.810001 225.000000 0.149500
24.240000 60.180004 35.000000 1.374100
432.929993 319.820007 115.000000 -0.637600
241.470001 68.970001 185.000000 0.195000
259.609985 410.989990 225.000000 -0.489100
110.339996 469.959961 45.000000 0.516100
351.149994 317.230011 234.999985 -0.067700
428.800018 332.540009 55.000000 0.051800
303.149994 321.829987 75.000000 -0.336300
257.549988 341.380005 234.999985 0.228500
346.649994 423.839996 234.999985 -0.037300
213.610001 335.230011 215.000015 0.779700
474.270020 286.970001 55.000000 0.362700
400.339996 251.389999 245.000000 0.203100
90.820000 436.950012 135.000000 -0.091900
422.380005 473.869995 234.999985 0.974600
301.489990 273.140015 15.000001 1.464700
451.160004 411.480011 85.000000 -0.538800
369.950012 384.730011 95.000000 -0.605700
313.820007 301.010010 205.000000 0.417900
36.660000 376.950012 245.000000 0.170800
29.600000 454.640015 185.000000 0.485700
21.549999 94.790001 205.000000 -0.109700
24.240000 60.180004 95.000000 1.709300
474.270020 286.970001 205.000000 -0.404600
155.990005 360.869995 135.000000 -0.337800
126.960007 469.989960 165.000000 -0.256100
24.240000 60.180004 125.000000 1.271000
24.240000 60.180004 45.000000 1.343500
322.970001 454.979980 104.999992 -0.777700
360.320007 218.240005 35.000000 0.463600
449.420013 7.280000 145.000000 -0.133200
321.350006 295.559998 215.000015 0.207900
326.859985 294.880005 175.000000 -0.037900
474.270020 286.970001 15.000001 0.309900
474.270020 286.970001 75.000000 0.173600
395.619995 29.740000 215.000015 0.603800
346.649994 423.839996 135.000000 -0.467100
365.730011 403.760010 65.000000 -0.338100
10.750000 436.549988 65.000000 0.894100
121.070007 192.259995 135.000000 2.226700
127.139999 327.489990 95.000000 0.335400
127.139999 327.489990 234.999985 0.403600
490.339996 265.519989 205.000000 -0.415500
126.960007 469.989960 65.000000 0.015700
29.600000 454.640015 15.000001 1.432200
395.619995 29.740000 195.000000 0.331600
422.380005 473.869995 15.000001 -0.489900
278.220001 309.720001 85.000000 -0.244300
301.489990 273.140015 135.000000 -0.494400
303.149994 321.829987 25.000000 1.332900
318.250000 429.989990 104.999992 -0.904000
474.270020 286.970001 25.000000 0.523200
432.929993 319.820007 85.000000 -0.122500
400.339996 251.389999 15.000001 0.494100
360.320007 218.240005 25.000000 0.782400
177.470001 28.440002 35.000000 -0.092800
451.160004 411.480011 195.000000 0.727800
153.250000 487.290009 125.000000 -0.744800
298.269989 94.169998 135.000000 -0.018700
301.489990 273.140015 155.000000 -0.192200
110.449997 318.959991 155.000000 0.693600
257.549988 341.380005 205.000000 0.401200
432.929993 319.820007 165.000000 -0.557400
155.990005 360.869995 35.000000 -0.308700
326.859985 294.880005 104.999992 -0.462700
351.149994 317.230011 115.000000 -0.957300
90.820000 436.950012 115.000000 -0.105000
318.250000 429.989990 115.000000 -0.754400
475.950012 28.810001 25.000000 -1.099300
326.859985 294.880005 135.000000 -0.525600
346.649994 423.839996 225.000000 -0.318700
378.690002 301.320007 104.999992 -0.799400
213.610001 335.230011 225.000000 0.442900
21.549999 94.790001 245.000000 0.027800
362.690002 176.309998 135.000000 -0.133400
127.139999 327.489990 195.000000 0.767900
313.820007 301.010010 75.000000 -0.144600
87.879997 274.649994 65.000000 1.342200
313.820007 301.010010 155.000000 -0.458400
321.350006 295.559998 195.000000 0.189500
485.619965 287.269989 234.999985 -0.081000
428.800018 332.540009 25.000000 0.423200
126.960007 469.989960 15.000001 0.716800
241.470001 68.970001 85.000000 0.942100
126.960007 469.989960 245.000000 -0.126500
213.610001 335.230011 95.000000 -0.564700
362.690002 176.309998 205.000000 1.750600
378.690002 301.320007 75.000000 -0.370100
305.200012 98.620003 195.000000 0.760900
