pygeostat_saved_data
4
X
Y
Z
value
127.139999 327.489990 104.999992 0.278400
355.769989 359.440002 25.000000 1.234800
8.950000 60.600002 15.000001 1.440400
360.320007 218.240005 85.000000 -0.164100
21.549999 94.790001 165.000000 0.346500
44.119999 165.649994 15.000001 0.742900
265.890015 249.910004 55.000000 1.051600
301.489990 273.140015 95.000000 -0.343500
422.380005 473.869995 225.000000 0.737800
490.339996 265.519989 85.000000 0.242700
44.119999 165.649994 145.000000 1.820600
351.149994 317.230011 125.000000 -1.070500
442.040009 436.390015 55.000000 -0.626300
300.089996 259.239990 75.000000 0.196200
418.980042 132.100006 75.000000 0.317300
110.449997 318.959991 75.000000 0.341700
321.350006 295.559998 245.000000 -0.072300
259.609985 410.989990 15.000001 1.172000
313.820007 301.010010 185.000000 0.224500
313.820007 301.010010 45.000000 0.612600
313.820007 301.010010 125.000000 -0.721900
254.429977 472.820007 215.000015 -0.863300
422.380005 473.869995 165.000000 0.207300
254.429977 472.820007 175.000000 -0.621300
449.420013 7.280000 215.000015 0.157200
56.240005 285.160004 75.000000 1.511900
278.220001 309.720001 85.000000 -0.244300
351.149994 317.230011 215.000015 0.076400
265.890015 249.910004 155.000000 0.447900
18.750000 492.299988 15.000001 1.237300
149.710007 20.520000 155.000000 1.274900
369.950012 384.730011 245.000000 -0.193200
8.950000 60.600002 175.000000 0.171000
298.269989 94.169998 234.999985 1.118700
494.790039 48.910000 85.000000 1.061700
257.549988 341.380005 125.000000 -0.510200
177.470001 28.440002 35.000000 -0.092800
87.070000 482.109985 95.000000 0.025300
153.250000 487.290009 195.000000 -0.456000
395.619995 29.740000 125.000000 -0.684800
233.159988 273.779999 135.000000 0.275200
362.690002 176.309998 215.000015 1.621300
213.610001 335.230011 125.000000 -0.341200
362.690002 176.309998 35.000000 0.315900
259.609985 410.989990 165.000000 -0.319600
369.950012 384.730011 165.000000 0.253000
56.240005 285.160004 104.999992 1.647000
153.250000 487.290009 104.999992 -0.948700
279.510010 102.050003 135.000000 0.526500
164.960007 162.529999 165.000000 1.447300
24.240000 60.180004 215.000015 -0.173600
485.619965 287.269989 95.000000 0.024500
155.990005 360.869995 45.000000 -0.236900
130.139999 391.570007 205.000000 0.439900
87.879997 274.649994 225.000000 -0.005600
126.960007 469.989960 195.000000 -0.210500
490.339996 265.519989 245.000000 0.003900
355.769989 359.440002 215.000015 -0.165000
257.549988 341.380005 115.000000 -0.721100
346.649994 423.839996 55.000000 -0.145200
153.250000 487.290009 35.000000 0.590700
378.690002 301.320007 35.000000 0.472500
124.059998 227.130005 125.000000 2.114400
149.710007 20.520000 85.000000 1.181300
355.769989 359.440002 205.000000 0.052600
124.059998 227.130005 115.000000 2.192500
149.710007 20.520000 125.000000 1.565100
136.740005 121.040001 175.000000 0.889600
351.989990 427.250000 155.000000 0.344500
346.649994 423.839996 155.000000 -0.051400
475.950012 28.810001 55.000000 -0.372500
15.230000 487.869965 115.000000 -0.067500
254.429977 472.820007 75.000000 -0.490800
321.350006 295.559998 35.000000 1.083100
164.960007 162.529999 175.000000 1.303100
449.420013 7.280000 155.000000 -0.275500
153.250000 487.290009 225.000000 -0.394800
164.960007 162.529999 104.999992 2.054801
428.800018 332.540009 175.000000 -0.247000
355.769989 359.440002 115.000000 -0.869400
494.790039 48.910000 45.000000 0.517900
155.990005 360.869995 185.000000 0.512300
130.139999 391.570007 104.999992 -0.823600
298.269989 94.169998 225.000000 0.894600
124.059998 227.130005 85.000000 1.992300
378.690002 301.320007 15.000001 1.231100
126.960007 469.989960 165.000000 -0.256100
148.389999 16.129999 35.000000 -0.264500
318.250000 429.989990 115.000000 -0.754400
300.089996 259.239990 115.000000 -0.056900
300.089996 259.239990 35.000000 1.121600
346.649994 423.839996 145.000000 -0.286000
326.859985 294.880005 165.000000 -0.459600
301.489990 273.140015 145.000000 -0.468800
326.859985 294.880005 125.000000 -0.689900
24.240000 60.180004 75.000000 1.369400
474.270020 286.970001 15.000001 0.309900
124.059998 227.130005 234.999985 -0.118800
395.619995 29.740000 205.000000 0.564800
449.420013 7.280000 195.000000 0.171000
279.510010 102.050003 165.000000 0.435400
149.710007 20.520000 234.999985 -0.069600
153.250000 487.290009 65.000000 0.036400
485.619965 287.269989 85.000000 0.089000
155.990005 360.869995 155.000000 -0.267300
106.320000 324.380005 165.000000 0.888400
475.950012 28.810001 185.000000 0.400500
10.750000 436.549988 234.999985 0.099900
90.820000 436.950012 225.000000 0.448500
130.139999 391.570007 35.000000 -0.164800
303.149994 321.829987 125.000000 -0.834100
190.830002 249.960022 125.000000 1.105200
110.339996 469.959961 155.000000 -0.161500
110.339996 469.959961 45.000000 0.516100
494.790039 48.910000 55.000000 0.909000
259.609985 410.989990 195.000000 -0.140500
87.070000 482.109985 125.000000 -0.055000
494.790039 48.910000 65.000000 1.021600
241.470001 68.970001 25.000000 -0.005100
56.240005 285.160004 175.000000 1.144100
494.790039 48.910000 195.000000 0.325500
36.660000 376.950012 35.000000 0.957900
313.820007 301.010010 25.000000 1.303100
118.160011 475.640015 215.000015 0.034200
318.250000 429.989990 95.000000 -0.888000
233.159988 273.779999 75.000000 0.156600
118.160011 475.640015 104.999992 -0.579800
118.160011 475.640015 75.000000 0.064400
318.250000 429.989990 135.000000 -0.636400
10.750000 436.549988 25.000000 1.445100
126.960007 469.989960 104.999992 -0.695400
121.070007 192.259995 65.000000 1.640200
148.389999 16.129999 185.000000 0.415500
259.609985 410.989990 225.000000 -0.489100
378.690002 301.320007 185.000000 -0.084400
126.960007 469.989960 205.000000 0.184000
257.549988 341.380005 175.000000 0.206000
21.549999 94.790001 205.000000 -0.109700
190.830002 249.960022 95.000000 0.986300
490.339996 265.519989 55.000000 0.500800
298.269989 94.169998 55.000000 -0.045100
155.990005 360.869995 234.999985 0.399700
8.950000 60.600002 95.000000 1.536500
155.990005 360.869995 95.000000 -0.990600
360.170013 137.669998 165.000000 0.659600
164.960007 162.529999 205.000000 0.694600
418.980042 132.100006 95.000000 0.374600
400.339996 251.389999 104.999992 -0.700600
18.750000 492.299988 145.000000 -0.208000
213.610001 335.230011 45.000000 0.166400
351.989990 427.250000 145.000000 0.023300
365.730011 403.760010 175.000000 0.265100
155.990005 360.869995 225.000000 0.390500
355.769989 359.440002 195.000000 -0.059800
326.859985 294.880005 225.000000 0.242900
418.980042 132.100006 35.000000 0.018500
213.610001 335.230011 115.000000 -0.384500
395.619995 29.740000 135.000000 -0.565300
298.269989 94.169998 175.000000 0.396700
190.830002 249.960022 155.000000 1.080300
21.549999 94.790001 25.000000 1.407400
346.649994 423.839996 75.000000 -0.636900
125.440002 312.079987 145.000000 0.584100
469.350006 191.869995 55.000000 1.256500
322.970001 454.979980 125.000000 -0.629500
401.970001 486.839996 175.000000 0.031700
254.429977 472.820007 35.000000 0.463700
360.320007 218.240005 104.999992 -0.208000
318.250000 429.989990 145.000000 -0.552700
351.149994 317.230011 155.000000 -0.793000
18.750000 492.299988 104.999992 0.108400
322.970001 454.979980 145.000000 -0.373700
126.960007 469.989960 35.000000 0.593100
121.070007 192.259995 45.000000 1.177700
190.830002 249.960022 25.000000 1.012000
321.350006 295.559998 225.000000 0.242900
155.990005 360.869995 85.000000 -0.992600
44.119999 165.649994 175.000000 1.069400
110.449997 318.959991 104.999992 0.434200
164.960007 162.529999 95.000000 2.127200
8.950000 60.600002 25.000000 1.525700
300.089996 259.239990 25.000000 1.147100
124.059998 227.130005 45.000000 1.319300
121.070007 192.259995 15.000001 0.896100
213.610001 335.230011 205.000000 0.623200
326.859985 294.880005 45.000000 0.751600
400.339996 251.389999 125.000000 -0.732800
449.420013 7.280000 165.000000 0.216400
56.240005 285.160004 15.000001 0.141800
259.609985 410.989990 95.000000 -1.003700
18.750000 492.299988 135.000000 -0.212800
44.119999 165.649994 245.000000 -0.177300
36.660000 376.950012 185.000000 1.284900
29.600000 454.640015 175.000000 0.495000
422.380005 473.869995 245.000000 1.255800
127.139999 327.489990 245.000000 -0.079000
44.119999 165.649994 65.000000 1.625700
78.150002 435.610016 45.000000 0.720500
422.380005 473.869995 95.000000 -0.895300
157.669998 258.649994 15.000001 1.027800
298.269989 94.169998 75.000000 -0.112400
157.669998 258.649994 135.000000 1.301500
24.240000 60.180004 85.000000 1.506200
395.619995 29.740000 225.000000 0.568400
10.750000 436.549988 125.000000 0.673900
148.389999 16.129999 215.000015 0.441300
106.320000 324.380005 104.999992 0.536500
87.879997 274.649994 15.000001 0.665400
110.339996 469.959961 234.999985 -0.108900
15.230000 487.869965 185.000000 -0.064200
254.429977 472.820007 25.000000 0.739600
10.750000 436.549988 245.000000 -0.274400
362.690002 176.309998 155.000000 0.314300
351.149994 317.230011 45.000000 0.190200
400.339996 251.389999 25.000000 0.408300
149.710007 20.520000 75.000000 0.984400
254.429977 472.820007 225.000000 -0.982000
418.980042 132.100006 165.000000 0.485300
369.950012 384.730011 195.000000 0.208000
149.710007 20.520000 165.000000 0.765600
322.970001 454.979980 25.000000 0.361900
321.350006 295.559998 15.000001 1.466300
305.200012 98.620003 215.000015 1.001800
15.230000 487.869965 145.000000 -0.104100
318.250000 429.989990 175.000000 -0.203600
490.339996 265.519989 15.000001 0.414200
346.649994 423.839996 85.000000 -0.868200
126.960007 469.989960 95.000000 -0.549600
36.660000 376.950012 104.999992 1.242600
351.989990 427.250000 205.000000 -0.088500
90.820000 436.950012 75.000000 0.018600
177.470001 28.440002 175.000000 0.814000
418.980042 132.100006 55.000000 0.543800
365.730011 403.760010 25.000000 0.566200
428.800018 332.540009 104.999992 -0.383700
301.489990 273.140015 234.999985 0.496600
15.230000 487.869965 225.000000 -0.354300
265.890015 249.910004 35.000000 1.260800
29.600000 454.640015 195.000000 0.132500
78.150002 435.610016 55.000000 0.528200
233.159988 273.779999 175.000000 0.799900
432.929993 319.820007 104.999992 -0.524700
351.149994 317.230011 95.000000 -0.674000
124.059998 227.130005 104.999992 2.164700
148.389999 16.129999 25.000000 -0.549400
369.950012 384.730011 145.000000 -0.283200
485.619965 287.269989 225.000000 -0.516000
318.250000 429.989990 75.000000 -0.566700
177.470001 28.440002 65.000000 0.709900
29.600000 454.640015 115.000000 0.470300
365.730011 403.760010 155.000000 0.283100
15.230000 487.869965 104.999992 0.192200
257.549988 341.380005 245.000000 0.157100
21.549999 94.790001 65.000000 1.524300
432.929993 319.820007 175.000000 -0.211100
87.879997 274.649994 45.000000 1.018800
432.929993 319.820007 245.000000 -0.002900
130.139999 391.570007 125.000000 -0.538600
265.890015 249.910004 185.000000 0.744200
125.440002 312.079987 104.999992 0.558400
303.149994 321.829987 185.000000 0.199700
125.440002 312.079987 205.000000 0.744400
298.269989 94.169998 155.000000 0.216100
401.970001 486.839996 185.000000 -0.029000
321.350006 295.559998 215.000015 0.207900
278.220001 309.720001 165.000000 0.209600
422.380005 473.869995 55.000000 -0.820600
259.609985 410.989990 234.999985 -0.531100
78.150002 435.610016 65.000000 0.194400
313.820007 301.010010 135.000000 -0.814400
300.089996 259.239990 165.000000 0.225400
126.960007 469.989960 45.000000 0.408700
8.950000 60.600002 225.000000 -0.240800
44.119999 165.649994 75.000000 1.864800
90.820000 436.950012 205.000000 0.471700
432.929993 319.820007 185.000000 -0.365300
360.320007 218.240005 15.000001 0.629500
254.429977 472.820007 95.000000 -0.886200
87.879997 274.649994 195.000000 0.560800
24.240000 60.180004 245.000000 -0.223300
10.750000 436.549988 75.000000 0.838000
149.710007 20.520000 205.000000 0.365700
369.950012 384.730011 225.000000 0.127100
213.610001 335.230011 85.000000 -0.403600
87.070000 482.109985 155.000000 -0.122000
110.339996 469.959961 15.000001 0.839700
153.250000 487.290009 175.000000 -0.683100
110.339996 469.959961 205.000000 0.222500
378.690002 301.320007 205.000000 0.156000
56.240005 285.160004 85.000000 1.546400
301.489990 273.140015 75.000000 0.166200
351.149994 317.230011 104.999992 -0.770800
418.980042 132.100006 85.000000 0.529500
87.879997 274.649994 135.000000 1.643400
136.740005 121.040001 125.000000 2.334900
36.660000 376.950012 95.000000 0.872100
56.240005 285.160004 115.000000 2.052200
401.970001 486.839996 225.000000 0.637800
265.890015 249.910004 85.000000 0.200500
39.540001 330.609985 195.000000 0.899100
322.970001 454.979980 195.000000 -0.431700
378.690002 301.320007 165.000000 -0.581500
305.200012 98.620003 165.000000 0.314900
44.119999 165.649994 185.000000 0.652700
87.070000 482.109985 185.000000 -0.083500
469.350006 191.869995 205.000000 0.428900
257.549988 341.380005 35.000000 0.712600
469.350006 191.869995 25.000000 0.797300
318.250000 429.989990 104.999992 -0.904000
422.380005 473.869995 145.000000 -0.065000
110.339996 469.959961 225.000000 -0.168300
318.250000 429.989990 125.000000 -0.760800
24.240000 60.180004 15.000001 1.145300
326.859985 294.880005 65.000000 0.200900
121.070007 192.259995 115.000000 2.557900
428.800018 332.540009 225.000000 -0.077900
118.160011 475.640015 25.000000 0.909100
29.600000 454.640015 225.000000 0.074900
432.929993 319.820007 85.000000 -0.122500
127.139999 327.489990 155.000000 0.358400
164.960007 162.529999 195.000000 0.661100
401.970001 486.839996 195.000000 -0.133000
355.769989 359.440002 165.000000 -0.121700
265.890015 249.910004 175.000000 0.839000
298.269989 94.169998 145.000000 -0.005600
157.669998 258.649994 234.999985 0.013800
125.440002 312.079987 245.000000 0.249600
432.929993 319.820007 65.000000 -0.089000
213.610001 335.230011 215.000015 0.779700
351.149994 317.230011 185.000000 -0.094500
90.820000 436.950012 15.000001 1.041100
395.619995 29.740000 35.000000 -1.410700
365.730011 403.760010 195.000000 0.223000
127.139999 327.489990 85.000000 -0.048800
451.160004 411.480011 195.000000 0.727800
442.040009 436.390015 25.000000 -0.272700
449.420013 7.280000 65.000000 -0.352100
355.769989 359.440002 234.999985 -0.242000
360.320007 218.240005 45.000000 0.169200
401.970001 486.839996 125.000000 -0.584500
322.970001 454.979980 85.000000 -0.541300
110.449997 318.959991 225.000000 0.304600
449.420013 7.280000 95.000000 -0.261900
428.800018 332.540009 75.000000 -0.404000
39.540001 330.609985 135.000000 1.706900
90.820000 436.950012 35.000000 0.713600
10.750000 436.549988 215.000015 0.578600
213.610001 335.230011 175.000000 0.324100
127.139999 327.489990 215.000015 0.411200
21.549999 94.790001 115.000000 1.854800
401.970001 486.839996 205.000000 0.227400
485.619965 287.269989 205.000000 -0.505700
118.160011 475.640015 135.000000 -0.580000
346.649994 423.839996 215.000015 -0.212100
56.240005 285.160004 225.000000 0.104900
18.750000 492.299988 35.000000 1.235700
213.610001 335.230011 95.000000 -0.564700
475.950012 28.810001 225.000000 0.149500
157.669998 258.649994 175.000000 0.923500
279.510010 102.050003 205.000000 0.906700
365.730011 403.760010 85.000000 -0.745700
136.740005 121.040001 104.999992 2.052000
233.159988 273.779999 85.000000 0.062400
351.989990 427.250000 15.000001 0.546100
469.350006 191.869995 245.000000 0.663000
126.960007 469.989960 225.000000 -0.157900
87.879997 274.649994 245.000000 -0.405400
300.089996 259.239990 225.000000 0.929100
121.070007 192.259995 25.000000 0.896600
125.440002 312.079987 75.000000 0.187500
313.820007 301.010010 115.000000 -0.696300
21.549999 94.790001 195.000000 -0.159800
321.350006 295.559998 85.000000 -0.311500
18.750000 492.299988 45.000000 1.135900
303.149994 321.829987 45.000000 0.617000
378.690002 301.320007 234.999985 0.177000
36.660000 376.950012 165.000000 1.590600
318.250000 429.989990 85.000000 -0.919900
24.240000 60.180004 65.000000 1.231900
428.800018 332.540009 85.000000 -0.467200
127.139999 327.489990 65.000000 -0.042300
164.960007 162.529999 234.999985 -0.056600
351.149994 317.230011 115.000000 -0.957300
278.220001 309.720001 104.999992 -0.412400
254.429977 472.820007 245.000000 -0.663400
125.440002 312.079987 35.000000 0.371000
90.820000 436.950012 25.000000 0.999700
397.839996 243.309998 25.000000 0.386100
87.070000 482.109985 245.000000 -0.239200
485.619965 287.269989 15.000001 0.336500
36.660000 376.950012 145.000000 1.605500
422.380005 473.869995 25.000000 -0.615600
106.320000 324.380005 115.000000 0.549600
29.600000 454.640015 75.000000 0.355000
401.970001 486.839996 234.999985 0.813500
110.339996 469.959961 145.000000 -0.384800
39.540001 330.609985 115.000000 1.910500
87.879997 274.649994 234.999985 -0.089200
8.950000 60.600002 205.000000 -0.343400
254.429977 472.820007 135.000000 -0.637900
313.820007 301.010010 234.999985 0.209300
39.540001 330.609985 104.999992 1.668500
442.040009 436.390015 165.000000 0.458500
485.619965 287.269989 175.000000 -0.723600
485.619965 287.269989 145.000000 -0.766700
365.730011 403.760010 185.000000 0.072900
474.270020 286.970001 145.000000 -0.842200
39.540001 330.609985 145.000000 1.739400
190.830002 249.960022 115.000000 1.086400
298.269989 94.169998 215.000015 0.941000
8.950000 60.600002 215.000015 -0.410800
148.389999 16.129999 225.000000 0.094000
422.380005 473.869995 104.999992 -0.812800
44.119999 165.649994 35.000000 1.262000
278.220001 309.720001 35.000000 0.985700
110.339996 469.959961 115.000000 -0.473600
378.690002 301.320007 75.000000 -0.370100
360.170013 137.669998 35.000000 0.091000
298.269989 94.169998 135.000000 -0.018700
326.859985 294.880005 104.999992 -0.462700
121.070007 192.259995 175.000000 1.074400
279.510010 102.050003 65.000000 0.386900
90.820000 436.950012 45.000000 0.467200
360.170013 137.669998 225.000000 2.016500
155.990005 360.869995 35.000000 -0.308700
418.980042 132.100006 215.000015 1.826000
322.970001 454.979980 45.000000 -0.078700
432.929993 319.820007 35.000000 0.418200
15.230000 487.869965 35.000000 1.096700
432.929993 319.820007 25.000000 0.616000
257.549988 341.380005 234.999985 0.228500
153.250000 487.290009 75.000000 -0.261400
313.820007 301.010010 245.000000 -0.158700
300.089996 259.239990 175.000000 0.274200
90.820000 436.950012 234.999985 0.075600
442.040009 436.390015 185.000000 0.597500
257.549988 341.380005 45.000000 0.363900
78.150002 435.610016 85.000000 -0.220900
164.960007 162.529999 45.000000 0.591000
126.960007 469.989960 135.000000 -0.700100
362.690002 176.309998 135.000000 -0.133400
257.549988 341.380005 135.000000 -0.425000
469.350006 191.869995 115.000000 0.421200
369.950012 384.730011 85.000000 -0.659000
110.339996 469.959961 135.000000 -0.491700
401.970001 486.839996 95.000000 -0.820700
130.139999 391.570007 65.000000 -1.066400
469.350006 191.869995 195.000000 0.188000
265.890015 249.910004 195.000000 0.870500
360.170013 137.669998 195.000000 1.708600
124.059998 227.130005 35.000000 1.149300
110.449997 318.959991 205.000000 0.592000
39.540001 330.609985 185.000000 1.269100
301.489990 273.140015 195.000000 0.406500
87.879997 274.649994 75.000000 1.458500
326.859985 294.880005 155.000000 -0.577500
126.960007 469.989960 65.000000 0.015700
378.690002 301.320007 104.999992 -0.799400
153.250000 487.290009 15.000001 0.764600
153.250000 487.290009 245.000000 -0.238500
321.350006 295.559998 195.000000 0.189500
24.240000 60.180004 175.000000 0.205100
298.269989 94.169998 15.000001 0.063600
39.540001 330.609985 155.000000 1.694800
125.440002 312.079987 175.000000 0.690900
118.160011 475.640015 85.000000 -0.217500
362.690002 176.309998 245.000000 1.898300
279.510010 102.050003 55.000000 0.424600
110.449997 318.959991 135.000000 0.576600
428.800018 332.540009 135.000000 -0.215900
8.950000 60.600002 234.999985 -0.404300
400.339996 251.389999 35.000000 0.416200
305.200012 98.620003 35.000000 -0.037600
494.790039 48.910000 175.000000 0.485900
254.429977 472.820007 65.000000 -0.276800
326.859985 294.880005 215.000015 0.207900
8.950000 60.600002 155.000000 0.638500
233.159988 273.779999 155.000000 0.507400
259.609985 410.989990 205.000000 -0.577100
346.649994 423.839996 15.000001 0.613900
300.089996 259.239990 145.000000 -0.115700
110.449997 318.959991 95.000000 0.522100
110.339996 469.959961 75.000000 0.006400
87.070000 482.109985 75.000000 0.192600
10.750000 436.549988 115.000000 0.853500
418.980042 132.100006 104.999992 0.207000
418.980042 132.100006 15.000001 -0.224500
190.830002 249.960022 234.999985 0.560500
395.619995 29.740000 85.000000 -0.520900
190.830002 249.960022 104.999992 0.973800
278.220001 309.720001 205.000000 0.685300
15.230000 487.869965 175.000000 -0.146500
125.440002 312.079987 215.000015 0.380300
130.139999 391.570007 225.000000 0.391300
39.540001 330.609985 55.000000 0.984700
326.859985 294.880005 195.000000 0.189500
149.710007 20.520000 25.000000 -0.563000
21.549999 94.790001 104.999992 1.877000
362.690002 176.309998 175.000000 0.739100
351.989990 427.250000 225.000000 -0.118200
442.040009 436.390015 215.000015 0.728400
110.339996 469.959961 85.000000 -0.424200
127.139999 327.489990 125.000000 0.376200
15.230000 487.869965 245.000000 -0.540900
279.510010 102.050003 104.999992 0.317800
164.960007 162.529999 35.000000 0.603800
432.929993 319.820007 15.000001 0.609700
494.790039 48.910000 225.000000 0.348800
303.149994 321.829987 225.000000 0.234300
24.240000 60.180004 25.000000 1.206900
124.059998 227.130005 95.000000 1.947100
278.220001 309.720001 45.000000 0.678500
121.070007 192.259995 85.000000 2.068200
241.470001 68.970001 135.000000 0.756500
395.619995 29.740000 104.999992 -0.724800
301.489990 273.140015 215.000015 0.569000
365.730011 403.760010 135.000000 -0.255900
313.820007 301.010010 35.000000 0.808700
313.820007 301.010010 225.000000 0.240500
322.970001 454.979980 75.000000 -0.839300
29.600000 454.640015 245.000000 -0.325500
360.320007 218.240005 115.000000 -0.464700
190.830002 249.960022 245.000000 0.324000
313.820007 301.010010 15.000001 1.647800
397.839996 243.309998 85.000000 -0.290700
301.489990 273.140015 25.000000 1.223200
10.750000 436.549988 145.000000 0.890200
351.149994 317.230011 145.000000 -0.654800
110.449997 318.959991 15.000001 0.267000
44.119999 165.649994 45.000000 1.435600
469.350006 191.869995 15.000001 0.778700
118.160011 475.640015 95.000000 -0.357300
233.159988 273.779999 115.000000 0.214000
326.859985 294.880005 175.000000 -0.037900
36.660000 376.950012 75.000000 0.878200
469.350006 191.869995 175.000000 -0.056900
87.070000 482.109985 135.000000 -0.370800
300.089996 259.239990 15.000001 1.677000
87.879997 274.649994 104.999992 1.812700
475.950012 28.810001 85.000000 0.767500
257.549988 341.380005 104.999992 -0.722100
365.730011 403.760010 55.000000 -0.231700
157.669998 258.649994 155.000000 1.207100
490.339996 265.519989 155.000000 -0.655800
8.950000 60.600002 245.000000 -0.234100
428.800018 332.540009 165.000000 -0.090000
300.089996 259.239990 155.000000 -0.081900
355.769989 359.440002 15.000001 1.327700
15.230000 487.869965 155.000000 0.081000
127.139999 327.489990 35.000000 0.462100
21.549999 94.790001 245.000000 0.027800
106.320000 324.380005 135.000000 0.576000
18.750000 492.299988 165.000000 -0.190000
360.320007 218.240005 75.000000 -0.108300
313.820007 301.010010 85.000000 -0.493200
279.510010 102.050003 35.000000 0.451200
351.149994 317.230011 55.000000 0.163500
10.750000 436.549988 205.000000 0.718900
355.769989 359.440002 135.000000 -0.839900
395.619995 29.740000 175.000000 -0.013700
90.820000 436.950012 55.000000 0.041000
360.320007 218.240005 205.000000 0.906600
241.470001 68.970001 165.000000 0.161700
29.600000 454.640015 234.999985 -0.214200
400.339996 251.389999 175.000000 -0.585800
303.149994 321.829987 104.999992 -0.668700
125.440002 312.079987 195.000000 0.843100
397.839996 243.309998 75.000000 -0.132200
418.980042 132.100006 205.000000 1.545000
110.449997 318.959991 35.000000 0.386700
303.149994 321.829987 195.000000 0.346300
153.250000 487.290009 205.000000 -0.517200
8.950000 60.600002 45.000000 1.543900
475.950012 28.810001 215.000015 0.426700
136.740005 121.040001 135.000000 2.087600
90.820000 436.950012 215.000015 0.457300
451.160004 411.480011 95.000000 -0.504600
44.119999 165.649994 25.000000 1.176500
87.879997 274.649994 95.000000 1.474300
432.929993 319.820007 165.000000 -0.557400
300.089996 259.239990 135.000000 -0.104200
177.470001 28.440002 145.000000 1.103300
418.980042 132.100006 185.000000 1.017400
303.149994 321.829987 205.000000 0.426200
87.879997 274.649994 65.000000 1.342200
259.609985 410.989990 245.000000 -0.480100
87.879997 274.649994 125.000000 1.839400
397.839996 243.309998 234.999985 0.534700
449.420013 7.280000 75.000000 -0.508900
318.250000 429.989990 215.000015 -0.712500
233.159988 273.779999 195.000000 1.009500
177.470001 28.440002 125.000000 1.447900
321.350006 295.559998 205.000000 0.106300
78.150002 435.610016 25.000000 0.948900
148.389999 16.129999 205.000000 0.354300
474.270020 286.970001 225.000000 -0.232200
36.660000 376.950012 234.999985 0.143400
318.250000 429.989990 234.999985 -0.461800
451.160004 411.480011 245.000000 1.138200
190.830002 249.960022 185.000000 0.774900
362.690002 176.309998 15.000001 0.411600
469.350006 191.869995 135.000000 -0.293800
278.220001 309.720001 215.000015 0.740800
360.170013 137.669998 75.000000 -0.136700
300.089996 259.239990 245.000000 0.800000
130.139999 391.570007 245.000000 0.146800
21.549999 94.790001 35.000000 1.522100
259.609985 410.989990 145.000000 -0.338500
321.350006 295.559998 125.000000 -0.689900
36.660000 376.950012 45.000000 0.772500
451.160004 411.480011 45.000000 -0.536600
400.339996 251.389999 155.000000 -0.580800
360.170013 137.669998 145.000000 0.063700
29.600000 454.640015 155.000000 0.327300
322.970001 454.979980 95.000000 -0.892700
10.750000 436.549988 155.000000 0.783100
110.339996 469.959961 25.000000 1.119400
475.950012 28.810001 245.000000 0.494900
233.159988 273.779999 185.000000 0.814600
301.489990 273.140015 155.000000 -0.192200
233.159988 273.779999 205.000000 0.806200
90.820000 436.950012 135.000000 -0.091900
360.320007 218.240005 155.000000 -0.101100
305.200012 98.620003 104.999992 -0.110100
110.339996 469.959961 245.000000 0.089400
401.970001 486.839996 25.000000 -0.289900
130.139999 391.570007 195.000000 0.387000
190.830002 249.960022 175.000000 0.941000
360.170013 137.669998 125.000000 -0.259900
418.980042 132.100006 65.000000 0.574100
422.380005 473.869995 215.000015 0.531100
474.270020 286.970001 245.000000 0.014900
177.470001 28.440002 75.000000 0.909100
241.470001 68.970001 195.000000 0.050800
148.389999 16.129999 234.999985 0.028600
106.320000 324.380005 145.000000 0.604000
29.600000 454.640015 165.000000 0.550300
322.970001 454.979980 135.000000 -0.408800
395.619995 29.740000 45.000000 -1.025800
355.769989 359.440002 104.999992 -0.829500
56.240005 285.160004 195.000000 0.942600
494.790039 48.910000 75.000000 1.232400
378.690002 301.320007 245.000000 -0.112800
278.220001 309.720001 55.000000 0.306600
233.159988 273.779999 145.000000 0.508000
213.610001 335.230011 55.000000 -0.015600
118.160011 475.640015 165.000000 -0.196800
326.859985 294.880005 234.999985 0.341700
233.159988 273.779999 65.000000 0.427700
254.429977 472.820007 115.000000 -1.005500
400.339996 251.389999 85.000000 -0.517000
39.540001 330.609985 15.000001 0.382900
136.740005 121.040001 95.000000 2.077200
87.070000 482.109985 85.000000 0.191500
369.950012 384.730011 35.000000 0.585800
190.830002 249.960022 135.000000 1.156200
303.149994 321.829987 85.000000 -0.415100
351.989990 427.250000 115.000000 -0.591800
127.139999 327.489990 95.000000 0.335400
155.990005 360.869995 205.000000 0.527100
15.230000 487.869965 45.000000 1.023300
400.339996 251.389999 195.000000 -0.052700
418.980042 132.100006 195.000000 1.523700
303.149994 321.829987 155.000000 -0.462700
301.489990 273.140015 245.000000 0.377900
362.690002 176.309998 95.000000 -0.031300
355.769989 359.440002 225.000000 0.000500
469.350006 191.869995 215.000015 0.443200
177.470001 28.440002 195.000000 0.284800
153.250000 487.290009 155.000000 -0.808400
110.449997 318.959991 215.000015 0.488200
190.830002 249.960022 75.000000 0.885600
39.540001 330.609985 75.000000 1.480200
490.339996 265.519989 215.000015 -0.411500
136.740005 121.040001 45.000000 0.771800
449.420013 7.280000 245.000000 0.446800
15.230000 487.869965 75.000000 0.625800
490.339996 265.519989 104.999992 -0.179200
400.339996 251.389999 165.000000 -0.628400
360.320007 218.240005 185.000000 0.370200
8.950000 60.600002 125.000000 1.330500
313.820007 301.010010 195.000000 0.295800
321.350006 295.559998 135.000000 -0.525600
301.489990 273.140015 104.999992 -0.373400
190.830002 249.960022 205.000000 0.825100
428.800018 332.540009 15.000001 0.592900
469.350006 191.869995 225.000000 0.743200
126.960007 469.989960 25.000000 0.815900
360.320007 218.240005 95.000000 -0.327600
395.619995 29.740000 165.000000 -0.064300
369.950012 384.730011 234.999985 0.045800
303.149994 321.829987 65.000000 -0.229700
24.240000 60.180004 104.999992 1.716200
254.429977 472.820007 185.000000 -0.652400
153.250000 487.290009 55.000000 0.335800
362.690002 176.309998 145.000000 -0.014400
213.610001 335.230011 245.000000 0.368400
90.820000 436.950012 195.000000 0.617300
87.070000 482.109985 65.000000 0.572600
148.389999 16.129999 45.000000 0.095500
451.160004 411.480011 145.000000 0.362400
401.970001 486.839996 145.000000 -0.205100
254.429977 472.820007 155.000000 -0.526000
321.350006 295.559998 104.999992 -0.462700
241.470001 68.970001 175.000000 0.258300
177.470001 28.440002 234.999985 -0.019400
265.890015 249.910004 25.000000 1.401800
15.230000 487.869965 55.000000 1.161800
395.619995 29.740000 15.000001 -1.320600
153.250000 487.290009 165.000000 -0.733000
278.220001 309.720001 65.000000 -0.012800
365.730011 403.760010 45.000000 0.146900
362.690002 176.309998 125.000000 -0.179700
449.420013 7.280000 175.000000 0.122800
78.150002 435.610016 155.000000 0.452200
241.470001 68.970001 245.000000 0.708000
44.119999 165.649994 225.000000 -0.061600
15.230000 487.869965 205.000000 -0.121800
15.230000 487.869965 65.000000 0.738500
428.800018 332.540009 25.000000 0.423200
130.139999 391.570007 75.000000 -0.922500
313.820007 301.010010 175.000000 -0.129300
395.619995 29.740000 115.000000 -0.619600
301.489990 273.140015 135.000000 -0.494400
449.420013 7.280000 115.000000 -0.513800
241.470001 68.970001 45.000000 0.175400
355.769989 359.440002 75.000000 -0.531200
90.820000 436.950012 165.000000 0.278200
90.820000 436.950012 104.999992 -0.303700
15.230000 487.869965 125.000000 -0.120400
313.820007 301.010010 165.000000 -0.383500
321.350006 295.559998 234.999985 0.341700
369.950012 384.730011 155.000000 0.109000
321.350006 295.559998 145.000000 -0.598800
15.230000 487.869965 25.000000 1.333400
136.740005 121.040001 165.000000 1.325600
110.449997 318.959991 195.000000 0.761400
130.139999 391.570007 55.000000 -0.780200
233.159988 273.779999 104.999992 0.127300
157.669998 258.649994 165.000000 1.016100
190.830002 249.960022 35.000000 0.891100
318.250000 429.989990 195.000000 -0.407900
305.200012 98.620003 25.000000 -0.107200
126.960007 469.989960 15.000001 0.716800
300.089996 259.239990 45.000000 0.936300
177.470001 28.440002 104.999992 1.485500
321.350006 295.559998 185.000000 0.269600
121.070007 192.259995 35.000000 1.185100
365.730011 403.760010 104.999992 -0.738600
87.070000 482.109985 175.000000 -0.092800
322.970001 454.979980 55.000000 -0.272800
451.160004 411.480011 225.000000 0.993200
355.769989 359.440002 155.000000 -0.629400
148.389999 16.129999 104.999992 1.522200
106.320000 324.380005 125.000000 0.628400
422.380005 473.869995 125.000000 -0.344600
490.339996 265.519989 115.000000 -0.321700
90.820000 436.950012 115.000000 -0.105000
87.070000 482.109985 215.000015 -0.243700
118.160011 475.640015 55.000000 0.402800
278.220001 309.720001 75.000000 0.150400
346.649994 423.839996 165.000000 0.024200
300.089996 259.239990 95.000000 -0.087200
56.240005 285.160004 234.999985 -0.168000
125.440002 312.079987 135.000000 0.517400
351.149994 317.230011 175.000000 -0.387200
110.449997 318.959991 55.000000 0.396200
313.820007 301.010010 155.000000 -0.458400
241.470001 68.970001 104.999992 0.825400
278.220001 309.720001 95.000000 -0.229900
318.250000 429.989990 35.000000 0.372700
428.800018 332.540009 55.000000 0.051800
346.649994 423.839996 65.000000 -0.448900
365.730011 403.760010 165.000000 0.240200
400.339996 251.389999 55.000000 0.235000
326.859985 294.880005 85.000000 -0.311500
149.710007 20.520000 145.000000 1.160300
155.990005 360.869995 195.000000 0.475500
351.989990 427.250000 195.000000 0.054400
442.040009 436.390015 15.000001 -0.360100
241.470001 68.970001 95.000000 0.951800
153.250000 487.290009 125.000000 -0.744800
78.150002 435.610016 145.000000 0.391400
326.859985 294.880005 55.000000 0.471200
87.070000 482.109985 205.000000 -0.004700
378.690002 301.320007 25.000000 0.894300
432.929993 319.820007 195.000000 -0.403300
36.660000 376.950012 215.000015 0.770700
298.269989 94.169998 205.000000 0.766500
303.149994 321.829987 115.000000 -0.860200
121.070007 192.259995 205.000000 0.151300
279.510010 102.050003 75.000000 0.341500
153.250000 487.290009 85.000000 -0.601100
18.750000 492.299988 25.000000 1.353300
322.970001 454.979980 175.000000 -0.640600
90.820000 436.950012 155.000000 -0.033600
298.269989 94.169998 125.000000 -0.050900
303.149994 321.829987 234.999985 -0.005900
110.339996 469.959961 35.000000 0.538900
21.549999 94.790001 185.000000 -0.038800
177.470001 28.440002 225.000000 0.249000
18.750000 492.299988 55.000000 0.858200
360.170013 137.669998 65.000000 -0.247600
127.139999 327.489990 145.000000 0.304000
305.200012 98.620003 55.000000 -0.041100
118.160011 475.640015 125.000000 -0.581500
346.649994 423.839996 135.000000 -0.467100
87.070000 482.109985 104.999992 -0.059300
400.339996 251.389999 95.000000 -0.428900
326.859985 294.880005 95.000000 -0.698900
401.970001 486.839996 35.000000 -0.420000
190.830002 249.960022 215.000015 0.748600
29.600000 454.640015 185.000000 0.485700
29.600000 454.640015 85.000000 0.539000
305.200012 98.620003 15.000001 0.020500
428.800018 332.540009 115.000000 -0.308500
241.470001 68.970001 185.000000 0.195000
351.149994 317.230011 245.000000 -0.239200
241.470001 68.970001 65.000000 0.698100
313.820007 301.010010 95.000000 -0.578800
106.320000 324.380005 35.000000 0.427100
87.879997 274.649994 215.000015 0.172500
422.380005 473.869995 185.000000 0.229300
278.220001 309.720001 125.000000 -0.577000
422.380005 473.869995 15.000001 -0.489900
318.250000 429.989990 45.000000 0.277000
190.830002 249.960022 195.000000 0.761700
490.339996 265.519989 65.000000 0.514100
153.250000 487.290009 215.000015 -0.396000
378.690002 301.320007 115.000000 -0.798400
56.240005 285.160004 155.000000 1.667900
451.160004 411.480011 15.000001 -0.399600
428.800018 332.540009 95.000000 -0.441600
44.119999 165.649994 234.999985 -0.250500
360.320007 218.240005 65.000000 -0.095800
136.740005 121.040001 115.000000 2.112100
39.540001 330.609985 205.000000 1.011300
254.429977 472.820007 45.000000 0.401700
21.549999 94.790001 85.000000 1.728400
449.420013 7.280000 55.000000 -0.718700
177.470001 28.440002 85.000000 1.248600
265.890015 249.910004 165.000000 0.455900
400.339996 251.389999 135.000000 -0.729200
322.970001 454.979980 115.000000 -1.008600
475.950012 28.810001 175.000000 0.331200
44.119999 165.649994 155.000000 1.488900
56.240005 285.160004 185.000000 1.002200
155.990005 360.869995 125.000000 -0.473800
490.339996 265.519989 135.000000 -0.509100
136.740005 121.040001 185.000000 0.739000
326.859985 294.880005 135.000000 -0.525600
469.350006 191.869995 234.999985 0.784400
87.070000 482.109985 55.000000 0.665700
475.950012 28.810001 45.000000 -0.317200
126.960007 469.989960 185.000000 -0.170300
190.830002 249.960022 65.000000 0.946200
494.790039 48.910000 125.000000 0.571100
257.549988 341.380005 195.000000 0.718600
469.350006 191.869995 185.000000 0.064100
360.320007 218.240005 175.000000 0.283200
121.070007 192.259995 185.000000 0.730400
378.690002 301.320007 175.000000 -0.553200
305.200012 98.620003 234.999985 1.168800
475.950012 28.810001 95.000000 0.320300
125.440002 312.079987 225.000000 0.562200
213.610001 335.230011 185.000000 0.600700
157.669998 258.649994 104.999992 1.193100
351.149994 317.230011 234.999985 -0.067700
118.160011 475.640015 225.000000 -0.249200
360.320007 218.240005 195.000000 0.481600
157.669998 258.649994 145.000000 0.977700
78.150002 435.610016 215.000015 0.436600
351.149994 317.230011 35.000000 0.777500
155.990005 360.869995 55.000000 -0.661600
365.730011 403.760010 115.000000 -0.674300
346.649994 423.839996 234.999985 -0.037300
469.350006 191.869995 104.999992 0.632800
257.549988 341.380005 165.000000 0.238100
326.859985 294.880005 185.000000 0.269600
321.350006 295.559998 155.000000 -0.577500
490.339996 265.519989 205.000000 -0.415500
442.040009 436.390015 45.000000 -0.629300
126.960007 469.989960 55.000000 0.008600
278.220001 309.720001 155.000000 -0.167600
24.240000 60.180004 95.000000 1.709300
177.470001 28.440002 245.000000 0.158900
78.150002 435.610016 15.000001 0.882900
259.609985 410.989990 125.000000 -0.988500
121.070007 192.259995 75.000000 1.980000
56.240005 285.160004 95.000000 1.693400
318.250000 429.989990 165.000000 -0.297400
279.510010 102.050003 175.000000 0.507000
397.839996 243.309998 135.000000 -0.638700
303.149994 321.829987 215.000015 0.252600
148.389999 16.129999 135.000000 1.606300
87.070000 482.109985 25.000000 1.275500
313.820007 301.010010 145.000000 -0.744500
321.350006 295.559998 165.000000 -0.459600
400.339996 251.389999 185.000000 -0.351600
213.610001 335.230011 225.000000 0.442900
298.269989 94.169998 65.000000 -0.118100
362.690002 176.309998 45.000000 0.044900
177.470001 28.440002 185.000000 0.510100
300.089996 259.239990 104.999992 0.055300
369.950012 384.730011 25.000000 0.736000
395.619995 29.740000 75.000000 -0.838000
422.380005 473.869995 205.000000 0.355800
136.740005 121.040001 225.000000 0.083700
418.980042 132.100006 234.999985 1.994700
56.240005 285.160004 205.000000 0.584800
351.989990 427.250000 75.000000 -0.587700
395.619995 29.740000 25.000000 -1.409200
378.690002 301.320007 95.000000 -0.663800
298.269989 94.169998 35.000000 0.011400
124.059998 227.130005 195.000000 0.555400
149.710007 20.520000 115.000000 1.738800
360.170013 137.669998 135.000000 -0.049200
313.820007 301.010010 205.000000 0.417900
15.230000 487.869965 15.000001 1.400200
360.320007 218.240005 225.000000 1.226500
106.320000 324.380005 95.000000 0.407200
8.950000 60.600002 104.999992 1.398200
21.549999 94.790001 215.000015 -0.284100
351.149994 317.230011 195.000000 -0.018700
279.510010 102.050003 45.000000 0.482100
21.549999 94.790001 175.000000 0.208200
39.540001 330.609985 95.000000 1.494300
365.730011 403.760010 125.000000 -0.437600
351.149994 317.230011 65.000000 -0.169600
78.150002 435.610016 35.000000 0.874900
36.660000 376.950012 175.000000 1.373500
118.160011 475.640015 245.000000 -0.252200
395.619995 29.740000 65.000000 -0.895200
213.610001 335.230011 75.000000 -0.533400
301.489990 273.140015 45.000000 1.060600
87.879997 274.649994 205.000000 0.294600
44.119999 165.649994 115.000000 2.766600
39.540001 330.609985 125.000000 1.772100
475.950012 28.810001 35.000000 -0.510100
259.609985 410.989990 25.000000 0.740500
322.970001 454.979980 65.000000 -0.498300
118.160011 475.640015 65.000000 0.183500
118.160011 475.640015 35.000000 0.840000
110.339996 469.959961 104.999992 -0.806000
351.989990 427.250000 185.000000 -0.068500
369.950012 384.730011 15.000001 1.049600
265.890015 249.910004 205.000000 0.945200
355.769989 359.440002 35.000000 0.579300
490.339996 265.519989 145.000000 -0.773200
110.449997 318.959991 85.000000 0.578800
127.139999 327.489990 15.000001 0.252200
451.160004 411.480011 55.000000 -0.699800
241.470001 68.970001 145.000000 0.641700
106.320000 324.380005 215.000015 0.556200
153.250000 487.290009 145.000000 -0.819500
164.960007 162.529999 85.000000 1.651000
130.139999 391.570007 135.000000 -0.495300
305.200012 98.620003 65.000000 -0.206100
18.750000 492.299988 95.000000 0.316900
279.510010 102.050003 225.000000 1.096200
44.119999 165.649994 135.000000 2.141100
451.160004 411.480011 104.999992 -0.382400
148.389999 16.129999 115.000000 1.604300
301.489990 273.140015 55.000000 0.671400
149.710007 20.520000 225.000000 0.142700
365.730011 403.760010 65.000000 -0.338100
8.950000 60.600002 145.000000 0.901500
360.320007 218.240005 215.000015 1.023700
177.470001 28.440002 95.000000 1.506500
177.470001 28.440002 55.000000 0.465900
395.619995 29.740000 234.999985 0.657300
121.070007 192.259995 95.000000 2.249200
121.070007 192.259995 165.000000 1.506900
241.470001 68.970001 15.000001 0.004700
87.070000 482.109985 225.000000 -0.190300
400.339996 251.389999 15.000001 0.494100
369.950012 384.730011 175.000000 0.098300
157.669998 258.649994 65.000000 1.111800
233.159988 273.779999 15.000001 1.388400
346.649994 423.839996 35.000000 0.259700
78.150002 435.610016 165.000000 0.527500
39.540001 330.609985 175.000000 1.397900
78.150002 435.610016 95.000000 0.038200
351.989990 427.250000 65.000000 -0.445600
36.660000 376.950012 65.000000 0.924800
401.970001 486.839996 55.000000 -0.685600
365.730011 403.760010 215.000015 -0.136600
87.879997 274.649994 145.000000 1.278900
278.220001 309.720001 175.000000 0.362900
451.160004 411.480011 85.000000 -0.538800
155.990005 360.869995 104.999992 -1.002700
378.690002 301.320007 135.000000 -0.904100
15.230000 487.869965 234.999985 -0.361700
259.609985 410.989990 185.000000 -0.445100
130.139999 391.570007 85.000000 -1.045000
305.200012 98.620003 145.000000 -0.150600
29.600000 454.640015 215.000015 0.250700
233.159988 273.779999 245.000000 0.453800
313.820007 301.010010 215.000015 0.239500
257.549988 341.380005 15.000001 1.501600
432.929993 319.820007 205.000000 -0.175200
475.950012 28.810001 135.000000 -0.134700
257.549988 341.380005 25.000000 1.066200
157.669998 258.649994 205.000000 0.530100
127.139999 327.489990 25.000000 0.113700
313.820007 301.010010 75.000000 -0.144600
449.420013 7.280000 15.000001 -1.742400
39.540001 330.609985 45.000000 0.826100
360.320007 218.240005 125.000000 -0.373500
177.470001 28.440002 15.000001 -0.466200
351.989990 427.250000 215.000015 -0.226700
362.690002 176.309998 165.000000 0.548100
149.710007 20.520000 45.000000 0.129500
126.960007 469.989960 155.000000 -0.578000
360.170013 137.669998 115.000000 -0.496900
265.890015 249.910004 15.000001 1.383900
360.320007 218.240005 35.000000 0.463600
56.240005 285.160004 25.000000 0.950200
121.070007 192.259995 155.000000 1.705500
494.790039 48.910000 95.000000 0.871700
110.449997 318.959991 125.000000 0.531800
56.240005 285.160004 45.000000 1.197500
90.820000 436.950012 85.000000 -0.349500
355.769989 359.440002 85.000000 -0.800600
90.820000 436.950012 145.000000 -0.039900
322.970001 454.979980 155.000000 -0.389900
164.960007 162.529999 245.000000 -0.082700
449.420013 7.280000 225.000000 0.540000
346.649994 423.839996 195.000000 -0.210900
44.119999 165.649994 95.000000 2.347500
318.250000 429.989990 205.000000 -0.424700
395.619995 29.740000 145.000000 -0.574900
278.220001 309.720001 245.000000 0.414400
44.119999 165.649994 165.000000 1.252700
432.929993 319.820007 215.000015 -0.183800
362.690002 176.309998 25.000000 0.357300
305.200012 98.620003 95.000000 -0.159400
362.690002 176.309998 205.000000 1.750600
346.649994 423.839996 115.000000 -0.915800
369.950012 384.730011 45.000000 0.132700
254.429977 472.820007 145.000000 -0.711300
259.609985 410.989990 35.000000 0.531900
351.989990 427.250000 104.999992 -0.619300
360.320007 218.240005 25.000000 0.782400
127.139999 327.489990 205.000000 0.594200
351.989990 427.250000 35.000000 0.287200
474.270020 286.970001 65.000000 0.217700
124.059998 227.130005 55.000000 1.502500
490.339996 265.519989 185.000000 -0.688500
24.240000 60.180004 135.000000 1.237300
494.790039 48.910000 245.000000 0.478700
125.440002 312.079987 125.000000 0.484400
298.269989 94.169998 245.000000 1.268600
259.609985 410.989990 65.000000 -0.315500
422.380005 473.869995 135.000000 -0.126700
475.950012 28.810001 155.000000 0.200100
110.449997 318.959991 115.000000 0.741700
148.389999 16.129999 245.000000 0.250700
241.470001 68.970001 215.000015 0.023000
87.879997 274.649994 175.000000 1.176000
351.149994 317.230011 135.000000 -0.912600
18.750000 492.299988 185.000000 -0.186900
469.350006 191.869995 65.000000 1.260500
157.669998 258.649994 25.000000 0.948500
418.980042 132.100006 45.000000 0.249700
475.950012 28.810001 145.000000 -0.047700
351.149994 317.230011 75.000000 -0.375400
125.440002 312.079987 95.000000 0.410000
136.740005 121.040001 85.000000 1.731900
490.339996 265.519989 75.000000 0.532700
397.839996 243.309998 65.000000 0.075400
475.950012 28.810001 205.000000 0.403400
153.250000 487.290009 115.000000 -0.706800
451.160004 411.480011 175.000000 0.648000
265.890015 249.910004 65.000000 0.819000
29.600000 454.640015 145.000000 0.388300
87.879997 274.649994 85.000000 1.407500
155.990005 360.869995 65.000000 -0.810200
21.549999 94.790001 234.999985 -0.034900
24.240000 60.180004 125.000000 1.271000
351.989990 427.250000 245.000000 0.108000
451.160004 411.480011 165.000000 0.611700
475.950012 28.810001 65.000000 0.350200
44.119999 165.649994 55.000000 1.648600
360.170013 137.669998 45.000000 0.086100
422.380005 473.869995 35.000000 -0.457200
355.769989 359.440002 65.000000 -0.177400
241.470001 68.970001 125.000000 0.840400
449.420013 7.280000 85.000000 -0.148500
360.170013 137.669998 55.000000 -0.048200
300.089996 259.239990 234.999985 0.779800
318.250000 429.989990 15.000001 1.013200
164.960007 162.529999 65.000000 1.147200
279.510010 102.050003 215.000015 1.000500
8.950000 60.600002 185.000000 0.062100
475.950012 28.810001 195.000000 0.372100
369.950012 384.730011 215.000015 0.105500
118.160011 475.640015 175.000000 -0.119200
400.339996 251.389999 115.000000 -0.622100
422.380005 473.869995 75.000000 -0.735500
395.619995 29.740000 155.000000 -0.458000
136.740005 121.040001 195.000000 0.567400
149.710007 20.520000 15.000001 -0.770400
18.750000 492.299988 65.000000 0.652200
87.070000 482.109985 15.000001 1.245400
490.339996 265.519989 165.000000 -0.758700
39.540001 330.609985 85.000000 1.324800
451.160004 411.480011 215.000015 0.610400
494.790039 48.910000 165.000000 0.325100
449.420013 7.280000 234.999985 0.442500
241.470001 68.970001 225.000000 0.357600
303.149994 321.829987 75.000000 -0.336300
15.230000 487.869965 215.000015 -0.232900
118.160011 475.640015 15.000001 1.055400
351.149994 317.230011 165.000000 -0.496500
36.660000 376.950012 135.000000 1.629500
401.970001 486.839996 135.000000 -0.309200
346.649994 423.839996 25.000000 0.587500
397.839996 243.309998 215.000015 0.389000
125.440002 312.079987 115.000000 0.490700
18.750000 492.299988 225.000000 -0.185100
362.690002 176.309998 195.000000 1.374600
87.879997 274.649994 115.000000 1.722700
401.970001 486.839996 104.999992 -0.889600
278.220001 309.720001 225.000000 0.509400
418.980042 132.100006 135.000000 0.067800
8.950000 60.600002 115.000000 1.441900
241.470001 68.970001 75.000000 0.639700
18.750000 492.299988 75.000000 0.668200
126.960007 469.989960 125.000000 -0.610100
401.970001 486.839996 65.000000 -0.620600
279.510010 102.050003 155.000000 0.369300
10.750000 436.549988 195.000000 0.871700
397.839996 243.309998 45.000000 0.182800
18.750000 492.299988 205.000000 -0.305200
351.989990 427.250000 95.000000 -0.851200
474.270020 286.970001 25.000000 0.523200
265.890015 249.910004 245.000000 0.828000
449.420013 7.280000 35.000000 -1.287400
351.989990 427.250000 165.000000 0.289800
322.970001 454.979980 185.000000 -0.500300
300.089996 259.239990 85.000000 0.154500
126.960007 469.989960 215.000015 0.004500
155.990005 360.869995 25.000000 -0.070600
485.619965 287.269989 55.000000 0.409000
442.040009 436.390015 125.000000 -0.063500
136.740005 121.040001 215.000015 0.332500
397.839996 243.309998 175.000000 -0.231600
305.200012 98.620003 245.000000 1.290200
157.669998 258.649994 185.000000 0.754000
110.449997 318.959991 65.000000 0.189900
78.150002 435.610016 185.000000 0.566700
397.839996 243.309998 145.000000 -0.466700
213.610001 335.230011 135.000000 -0.331700
400.339996 251.389999 225.000000 0.172100
298.269989 94.169998 95.000000 -0.045900
265.890015 249.910004 45.000000 1.059600
124.059998 227.130005 155.000000 1.705200
474.270020 286.970001 85.000000 -0.051400
153.250000 487.290009 25.000000 0.675600
157.669998 258.649994 85.000000 1.213700
155.990005 360.869995 75.000000 -0.921200
279.510010 102.050003 15.000001 0.035200
257.549988 341.380005 225.000000 0.388100
190.830002 249.960022 225.000000 0.551300
24.240000 60.180004 225.000000 -0.379900
56.240005 285.160004 135.000000 1.799000
259.609985 410.989990 135.000000 -0.618400
125.440002 312.079987 165.000000 0.695100
8.950000 60.600002 85.000000 1.650700
10.750000 436.549988 165.000000 0.909900
164.960007 162.529999 155.000000 1.958600
190.830002 249.960022 165.000000 0.983900
106.320000 324.380005 205.000000 0.614000
300.089996 259.239990 195.000000 0.697000
428.800018 332.540009 195.000000 -0.135100
301.489990 273.140015 15.000001 1.464700
360.170013 137.669998 155.000000 0.323400
346.649994 423.839996 205.000000 -0.236100
301.489990 273.140015 65.000000 0.284200
401.970001 486.839996 115.000000 -0.747900
241.470001 68.970001 85.000000 0.942100
490.339996 265.519989 35.000000 0.384000
321.350006 295.559998 115.000000 -0.770300
474.270020 286.970001 115.000000 -0.504700
378.690002 301.320007 195.000000 -0.227000
469.350006 191.869995 155.000000 -0.324100
279.510010 102.050003 95.000000 0.182800
157.669998 258.649994 115.000000 1.510200
8.950000 60.600002 35.000000 1.340600
39.540001 330.609985 215.000015 0.862700
351.149994 317.230011 205.000000 0.213200
355.769989 359.440002 125.000000 -0.823400
475.950012 28.810001 115.000000 0.136400
148.389999 16.129999 55.000000 0.328300
355.769989 359.440002 45.000000 0.247800
136.740005 121.040001 145.000000 1.749000
127.139999 327.489990 55.000000 0.193900
300.089996 259.239990 125.000000 -0.025500
10.750000 436.549988 85.000000 0.682500
422.380005 473.869995 195.000000 0.206400
126.960007 469.989960 145.000000 -0.549400
121.070007 192.259995 195.000000 0.546400
355.769989 359.440002 245.000000 -0.306200
305.200012 98.620003 125.000000 -0.243000
397.839996 243.309998 95.000000 -0.512500
155.990005 360.869995 15.000001 0.251700
360.170013 137.669998 215.000015 1.747400
148.389999 16.129999 195.000000 0.283200
474.270020 286.970001 125.000000 -0.476600
449.420013 7.280000 135.000000 -0.249000
365.730011 403.760010 75.000000 -0.624800
442.040009 436.390015 65.000000 -0.689700
87.070000 482.109985 35.000000 1.139200
322.970001 454.979980 35.000000 0.257200
326.859985 294.880005 205.000000 0.106300
155.990005 360.869995 135.000000 -0.337800
303.149994 321.829987 25.000000 1.332900
305.200012 98.620003 85.000000 -0.098200
106.320000 324.380005 175.000000 0.832900
365.730011 403.760010 205.000000 0.016400
490.339996 265.519989 45.000000 0.577400
257.549988 341.380005 65.000000 -0.237900
78.150002 435.610016 75.000000 -0.129300
474.270020 286.970001 155.000000 -0.728500
257.549988 341.380005 185.000000 0.367200
118.160011 475.640015 205.000000 -0.190900
164.960007 162.529999 75.000000 1.758300
346.649994 423.839996 95.000000 -0.749600
257.549988 341.380005 205.000000 0.401200
157.669998 258.649994 95.000000 1.209900
106.320000 324.380005 245.000000 -0.032900
303.149994 321.829987 35.000000 0.971300
360.320007 218.240005 165.000000 0.047700
110.339996 469.959961 55.000000 0.355800
8.950000 60.600002 135.000000 1.122600
136.740005 121.040001 15.000001 0.159300
494.790039 48.910000 104.999992 1.071400
18.750000 492.299988 155.000000 -0.320100
397.839996 243.309998 245.000000 0.482300
254.429977 472.820007 55.000000 0.110300
418.980042 132.100006 25.000000 -0.299800
451.160004 411.480011 35.000000 -0.637400
157.669998 258.649994 55.000000 1.239500
87.879997 274.649994 155.000000 1.142400
213.610001 335.230011 234.999985 0.525400
56.240005 285.160004 145.000000 1.817000
298.269989 94.169998 115.000000 -0.185600
110.339996 469.959961 215.000015 0.028200
305.200012 98.620003 195.000000 0.760900
469.350006 191.869995 95.000000 0.815800
418.980042 132.100006 125.000000 0.023300
127.139999 327.489990 175.000000 0.957300
485.619965 287.269989 115.000000 -0.252500
39.540001 330.609985 245.000000 0.110600
124.059998 227.130005 205.000000 0.443100
56.240005 285.160004 165.000000 1.399900
301.489990 273.140015 85.000000 -0.217600
318.250000 429.989990 225.000000 -0.381200
125.440002 312.079987 155.000000 0.581000
485.619965 287.269989 165.000000 -0.750000
303.149994 321.829987 135.000000 -0.723700
442.040009 436.390015 175.000000 0.232700
265.890015 249.910004 75.000000 0.629500
90.820000 436.950012 125.000000 -0.170000
298.269989 94.169998 85.000000 0.049100
130.139999 391.570007 165.000000 0.077800
106.320000 324.380005 65.000000 0.276000
241.470001 68.970001 155.000000 0.416000
395.619995 29.740000 195.000000 0.331600
360.170013 137.669998 205.000000 1.982100
29.600000 454.640015 35.000000 1.373400
428.800018 332.540009 245.000000 0.034400
494.790039 48.910000 15.000001 -0.522300
257.549988 341.380005 85.000000 -0.579000
451.160004 411.480011 185.000000 0.405900
148.389999 16.129999 95.000000 1.285200
136.740005 121.040001 25.000000 0.234800
378.690002 301.320007 125.000000 -0.703600
305.200012 98.620003 45.000000 -0.003800
475.950012 28.810001 234.999985 0.244400
110.449997 318.959991 185.000000 0.888200
164.960007 162.529999 15.000001 0.688500
36.660000 376.950012 125.000000 1.399200
29.600000 454.640015 15.000001 1.432200
44.119999 165.649994 215.000015 0.114200
451.160004 411.480011 155.000000 0.558900
265.890015 249.910004 95.000000 0.252300
15.230000 487.869965 85.000000 0.457100
18.750000 492.299988 245.000000 -0.343600
106.320000 324.380005 45.000000 0.474900
29.600000 454.640015 55.000000 0.980900
265.890015 249.910004 135.000000 0.459400
326.859985 294.880005 75.000000 -0.246900
469.350006 191.869995 45.000000 1.210200
397.839996 243.309998 205.000000 0.370400
469.350006 191.869995 145.000000 -0.311000
121.070007 192.259995 225.000000 0.113900
485.619965 287.269989 155.000000 -0.826800
278.220001 309.720001 15.000001 1.855200
378.690002 301.320007 225.000000 -0.011200
126.960007 469.989960 85.000000 -0.469600
126.960007 469.989960 245.000000 -0.126500
318.250000 429.989990 25.000000 0.704500
106.320000 324.380005 185.000000 0.828100
432.929993 319.820007 55.000000 0.109100
265.890015 249.910004 225.000000 0.792800
24.240000 60.180004 145.000000 0.776800
494.790039 48.910000 155.000000 0.336200
401.970001 486.839996 155.000000 -0.158700
400.339996 251.389999 215.000015 0.176600
365.730011 403.760010 145.000000 -0.003400
149.710007 20.520000 95.000000 1.513500
233.159988 273.779999 125.000000 0.118700
110.449997 318.959991 175.000000 0.818800
130.139999 391.570007 45.000000 -0.577000
106.320000 324.380005 234.999985 0.215700
90.820000 436.950012 95.000000 -0.237400
259.609985 410.989990 55.000000 -0.368800
241.470001 68.970001 205.000000 0.036700
442.040009 436.390015 75.000000 -0.744700
36.660000 376.950012 85.000000 0.818400
401.970001 486.839996 165.000000 -0.065800
110.339996 469.959961 65.000000 -0.038000
401.970001 486.839996 85.000000 -0.921700
124.059998 227.130005 185.000000 0.831500
313.820007 301.010010 55.000000 0.281000
300.089996 259.239990 205.000000 0.712600
21.549999 94.790001 145.000000 0.993100
257.549988 341.380005 215.000015 0.493900
428.800018 332.540009 155.000000 -0.137400
301.489990 273.140015 225.000000 0.531200
10.750000 436.549988 135.000000 0.901900
485.619965 287.269989 65.000000 0.383100
149.710007 20.520000 195.000000 0.373600
148.389999 16.129999 85.000000 1.456400
490.339996 265.519989 25.000000 0.564500
130.139999 391.570007 215.000015 0.430100
153.250000 487.290009 45.000000 0.504200
153.250000 487.290009 234.999985 -0.184500
254.429977 472.820007 205.000000 -0.619600
303.149994 321.829987 15.000001 1.740500
233.159988 273.779999 45.000000 0.722200
351.149994 317.230011 15.000001 1.558600
351.149994 317.230011 225.000000 0.220300
136.740005 121.040001 35.000000 0.538200
485.619965 287.269989 195.000000 -0.602700
395.619995 29.740000 245.000000 0.777600
395.619995 29.740000 95.000000 -0.702300
130.139999 391.570007 155.000000 -0.383900
36.660000 376.950012 245.000000 0.170800
322.970001 454.979980 205.000000 -0.617600
124.059998 227.130005 215.000015 0.314100
490.339996 265.519989 125.000000 -0.320400
432.929993 319.820007 45.000000 0.287000
177.470001 28.440002 25.000000 -0.336500
397.839996 243.309998 15.000001 0.629700
451.160004 411.480011 65.000000 -0.608000
164.960007 162.529999 225.000000 0.289500
36.660000 376.950012 25.000000 0.845400
303.149994 321.829987 175.000000 -0.037600
422.380005 473.869995 115.000000 -0.739100
369.950012 384.730011 95.000000 -0.605700
125.440002 312.079987 45.000000 0.393300
121.070007 192.259995 125.000000 2.360200
130.139999 391.570007 115.000000 -0.590800
365.730011 403.760010 225.000000 0.007900
148.389999 16.129999 125.000000 1.454200
10.750000 436.549988 15.000001 1.170200
130.139999 391.570007 145.000000 -0.080100
298.269989 94.169998 165.000000 0.139000
485.619965 287.269989 245.000000 -0.193900
469.350006 191.869995 125.000000 0.064800
301.489990 273.140015 185.000000 0.350200
449.420013 7.280000 145.000000 -0.133200
298.269989 94.169998 185.000000 0.404200
432.929993 319.820007 225.000000 -0.239000
265.890015 249.910004 234.999985 0.993400
494.790039 48.910000 35.000000 0.122900
213.610001 335.230011 104.999992 -0.586000
259.609985 410.989990 175.000000 -0.496300
442.040009 436.390015 95.000000 -0.562700
121.070007 192.259995 234.999985 -0.167400
303.149994 321.829987 55.000000 0.248700
136.740005 121.040001 65.000000 1.367400
346.649994 423.839996 45.000000 -0.160300
360.170013 137.669998 104.999992 -0.483900
106.320000 324.380005 195.000000 0.737100
322.970001 454.979980 15.000001 0.774800
241.470001 68.970001 234.999985 0.576200
360.320007 218.240005 234.999985 1.277800
298.269989 94.169998 45.000000 -0.014100
124.059998 227.130005 135.000000 2.040000
422.380005 473.869995 45.000000 -0.504100
155.990005 360.869995 175.000000 0.246900
125.440002 312.079987 25.000000 0.379200
322.970001 454.979980 104.999992 -0.777700
418.980042 132.100006 115.000000 0.141500
149.710007 20.520000 65.000000 0.643400
265.890015 249.910004 115.000000 0.356500
136.740005 121.040001 55.000000 1.139000
365.730011 403.760010 245.000000 0.089000
418.980042 132.100006 225.000000 1.948800
87.879997 274.649994 55.000000 1.201700
190.830002 249.960022 85.000000 0.870800
418.980042 132.100006 145.000000 0.091000
124.059998 227.130005 15.000001 0.894200
475.950012 28.810001 104.999992 0.250800
155.990005 360.869995 165.000000 -0.001600
369.950012 384.730011 125.000000 -0.515800
18.750000 492.299988 215.000015 -0.256000
326.859985 294.880005 15.000001 1.466300
265.890015 249.910004 104.999992 0.287200
259.609985 410.989990 104.999992 -0.958700
401.970001 486.839996 215.000015 0.249900
279.510010 102.050003 234.999985 1.031200
278.220001 309.720001 195.000000 0.589800
110.339996 469.959961 195.000000 0.166800
395.619995 29.740000 185.000000 0.077100
442.040009 436.390015 115.000000 -0.205400
279.510010 102.050003 125.000000 0.386800
397.839996 243.309998 185.000000 -0.191700
149.710007 20.520000 35.000000 -0.314400
125.440002 312.079987 55.000000 0.339100
303.149994 321.829987 145.000000 -0.615300
21.549999 94.790001 45.000000 1.646100
351.989990 427.250000 85.000000 -0.665300
164.960007 162.529999 145.000000 2.295800
56.240005 285.160004 55.000000 1.223200
157.669998 258.649994 195.000000 0.720400
18.750000 492.299988 234.999985 -0.534900
10.750000 436.549988 104.999992 0.834100
10.750000 436.549988 95.000000 0.696100
78.150002 435.610016 205.000000 0.547700
474.270020 286.970001 95.000000 -0.143900
78.150002 435.610016 195.000000 0.669600
346.649994 423.839996 104.999992 -0.644900
148.389999 16.129999 75.000000 1.065600
124.059998 227.130005 65.000000 1.619100
369.950012 384.730011 205.000000 0.080900
124.059998 227.130005 75.000000 1.796200
303.149994 321.829987 165.000000 -0.245100
300.089996 259.239990 65.000000 0.366200
124.059998 227.130005 25.000000 1.100400
351.149994 317.230011 25.000000 1.085000
130.139999 391.570007 185.000000 0.326200
148.389999 16.129999 145.000000 1.321700
78.150002 435.610016 225.000000 0.143900
395.619995 29.740000 215.000015 0.603800
397.839996 243.309998 115.000000 -0.758200
400.339996 251.389999 75.000000 0.082200
494.790039 48.910000 185.000000 0.534900
360.320007 218.240005 145.000000 -0.297800
485.619965 287.269989 104.999992 -0.300100
24.240000 60.180004 115.000000 1.350700
121.070007 192.259995 215.000015 0.476000
254.429977 472.820007 125.000000 -0.657700
351.989990 427.250000 135.000000 -0.201100
164.960007 162.529999 215.000015 0.442500
469.350006 191.869995 85.000000 1.078400
155.990005 360.869995 245.000000 0.132400
474.270020 286.970001 185.000000 -0.750100
110.449997 318.959991 45.000000 0.699900
24.240000 60.180004 234.999985 -0.222200
428.800018 332.540009 205.000000 -0.093600
125.440002 312.079987 85.000000 0.231100
494.790039 48.910000 145.000000 0.434800
475.950012 28.810001 25.000000 -1.099300
400.339996 251.389999 65.000000 0.078900
265.890015 249.910004 125.000000 0.296000
397.839996 243.309998 125.000000 -0.653100
164.960007 162.529999 185.000000 1.154500
305.200012 98.620003 135.000000 -0.064100
125.440002 312.079987 234.999985 0.263200
148.389999 16.129999 165.000000 0.774400
87.070000 482.109985 195.000000 -0.023700
490.339996 265.519989 195.000000 -0.771800
400.339996 251.389999 234.999985 0.233800
15.230000 487.869965 165.000000 -0.073200
474.270020 286.970001 175.000000 -0.620400
157.669998 258.649994 225.000000 0.449600
474.270020 286.970001 135.000000 -0.536500
451.160004 411.480011 205.000000 0.655200
365.730011 403.760010 234.999985 -0.009800
213.610001 335.230011 65.000000 -0.352300
362.690002 176.309998 115.000000 -0.236100
110.339996 469.959961 95.000000 -0.466200
321.350006 295.559998 25.000000 1.122300
127.139999 327.489990 195.000000 0.767900
127.139999 327.489990 135.000000 0.307500
442.040009 436.390015 195.000000 0.662200
351.989990 427.250000 25.000000 0.520400
378.690002 301.320007 215.000015 -0.209900
110.339996 469.959961 185.000000 -0.033900
127.139999 327.489990 75.000000 0.040200
474.270020 286.970001 195.000000 -0.515500
257.549988 341.380005 75.000000 -0.611100
490.339996 265.519989 234.999985 -0.195600
87.879997 274.649994 25.000000 0.883000
125.440002 312.079987 15.000001 0.188700
318.250000 429.989990 65.000000 -0.566300
303.149994 321.829987 95.000000 -0.615700
24.240000 60.180004 155.000000 0.692700
305.200012 98.620003 205.000000 0.976300
110.449997 318.959991 165.000000 0.510000
18.750000 492.299988 115.000000 -0.113100
118.160011 475.640015 115.000000 -0.490800
126.960007 469.989960 234.999985 0.020700
213.610001 335.230011 35.000000 0.458000
39.540001 330.609985 65.000000 1.096900
36.660000 376.950012 225.000000 0.722900
355.769989 359.440002 145.000000 -0.596300
21.549999 94.790001 125.000000 1.456600
90.820000 436.950012 65.000000 -0.153800
351.989990 427.250000 234.999985 -0.066700
213.610001 335.230011 25.000000 0.682600
190.830002 249.960022 45.000000 0.920600
490.339996 265.519989 175.000000 -0.680400
177.470001 28.440002 165.000000 0.789300
233.159988 273.779999 95.000000 0.109900
213.610001 335.230011 195.000000 0.522000
110.449997 318.959991 245.000000 -0.063000
432.929993 319.820007 145.000000 -0.632000
39.540001 330.609985 225.000000 0.753300
326.859985 294.880005 35.000000 1.083100
126.960007 469.989960 175.000000 -0.155500
432.929993 319.820007 75.000000 -0.174900
130.139999 391.570007 15.000001 0.058600
130.139999 391.570007 95.000000 -0.901900
369.950012 384.730011 135.000000 -0.445300
29.600000 454.640015 65.000000 0.664500
78.150002 435.610016 175.000000 0.597100
485.619965 287.269989 35.000000 0.615300
15.230000 487.869965 195.000000 0.010700
39.540001 330.609985 25.000000 0.713600
157.669998 258.649994 45.000000 1.009300
