pygeostat_saved_data
4
X
Y
Z
value
14.899999 492.149963 104.999992 0.108400
127.139999 327.489990 234.999985 0.403600
313.820007 301.010010 195.000000 0.295800
303.149994 321.829987 95.000000 -0.615700
127.139999 327.489990 125.000000 0.376200
106.320000 324.380005 245.000000 -0.032900
87.879997 274.649994 234.999985 -0.089200
360.320007 218.240005 215.000015 1.023700
87.879997 274.649994 215.000015 0.172500
256.179993 475.419983 245.000000 -0.663400
400.339996 251.389999 155.000000 -0.580800
303.149994 321.829987 245.000000 -0.070300
301.489990 273.140015 35.000000 1.177700
155.990005 360.869995 65.000000 -0.810200
157.669998 258.649994 205.000000 0.530100
110.449997 318.959991 65.000000 0.189900
14.899999 492.149963 205.000000 -0.305200
135.559998 23.230000 85.000000 1.238800
36.660000 376.950012 95.000000 0.872100
362.690002 176.309998 245.000000 1.898300
127.139999 327.489990 135.000000 0.307500
15.230000 487.869965 15.000001 1.400200
124.059998 227.130005 165.000000 1.180400
18.750000 492.299988 175.000000 -0.245100
155.990005 360.869995 75.000000 -0.921200
233.159988 273.779999 195.000000 1.009500
412.209991 59.169994 65.000000 -0.276500
75.480003 447.730011 15.000001 0.983400
135.559998 23.230000 225.000000 0.166600
351.149994 317.230011 85.000000 -0.355800
428.800018 332.540009 35.000000 0.263300
190.830002 249.960022 104.999992 0.973800
412.209991 59.169994 205.000000 0.887400
321.350006 295.559998 155.000000 -0.577500
475.950012 28.810001 115.000000 0.136400
124.059998 227.130005 115.000000 2.192500
29.600000 454.640015 95.000000 0.706700
118.160011 475.640015 205.000000 -0.190900
369.950012 384.730011 245.000000 -0.193200
351.989990 427.250000 104.999992 -0.619300
279.510010 102.050003 245.000000 1.111000
164.960007 162.529999 234.999985 -0.056600
475.950012 28.810001 245.000000 0.494900
360.320007 218.240005 85.000000 -0.164100
190.830002 249.960022 115.000000 1.086400
400.339996 251.389999 25.000000 0.408300
10.750000 436.549988 225.000000 0.186600
453.849976 194.809998 35.000000 0.841900
428.800018 332.540009 25.000000 0.423200
369.950012 384.730011 155.000000 0.109000
378.690002 301.320007 15.000001 1.231100
278.220001 309.720001 15.000001 1.855200
279.510010 102.050003 175.000000 0.507000
124.059998 227.130005 95.000000 1.947100
44.119999 165.649994 234.999985 -0.250500
142.399994 474.899994 95.000000 -0.679300
428.800018 332.540009 225.000000 -0.077900
475.950012 28.810001 45.000000 -0.317200
483.099976 150.429993 145.000000 0.593100
24.240000 60.180004 165.000000 0.475800
118.160011 475.640015 95.000000 -0.357300
8.950000 60.600002 245.000000 -0.234100
401.970001 486.839996 225.000000 0.637800
418.980042 132.100006 195.000000 1.523700
177.470001 28.440002 115.000000 1.507800
127.139999 327.489990 175.000000 0.957300
257.549988 341.380005 55.000000 0.078400
469.350006 191.869995 245.000000 0.663000
418.980042 132.100006 95.000000 0.374600
259.609985 410.989990 25.000000 0.740500
449.420013 7.280000 65.000000 -0.352100
318.250000 429.989990 155.000000 -0.401000
24.240000 60.180004 25.000000 1.206900
106.320000 324.380005 75.000000 0.490300
257.549988 341.380005 65.000000 -0.237900
164.960007 162.529999 225.000000 0.289500
326.859985 294.880005 115.000000 -0.770300
360.170013 137.669998 55.000000 -0.048200
148.389999 16.129999 125.000000 1.454200
322.970001 454.979980 65.000000 -0.498300
351.989990 427.250000 65.000000 -0.445600
318.250000 429.989990 115.000000 -0.754400
428.800018 332.540009 234.999985 0.139400
164.960007 162.529999 15.000001 0.688500
125.440002 312.079987 165.000000 0.695100
318.250000 429.989990 35.000000 0.372700
273.750000 95.489998 45.000000 0.238200
346.649994 423.839996 145.000000 -0.286000
485.619965 287.269989 155.000000 -0.826800
118.160011 475.640015 234.999985 -0.297400
124.059998 227.130005 35.000000 1.149300
298.269989 94.169998 85.000000 0.049100
432.929993 319.820007 15.000001 0.609700
164.960007 162.529999 104.999992 2.054801
24.240000 60.180004 245.000000 -0.223300
469.350006 191.869995 195.000000 0.188000
21.549999 94.790001 145.000000 0.993100
56.240005 285.160004 175.000000 1.144100
301.489990 273.140015 115.000000 -0.348200
422.380005 473.869995 95.000000 -0.895300
142.399994 474.899994 185.000000 -0.252700
401.970001 486.839996 175.000000 0.031700
360.170013 137.669998 175.000000 0.706300
10.750000 436.549988 145.000000 0.890200
360.320007 218.240005 45.000000 0.169200
400.339996 251.389999 95.000000 -0.428900
422.380005 473.869995 195.000000 0.206400
418.980042 132.100006 75.000000 0.317300
15.230000 487.869965 125.000000 -0.120400
149.710007 20.520000 75.000000 0.984400
318.250000 429.989990 65.000000 -0.566300
10.750000 436.549988 215.000015 0.578600
369.950012 384.730011 165.000000 0.253000
110.339996 469.959961 245.000000 0.089400
241.470001 68.970001 234.999985 0.576200
254.429977 472.820007 205.000000 -0.619600
400.339996 251.389999 205.000000 0.047300
148.389999 16.129999 115.000000 1.604300
397.839996 243.309998 145.000000 -0.466700
153.250000 487.290009 234.999985 -0.184500
362.690002 176.309998 215.000015 1.621300
90.820000 436.950012 104.999992 -0.303700
346.649994 423.839996 15.000001 0.613900
483.099976 150.429993 245.000000 0.898300
136.740005 121.040001 104.999992 2.052000
446.070007 82.370003 185.000000 0.692700
56.240005 285.160004 65.000000 1.390200
432.929993 319.820007 135.000000 -0.376200
446.070007 82.370003 155.000000 0.322000
360.320007 218.240005 245.000000 1.384900
278.220001 309.720001 195.000000 0.589800
397.839996 243.309998 165.000000 -0.406900
412.209991 59.169994 195.000000 0.895900
389.589996 27.639999 75.000000 -0.917700
87.879997 274.649994 245.000000 -0.405400
82.779999 262.029999 45.000000 1.423000
110.339996 469.959961 145.000000 -0.384800
446.070007 82.370003 195.000000 0.847300
412.209991 59.169994 104.999992 -0.267800
129.550003 337.709991 234.999985 0.604000
475.950012 28.810001 104.999992 0.250800
75.480003 447.730011 145.000000 0.507600
322.970001 454.979980 145.000000 -0.373700
90.820000 436.950012 95.000000 -0.237400
469.350006 191.869995 35.000000 0.740500
106.320000 324.380005 104.999992 0.536500
318.250000 429.989990 75.000000 -0.566700
129.550003 337.709991 15.000001 0.042700
75.480003 447.730011 115.000000 0.219500
278.220001 309.720001 55.000000 0.306600
369.950012 384.730011 215.000015 0.105500
356.609985 440.149963 85.000000 -0.805400
121.070007 192.259995 25.000000 0.896600
213.610001 335.230011 234.999985 0.525400
125.440002 312.079987 95.000000 0.410000
318.250000 429.989990 175.000000 -0.203600
135.559998 23.230000 45.000000 -0.082000
78.150002 435.610016 185.000000 0.566700
485.619965 287.269989 85.000000 0.089000
190.830002 249.960022 205.000000 0.825100
157.669998 258.649994 155.000000 1.207100
153.250000 487.290009 15.000001 0.764600
321.350006 295.559998 35.000000 1.083100
397.839996 243.309998 45.000000 0.182800
355.769989 359.440002 145.000000 -0.596300
256.179993 475.419983 165.000000 -0.542200
142.399994 474.899994 115.000000 -0.884100
155.990005 360.869995 135.000000 -0.337800
164.960007 162.529999 35.000000 0.603800
121.070007 192.259995 175.000000 1.074400
106.320000 324.380005 125.000000 0.628400
127.139999 327.489990 155.000000 0.358400
10.750000 436.549988 45.000000 1.216500
36.660000 376.950012 205.000000 1.141300
432.929993 319.820007 225.000000 -0.239000
326.859985 294.880005 185.000000 0.269600
318.250000 429.989990 185.000000 -0.292400
400.339996 251.389999 55.000000 0.235000
78.150002 435.610016 104.999992 0.029100
87.070000 482.109985 195.000000 -0.023700
451.160004 411.480011 165.000000 0.611700
369.950012 384.730011 175.000000 0.098300
62.029999 312.450012 115.000000 1.411200
233.159988 273.779999 65.000000 0.427700
118.160011 475.640015 135.000000 -0.580000
14.899999 492.149963 245.000000 -0.343600
127.139999 327.489990 104.999992 0.278400
322.970001 454.979980 95.000000 -0.892700
397.839996 243.309998 175.000000 -0.231600
148.389999 16.129999 65.000000 0.689500
397.839996 243.309998 95.000000 -0.512500
121.070007 192.259995 135.000000 2.226700
397.839996 243.309998 15.000001 0.629700
395.619995 29.740000 155.000000 -0.458000
130.139999 391.570007 125.000000 -0.538600
365.730011 403.760010 15.000001 0.779900
278.220001 309.720001 155.000000 -0.167600
110.339996 469.959961 205.000000 0.222500
127.139999 327.489990 185.000000 0.817300
44.119999 165.649994 104.999992 2.355400
300.089996 259.239990 35.000000 1.121600
8.950000 60.600002 215.000015 -0.410800
110.449997 318.959991 215.000015 0.488200
490.339996 265.519989 185.000000 -0.688500
124.059998 227.130005 234.999985 -0.118800
157.669998 258.649994 145.000000 0.977700
256.179993 475.419983 85.000000 -0.755500
213.610001 335.230011 25.000000 0.682600
418.980042 132.100006 234.999985 1.994700
326.859985 294.880005 35.000000 1.083100
346.649994 423.839996 65.000000 -0.448900
321.350006 295.559998 245.000000 -0.072300
401.970001 486.839996 75.000000 -0.792000
442.040009 436.390015 175.000000 0.232700
422.380005 473.869995 245.000000 1.255800
213.610001 335.230011 104.999992 -0.586000
446.070007 82.370003 75.000000 0.592100
351.149994 317.230011 45.000000 0.190200
475.950012 28.810001 65.000000 0.350200
428.800018 332.540009 245.000000 0.034400
446.070007 82.370003 35.000000 -0.052200
21.549999 94.790001 65.000000 1.524300
362.690002 176.309998 25.000000 0.357300
233.159988 273.779999 234.999985 0.727800
164.960007 162.529999 75.000000 1.758300
121.070007 192.259995 155.000000 1.705500
62.029999 312.450012 55.000000 0.956700
446.070007 82.370003 104.999992 0.370400
412.209991 59.169994 115.000000 -0.288200
475.950012 28.810001 195.000000 0.372100
254.429977 472.820007 85.000000 -0.755500
15.230000 487.869965 165.000000 -0.073200
412.209991 59.169994 145.000000 -0.149500
213.610001 335.230011 45.000000 0.166400
87.070000 482.109985 85.000000 0.191500
490.339996 265.519989 215.000015 -0.411500
121.070007 192.259995 75.000000 1.980000
428.800018 332.540009 125.000000 -0.309400
177.470001 28.440002 35.000000 -0.092800
110.449997 318.959991 145.000000 0.594100
126.960007 469.989960 145.000000 -0.549400
10.750000 436.549988 165.000000 0.909900
449.420013 7.280000 155.000000 -0.275500
395.619995 29.740000 85.000000 -0.520900
365.730011 403.760010 165.000000 0.240200
389.589996 27.639999 185.000000 0.181500
318.250000 429.989990 55.000000 -0.240900
360.170013 137.669998 234.999985 2.078700
265.890015 249.910004 185.000000 0.744200
494.790039 48.910000 135.000000 0.532000
14.899999 492.149963 75.000000 0.668200
432.929993 319.820007 245.000000 -0.002900
75.480003 447.730011 55.000000 0.420700
442.040009 436.390015 225.000000 0.867200
362.690002 176.309998 185.000000 0.900000
153.250000 487.290009 175.000000 -0.683100
400.339996 251.389999 195.000000 -0.052700
18.750000 492.299988 15.000001 1.237300
127.139999 327.489990 165.000000 0.642600
257.549988 341.380005 115.000000 -0.721100
164.960007 162.529999 205.000000 0.694600
190.830002 249.960022 65.000000 0.946200
418.980042 132.100006 185.000000 1.017400
124.059998 227.130005 175.000000 0.977500
265.890015 249.910004 245.000000 0.828000
322.970001 454.979980 15.000001 0.774800
351.149994 317.230011 205.000000 0.213200
213.610001 335.230011 75.000000 -0.533400
401.970001 486.839996 55.000000 -0.685600
87.070000 482.109985 55.000000 0.665700
395.619995 29.740000 125.000000 -0.684800
378.690002 301.320007 175.000000 -0.553200
18.750000 492.299988 185.000000 -0.186900
321.350006 295.559998 104.999992 -0.462700
318.250000 429.989990 215.000015 -0.712500
106.320000 324.380005 25.000000 0.426800
256.179993 475.419983 95.000000 -0.886200
24.240000 60.180004 195.000000 0.122100
303.149994 321.829987 205.000000 0.426200
326.859985 294.880005 225.000000 0.242900
78.150002 435.610016 205.000000 0.547700
446.070007 82.370003 205.000000 1.223200
395.619995 29.740000 135.000000 -0.565300
365.730011 403.760010 45.000000 0.146900
142.399994 474.899994 175.000000 -0.300200
303.149994 321.829987 185.000000 0.199700
8.950000 60.600002 85.000000 1.650700
164.960007 162.529999 125.000000 2.202200
483.099976 150.429993 195.000000 0.335700
29.600000 454.640015 35.000000 1.373400
125.440002 312.079987 75.000000 0.187500
446.070007 82.370003 95.000000 0.757600
326.859985 294.880005 165.000000 -0.459600
213.610001 335.230011 65.000000 -0.352300
305.200012 98.620003 225.000000 1.286400
360.320007 218.240005 145.000000 -0.297800
318.250000 429.989990 25.000000 0.704500
422.380005 473.869995 145.000000 -0.065000
44.119999 165.649994 185.000000 0.652700
378.690002 301.320007 45.000000 0.414500
365.730011 403.760010 25.000000 0.566200
233.159988 273.779999 145.000000 0.508000
300.089996 259.239990 155.000000 -0.081900
360.170013 137.669998 75.000000 -0.136700
378.690002 301.320007 135.000000 -0.904100
15.230000 487.869965 45.000000 1.023300
321.350006 295.559998 175.000000 -0.037900
233.159988 273.779999 55.000000 0.665200
142.399994 474.899994 215.000015 -0.211800
313.820007 301.010010 245.000000 -0.158700
241.470001 68.970001 245.000000 0.708000
279.510010 102.050003 215.000015 1.000500
233.159988 273.779999 155.000000 0.507400
14.899999 492.149963 145.000000 -0.208000
254.429977 472.820007 45.000000 0.401700
257.549988 341.380005 155.000000 -0.044800
301.489990 273.140015 45.000000 1.060600
157.669998 258.649994 104.999992 1.193100
485.619965 287.269989 55.000000 0.409000
378.690002 301.320007 85.000000 -0.636100
432.929993 319.820007 65.000000 -0.089000
273.750000 95.489998 25.000000 0.167100
485.619965 287.269989 175.000000 -0.723600
351.989990 427.250000 185.000000 -0.068500
56.240005 285.160004 245.000000 -0.534000
177.470001 28.440002 125.000000 1.447900
400.339996 251.389999 115.000000 -0.622100
15.230000 487.869965 195.000000 0.010700
453.849976 194.809998 165.000000 -0.262300
397.839996 243.309998 205.000000 0.370400
278.220001 309.720001 125.000000 -0.577000
233.159988 273.779999 175.000000 0.799900
351.149994 317.230011 245.000000 -0.239200
279.510010 102.050003 75.000000 0.341500
24.240000 60.180004 104.999992 1.716200
136.740005 121.040001 225.000000 0.083700
490.339996 265.519989 195.000000 -0.771800
397.839996 243.309998 185.000000 -0.191700
401.970001 486.839996 195.000000 -0.133000
75.480003 447.730011 135.000000 0.233100
395.619995 29.740000 45.000000 -1.025800
273.750000 95.489998 195.000000 0.544500
360.170013 137.669998 135.000000 -0.049200
106.320000 324.380005 145.000000 0.604000
82.779999 262.029999 205.000000 0.398100
412.209991 59.169994 155.000000 0.053500
483.099976 150.429993 215.000015 0.598200
233.159988 273.779999 104.999992 0.127300
278.220001 309.720001 135.000000 -0.454800
39.540001 330.609985 75.000000 1.480200
351.989990 427.250000 205.000000 -0.088500
453.849976 194.809998 75.000000 1.032400
279.510010 102.050003 185.000000 0.572700
326.859985 294.880005 95.000000 -0.698900
14.899999 492.149963 115.000000 -0.113100
428.800018 332.540009 85.000000 -0.467200
490.339996 265.519989 135.000000 -0.509100
213.610001 335.230011 145.000000 -0.110700
313.820007 301.010010 234.999985 0.209300
87.879997 274.649994 205.000000 0.294600
87.070000 482.109985 165.000000 -0.032200
474.270020 286.970001 175.000000 -0.620400
18.750000 492.299988 104.999992 0.108400
400.339996 251.389999 215.000015 0.176600
278.220001 309.720001 205.000000 0.685300
360.320007 218.240005 115.000000 -0.464700
36.660000 376.950012 125.000000 1.399200
401.970001 486.839996 205.000000 0.227400
106.320000 324.380005 55.000000 0.443900
278.220001 309.720001 185.000000 0.546200
401.970001 486.839996 155.000000 -0.158700
483.099976 150.429993 45.000000 1.155800
125.440002 312.079987 195.000000 0.843100
300.089996 259.239990 55.000000 0.549700
124.059998 227.130005 145.000000 1.547200
378.690002 301.320007 185.000000 -0.084400
378.690002 301.320007 115.000000 -0.798400
365.730011 403.760010 95.000000 -0.656100
75.480003 447.730011 225.000000 0.139400
451.160004 411.480011 95.000000 -0.504600
155.990005 360.869995 15.000001 0.251700
475.950012 28.810001 175.000000 0.331200
8.950000 60.600002 75.000000 1.405900
351.149994 317.230011 25.000000 1.085000
469.350006 191.869995 104.999992 0.632800
474.270020 286.970001 245.000000 0.014900
389.589996 27.639999 135.000000 -0.914700
124.059998 227.130005 25.000000 1.100400
300.089996 259.239990 45.000000 0.936300
278.220001 309.720001 75.000000 0.150400
475.950012 28.810001 125.000000 -0.009500
351.149994 317.230011 125.000000 -1.070500
149.710007 20.520000 145.000000 1.160300
241.470001 68.970001 165.000000 0.161700
469.350006 191.869995 145.000000 -0.311000
110.449997 318.959991 165.000000 0.510000
369.950012 384.730011 225.000000 0.127100
39.540001 330.609985 125.000000 1.772100
401.970001 486.839996 65.000000 -0.620600
432.929993 319.820007 185.000000 -0.365300
257.549988 341.380005 75.000000 -0.611100
322.970001 454.979980 75.000000 -0.839300
378.690002 301.320007 95.000000 -0.663800
300.089996 259.239990 225.000000 0.929100
29.600000 454.640015 155.000000 0.327300
44.119999 165.649994 155.000000 1.488900
326.859985 294.880005 155.000000 -0.577500
10.750000 436.549988 205.000000 0.718900
10.750000 436.549988 55.000000 1.064200
213.610001 335.230011 135.000000 -0.331700
483.099976 150.429993 165.000000 0.139600
149.710007 20.520000 225.000000 0.142700
29.600000 454.640015 245.000000 -0.325500
29.600000 454.640015 225.000000 0.074900
451.160004 411.480011 245.000000 1.138200
118.160011 475.640015 145.000000 -0.524400
149.710007 20.520000 25.000000 -0.563000
355.769989 359.440002 225.000000 0.000500
400.339996 251.389999 165.000000 -0.628400
29.600000 454.640015 85.000000 0.539000
449.420013 7.280000 45.000000 -0.998500
369.950012 384.730011 85.000000 -0.659000
124.059998 227.130005 104.999992 2.164700
273.750000 95.489998 185.000000 0.418500
259.609985 410.989990 155.000000 -0.574900
322.970001 454.979980 125.000000 -0.629500
475.950012 28.810001 234.999985 0.244400
369.950012 384.730011 35.000000 0.585800
135.559998 23.230000 234.999985 0.071200
412.209991 59.169994 185.000000 0.667800
135.559998 23.230000 165.000000 0.840500
365.730011 403.760010 155.000000 0.283100
442.040009 436.390015 145.000000 0.187200
56.240005 285.160004 155.000000 1.667900
157.669998 258.649994 245.000000 0.114900
241.470001 68.970001 35.000000 0.252500
62.029999 312.450012 104.999992 1.321300
301.489990 273.140015 135.000000 -0.494400
164.960007 162.529999 155.000000 1.958600
39.540001 330.609985 45.000000 0.826100
401.970001 486.839996 95.000000 -0.820700
356.609985 440.149963 245.000000 0.011800
395.619995 29.740000 25.000000 -1.409200
313.820007 301.010010 145.000000 -0.744500
362.690002 176.309998 45.000000 0.044900
300.089996 259.239990 165.000000 0.225400
39.540001 330.609985 155.000000 1.694800
136.740005 121.040001 55.000000 1.139000
369.950012 384.730011 125.000000 -0.515800
124.059998 227.130005 55.000000 1.502500
21.549999 94.790001 155.000000 0.829200
87.879997 274.649994 185.000000 0.811700
257.549988 341.380005 175.000000 0.206000
82.779999 262.029999 225.000000 0.133000
142.399994 474.899994 65.000000 0.195900
78.150002 435.610016 135.000000 0.211200
418.980042 132.100006 135.000000 0.067800
474.270020 286.970001 135.000000 -0.536500
10.750000 436.549988 155.000000 0.783100
21.549999 94.790001 125.000000 1.456600
259.609985 410.989990 225.000000 -0.489100
451.160004 411.480011 35.000000 -0.637400
453.849976 194.809998 155.000000 -0.096800
346.649994 423.839996 35.000000 0.259700
90.820000 436.950012 65.000000 -0.153800
14.899999 492.149963 195.000000 -0.174200
56.240005 285.160004 115.000000 2.052200
298.269989 94.169998 155.000000 0.216100
136.740005 121.040001 245.000000 -0.013300
56.240005 285.160004 234.999985 -0.168000
305.200012 98.620003 185.000000 0.228700
442.040009 436.390015 155.000000 0.606700
213.610001 335.230011 15.000001 1.096700
106.320000 324.380005 215.000015 0.556200
451.160004 411.480011 65.000000 -0.608000
449.420013 7.280000 75.000000 -0.508900
483.099976 150.429993 85.000000 1.395100
44.119999 165.649994 175.000000 1.069400
256.179993 475.419983 234.999985 -0.788400
432.929993 319.820007 205.000000 -0.175200
362.690002 176.309998 155.000000 0.314300
135.559998 23.230000 245.000000 0.224500
279.510010 102.050003 55.000000 0.424600
110.449997 318.959991 75.000000 0.341700
453.849976 194.809998 55.000000 1.018600
474.270020 286.970001 65.000000 0.217700
305.200012 98.620003 215.000015 1.001800
87.070000 482.109985 25.000000 1.275500
87.879997 274.649994 65.000000 1.342200
129.550003 337.709991 125.000000 0.115700
326.859985 294.880005 85.000000 -0.311500
87.070000 482.109985 155.000000 -0.122000
360.170013 137.669998 165.000000 0.659600
303.149994 321.829987 234.999985 -0.005900
300.089996 259.239990 85.000000 0.154500
142.399994 474.899994 104.999992 -0.753500
190.830002 249.960022 234.999985 0.560500
453.849976 194.809998 15.000001 0.711800
125.440002 312.079987 225.000000 0.562200
110.449997 318.959991 104.999992 0.434200
273.750000 95.489998 234.999985 0.781000
490.339996 265.519989 45.000000 0.577400
62.029999 312.450012 95.000000 1.200300
87.879997 274.649994 95.000000 1.474300
82.779999 262.029999 234.999985 -0.322700
155.990005 360.869995 225.000000 0.390500
475.950012 28.810001 145.000000 -0.047700
56.240005 285.160004 135.000000 1.799000
360.320007 218.240005 155.000000 -0.101100
483.099976 150.429993 205.000000 0.366500
401.970001 486.839996 215.000015 0.249900
130.139999 391.570007 225.000000 0.391300
428.800018 332.540009 175.000000 -0.247000
449.420013 7.280000 95.000000 -0.261900
257.549988 341.380005 185.000000 0.367200
395.619995 29.740000 225.000000 0.568400
149.710007 20.520000 104.999992 1.657100
305.200012 98.620003 195.000000 0.760900
351.989990 427.250000 55.000000 -0.205500
121.070007 192.259995 15.000001 0.896100
356.609985 440.149963 215.000015 -0.215300
10.750000 436.549988 65.000000 0.894100
90.820000 436.950012 75.000000 0.018600
39.540001 330.609985 234.999985 0.389500
442.040009 436.390015 65.000000 -0.689700
322.970001 454.979980 165.000000 -0.227400
490.339996 265.519989 175.000000 -0.680400
418.980042 132.100006 115.000000 0.141500
490.339996 265.519989 95.000000 0.151600
82.779999 262.029999 165.000000 1.260400
29.600000 454.640015 145.000000 0.388300
21.549999 94.790001 75.000000 1.699300
241.470001 68.970001 45.000000 0.175400
125.440002 312.079987 175.000000 0.690900
365.730011 403.760010 234.999985 -0.009800
39.540001 330.609985 175.000000 1.397900
356.609985 440.149963 205.000000 -0.290500
125.440002 312.079987 215.000015 0.380300
389.589996 27.639999 175.000000 -0.030100
110.449997 318.959991 15.000001 0.267000
164.960007 162.529999 115.000000 2.450400
451.160004 411.480011 205.000000 0.655200
474.270020 286.970001 104.999992 -0.389600
278.220001 309.720001 45.000000 0.678500
18.750000 492.299988 85.000000 0.263100
135.559998 23.230000 65.000000 0.806400
474.270020 286.970001 145.000000 -0.842200
369.950012 384.730011 15.000001 1.049600
298.269989 94.169998 225.000000 0.894600
453.849976 194.809998 45.000000 1.144300
432.929993 319.820007 165.000000 -0.557400
18.750000 492.299988 115.000000 -0.113100
449.420013 7.280000 55.000000 -0.718700
177.470001 28.440002 155.000000 0.890800
110.449997 318.959991 135.000000 0.576600
298.269989 94.169998 45.000000 -0.014100
322.970001 454.979980 115.000000 -1.008600
213.610001 335.230011 115.000000 -0.384500
301.489990 273.140015 125.000000 -0.190300
153.250000 487.290009 185.000000 -0.343900
401.970001 486.839996 35.000000 -0.420000
259.609985 410.989990 115.000000 -1.075800
395.619995 29.740000 145.000000 -0.574900
346.649994 423.839996 225.000000 -0.318700
303.149994 321.829987 155.000000 -0.462700
494.790039 48.910000 55.000000 0.909000
62.029999 312.450012 15.000001 0.446700
130.139999 391.570007 85.000000 -1.045000
36.660000 376.950012 115.000000 1.424000
451.160004 411.480011 145.000000 0.362400
475.950012 28.810001 55.000000 -0.372500
453.849976 194.809998 115.000000 0.193500
155.990005 360.869995 245.000000 0.132400
369.950012 384.730011 145.000000 -0.283200
490.339996 265.519989 225.000000 -0.352900
14.899999 492.149963 215.000015 -0.256000
233.159988 273.779999 135.000000 0.275200
453.849976 194.809998 95.000000 0.707600
110.339996 469.959961 135.000000 -0.491700
362.690002 176.309998 15.000001 0.411600
257.549988 341.380005 104.999992 -0.722100
118.160011 475.640015 75.000000 0.064400
475.950012 28.810001 15.000001 -1.021100
395.619995 29.740000 195.000000 0.331600
422.380005 473.869995 55.000000 -0.820600
126.960007 469.989960 35.000000 0.593100
75.480003 447.730011 45.000000 0.696000
136.740005 121.040001 155.000000 1.624200
136.740005 121.040001 135.000000 2.087600
279.510010 102.050003 104.999992 0.317800
149.710007 20.520000 125.000000 1.565100
362.690002 176.309998 85.000000 -0.116200
474.270020 286.970001 45.000000 0.432400
351.989990 427.250000 195.000000 0.054400
400.339996 251.389999 125.000000 -0.732800
432.929993 319.820007 85.000000 -0.122500
446.070007 82.370003 215.000015 1.380100
82.779999 262.029999 35.000000 1.185700
360.170013 137.669998 95.000000 -0.370500
24.240000 60.180004 205.000000 -0.200300
318.250000 429.989990 15.000001 1.013200
483.099976 150.429993 135.000000 0.685200
432.929993 319.820007 145.000000 -0.632000
279.510010 102.050003 45.000000 0.482100
213.610001 335.230011 205.000000 0.623200
365.730011 403.760010 195.000000 0.223000
118.160011 475.640015 215.000015 0.034200
10.750000 436.549988 95.000000 0.696100
153.250000 487.290009 125.000000 -0.744800
177.470001 28.440002 245.000000 0.158900
360.170013 137.669998 145.000000 0.063700
241.470001 68.970001 104.999992 0.825400
8.950000 60.600002 175.000000 0.171000
432.929993 319.820007 75.000000 -0.174900
397.839996 243.309998 75.000000 -0.132200
87.879997 274.649994 145.000000 1.278900
127.139999 327.489990 55.000000 0.193900
355.769989 359.440002 245.000000 -0.306200
254.429977 472.820007 245.000000 -0.663400
475.950012 28.810001 95.000000 0.320300
110.449997 318.959991 25.000000 0.536100
129.550003 337.709991 95.000000 0.012900
126.960007 469.989960 65.000000 0.015700
190.830002 249.960022 45.000000 0.920600
301.489990 273.140015 104.999992 -0.373400
124.059998 227.130005 45.000000 1.319300
313.820007 301.010010 104.999992 -0.752100
278.220001 309.720001 85.000000 -0.244300
130.139999 391.570007 145.000000 -0.080100
401.970001 486.839996 45.000000 -0.523700
483.099976 150.429993 234.999985 0.952700
153.250000 487.290009 225.000000 -0.394800
474.270020 286.970001 195.000000 -0.515500
412.209991 59.169994 225.000000 1.287600
29.600000 454.640015 215.000015 0.250700
449.420013 7.280000 35.000000 -1.287400
356.609985 440.149963 145.000000 0.044800
130.139999 391.570007 185.000000 0.326200
351.149994 317.230011 234.999985 -0.067700
298.269989 94.169998 215.000015 0.941000
422.380005 473.869995 45.000000 -0.504100
164.960007 162.529999 195.000000 0.661100
87.070000 482.109985 65.000000 0.572600
130.139999 391.570007 95.000000 -0.901900
129.550003 337.709991 35.000000 0.041300
164.960007 162.529999 95.000000 2.127200
321.350006 295.559998 55.000000 0.471200
190.830002 249.960022 135.000000 1.156200
362.690002 176.309998 75.000000 -0.062300
389.589996 27.639999 215.000015 0.555100
15.230000 487.869965 104.999992 0.192200
148.389999 16.129999 205.000000 0.354300
56.240005 285.160004 95.000000 1.693400
485.619965 287.269989 205.000000 -0.505700
82.779999 262.029999 245.000000 -0.269000
449.420013 7.280000 165.000000 0.216400
428.800018 332.540009 45.000000 0.131400
428.800018 332.540009 215.000015 -0.013400
351.989990 427.250000 225.000000 -0.118200
153.250000 487.290009 75.000000 -0.261400
389.589996 27.639999 245.000000 0.955100
279.510010 102.050003 25.000000 0.268600
362.690002 176.309998 145.000000 -0.014400
351.149994 317.230011 15.000001 1.558600
177.470001 28.440002 145.000000 1.103300
355.769989 359.440002 55.000000 0.003600
110.339996 469.959961 185.000000 -0.033900
469.350006 191.869995 125.000000 0.064800
18.750000 492.299988 165.000000 -0.190000
301.489990 273.140015 65.000000 0.284200
118.160011 475.640015 45.000000 0.785900
362.690002 176.309998 65.000000 0.081100
148.389999 16.129999 95.000000 1.285200
365.730011 403.760010 85.000000 -0.745700
56.240005 285.160004 15.000001 0.141800
301.489990 273.140015 15.000001 1.464700
351.989990 427.250000 75.000000 -0.587700
157.669998 258.649994 95.000000 1.209900
62.029999 312.450012 225.000000 0.348500
142.399994 474.899994 135.000000 -0.831200
490.339996 265.519989 125.000000 -0.320400
106.320000 324.380005 155.000000 0.672600
301.489990 273.140015 55.000000 0.671400
401.970001 486.839996 15.000001 -0.317200
322.970001 454.979980 245.000000 -0.168000
400.339996 251.389999 234.999985 0.233800
469.350006 191.869995 15.000001 0.778700
155.990005 360.869995 85.000000 -0.992600
346.649994 423.839996 95.000000 -0.749600
422.380005 473.869995 65.000000 -0.716800
177.470001 28.440002 75.000000 0.909100
305.200012 98.620003 234.999985 1.168800
257.549988 341.380005 234.999985 0.228500
412.209991 59.169994 45.000000 -0.653000
56.240005 285.160004 45.000000 1.197500
44.119999 165.649994 15.000001 0.742900
428.800018 332.540009 75.000000 -0.404000
39.540001 330.609985 245.000000 0.110600
110.449997 318.959991 85.000000 0.578800
369.950012 384.730011 115.000000 -0.555300
75.480003 447.730011 195.000000 0.320200
351.989990 427.250000 125.000000 -0.474600
300.089996 259.239990 185.000000 0.532500
56.240005 285.160004 225.000000 0.104900
130.139999 391.570007 205.000000 0.439900
428.800018 332.540009 195.000000 -0.135100
265.890015 249.910004 15.000001 1.383900
14.899999 492.149963 185.000000 -0.186900
351.989990 427.250000 85.000000 -0.665300
18.750000 492.299988 65.000000 0.652200
155.990005 360.869995 175.000000 0.246900
451.160004 411.480011 234.999985 1.118500
56.240005 285.160004 215.000015 0.399400
127.139999 327.489990 75.000000 0.040200
153.250000 487.290009 245.000000 -0.238500
360.320007 218.240005 25.000000 0.782400
273.750000 95.489998 205.000000 0.634100
148.389999 16.129999 185.000000 0.415500
301.489990 273.140015 165.000000 -0.245200
494.790039 48.910000 155.000000 0.336200
446.070007 82.370003 135.000000 0.398600
126.960007 469.989960 165.000000 -0.256100
318.250000 429.989990 195.000000 -0.407900
8.950000 60.600002 45.000000 1.543900
39.540001 330.609985 195.000000 0.899100
469.350006 191.869995 75.000000 1.217100
351.989990 427.250000 175.000000 0.076200
153.250000 487.290009 205.000000 -0.517200
87.879997 274.649994 225.000000 -0.005600
254.429977 472.820007 234.999985 -0.788400
321.350006 295.559998 165.000000 -0.459600
305.200012 98.620003 125.000000 -0.243000
355.769989 359.440002 75.000000 -0.531200
118.160011 475.640015 15.000001 1.055400
241.470001 68.970001 55.000000 0.424300
400.339996 251.389999 135.000000 -0.729200
365.730011 403.760010 125.000000 -0.437600
130.139999 391.570007 165.000000 0.077800
142.399994 474.899994 35.000000 0.560000
451.160004 411.480011 125.000000 0.000100
213.610001 335.230011 95.000000 -0.564700
125.440002 312.079987 234.999985 0.263200
177.470001 28.440002 25.000000 -0.336500
365.730011 403.760010 225.000000 0.007900
321.350006 295.559998 25.000000 1.122300
490.339996 265.519989 115.000000 -0.321700
241.470001 68.970001 65.000000 0.698100
301.489990 273.140015 85.000000 -0.217600
36.660000 376.950012 45.000000 0.772500
177.470001 28.440002 15.000001 -0.466200
346.649994 423.839996 125.000000 -0.662600
177.470001 28.440002 85.000000 1.248600
300.089996 259.239990 245.000000 0.800000
400.339996 251.389999 145.000000 -0.805500
14.899999 492.149963 225.000000 -0.185100
157.669998 258.649994 25.000000 0.948500
365.730011 403.760010 75.000000 -0.624800
362.690002 176.309998 175.000000 0.739100
442.040009 436.390015 75.000000 -0.744700
135.559998 23.230000 75.000000 1.230300
148.389999 16.129999 45.000000 0.095500
254.429977 472.820007 215.000015 -0.863300
428.800018 332.540009 185.000000 -0.178200
494.790039 48.910000 15.000001 -0.522300
259.609985 410.989990 234.999985 -0.531100
400.339996 251.389999 65.000000 0.078900
494.790039 48.910000 225.000000 0.348800
241.470001 68.970001 85.000000 0.942100
362.690002 176.309998 125.000000 -0.179700
149.710007 20.520000 95.000000 1.513500
474.270020 286.970001 75.000000 0.173600
362.690002 176.309998 135.000000 -0.133400
360.320007 218.240005 35.000000 0.463600
432.929993 319.820007 215.000015 -0.183800
29.600000 454.640015 115.000000 0.470300
56.240005 285.160004 145.000000 1.817000
355.769989 359.440002 35.000000 0.579300
301.489990 273.140015 95.000000 -0.343500
303.149994 321.829987 85.000000 -0.415100
24.240000 60.180004 85.000000 1.506200
378.690002 301.320007 165.000000 -0.581500
142.399994 474.899994 234.999985 -0.105800
321.350006 295.559998 95.000000 -0.698900
469.350006 191.869995 65.000000 1.260500
412.209991 59.169994 215.000015 1.151700
453.849976 194.809998 234.999985 0.806200
397.839996 243.309998 104.999992 -0.662400
474.270020 286.970001 234.999985 -0.136400
129.550003 337.709991 155.000000 0.465500
126.960007 469.989960 15.000001 0.716800
318.250000 429.989990 245.000000 -0.560100
15.230000 487.869965 135.000000 -0.202600
121.070007 192.259995 245.000000 -0.582500
110.339996 469.959961 155.000000 -0.161500
254.429977 472.820007 115.000000 -1.005500
418.980042 132.100006 65.000000 0.574100
355.769989 359.440002 234.999985 -0.242000
127.139999 327.489990 25.000000 0.113700
400.339996 251.389999 45.000000 0.238100
129.550003 337.709991 104.999992 -0.070100
254.429977 472.820007 65.000000 -0.276800
326.859985 294.880005 135.000000 -0.525600
136.740005 121.040001 65.000000 1.367400
305.200012 98.620003 104.999992 -0.110100
305.200012 98.620003 95.000000 -0.159400
75.480003 447.730011 215.000015 0.365900
241.470001 68.970001 115.000000 0.815000
90.820000 436.950012 165.000000 0.278200
257.549988 341.380005 215.000015 0.493900
395.619995 29.740000 15.000001 -1.320600
124.059998 227.130005 205.000000 0.443100
254.429977 472.820007 104.999992 -1.124100
305.200012 98.620003 75.000000 -0.206200
451.160004 411.480011 15.000001 -0.399600
360.170013 137.669998 195.000000 1.708600
401.970001 486.839996 104.999992 -0.889600
62.029999 312.450012 85.000000 1.127600
21.549999 94.790001 25.000000 1.407400
453.849976 194.809998 175.000000 0.006800
418.980042 132.100006 104.999992 0.207000
360.170013 137.669998 25.000000 0.039800
148.389999 16.129999 195.000000 0.283200
278.220001 309.720001 165.000000 0.209600
442.040009 436.390015 115.000000 -0.205400
190.830002 249.960022 195.000000 0.761700
378.690002 301.320007 225.000000 -0.011200
256.179993 475.419983 195.000000 -0.614800
313.820007 301.010010 25.000000 1.303100
10.750000 436.549988 185.000000 0.619100
87.879997 274.649994 175.000000 1.176000
322.970001 454.979980 25.000000 0.361900
256.179993 475.419983 115.000000 -1.005500
369.950012 384.730011 75.000000 -0.525000
177.470001 28.440002 65.000000 0.709900
483.099976 150.429993 155.000000 0.099100
395.619995 29.740000 95.000000 -0.702300
62.029999 312.450012 175.000000 1.053500
15.230000 487.869965 185.000000 -0.064200
298.269989 94.169998 35.000000 0.011400
378.690002 301.320007 215.000015 -0.209900
490.339996 265.519989 25.000000 0.564500
124.059998 227.130005 155.000000 1.705200
259.609985 410.989990 35.000000 0.531900
305.200012 98.620003 145.000000 -0.150600
130.139999 391.570007 75.000000 -0.922500
118.160011 475.640015 195.000000 -0.020600
82.779999 262.029999 25.000000 0.930300
136.740005 121.040001 175.000000 0.889600
39.540001 330.609985 205.000000 1.011300
130.139999 391.570007 175.000000 0.121800
87.070000 482.109985 234.999985 -0.233800
346.649994 423.839996 75.000000 -0.636900
494.790039 48.910000 205.000000 0.476700
265.890015 249.910004 225.000000 0.792800
453.849976 194.809998 65.000000 1.019300
259.609985 410.989990 55.000000 -0.368800
305.200012 98.620003 45.000000 -0.003800
259.609985 410.989990 85.000000 -0.999600
485.619965 287.269989 25.000000 0.279400
36.660000 376.950012 135.000000 1.629500
322.970001 454.979980 155.000000 -0.389900
136.740005 121.040001 145.000000 1.749000
351.989990 427.250000 15.000001 0.546100
360.320007 218.240005 185.000000 0.370200
313.820007 301.010010 225.000000 0.240500
254.429977 472.820007 75.000000 -0.490800
126.960007 469.989960 215.000015 0.004500
87.070000 482.109985 215.000015 -0.243700
485.619965 287.269989 15.000001 0.336500
29.600000 454.640015 135.000000 0.374100
148.389999 16.129999 245.000000 0.250700
451.160004 411.480011 225.000000 0.993200
303.149994 321.829987 125.000000 -0.834100
241.470001 68.970001 15.000001 0.004700
157.669998 258.649994 185.000000 0.754000
362.690002 176.309998 104.999992 -0.328900
233.159988 273.779999 245.000000 0.453800
241.470001 68.970001 155.000000 0.416000
90.820000 436.950012 195.000000 0.617300
110.449997 318.959991 155.000000 0.693600
233.159988 273.779999 95.000000 0.109900
90.820000 436.950012 175.000000 0.385000
278.220001 309.720001 95.000000 -0.229900
135.559998 23.230000 35.000000 -0.493500
449.420013 7.280000 185.000000 0.376500
256.179993 475.419983 104.999992 -1.124100
355.769989 359.440002 135.000000 -0.839900
256.179993 475.419983 75.000000 -0.490800
121.070007 192.259995 65.000000 1.640200
256.179993 475.419983 65.000000 -0.276800
15.230000 487.869965 145.000000 -0.104100
273.750000 95.489998 245.000000 1.042700
318.250000 429.989990 234.999985 -0.461800
129.550003 337.709991 135.000000 0.213100
149.710007 20.520000 85.000000 1.181300
126.960007 469.989960 115.000000 -0.764300
422.380005 473.869995 175.000000 0.320000
78.150002 435.610016 165.000000 0.527500
298.269989 94.169998 185.000000 0.404200
24.240000 60.180004 125.000000 1.271000
36.660000 376.950012 245.000000 0.170800
29.600000 454.640015 195.000000 0.132500
87.070000 482.109985 75.000000 0.192600
469.350006 191.869995 165.000000 -0.265900
446.070007 82.370003 234.999985 1.559000
155.990005 360.869995 45.000000 -0.236900
483.099976 150.429993 125.000000 0.595600
110.339996 469.959961 125.000000 -0.468400
303.149994 321.829987 135.000000 -0.723700
136.740005 121.040001 25.000000 0.234800
110.449997 318.959991 195.000000 0.761400
44.119999 165.649994 225.000000 -0.061600
483.099976 150.429993 225.000000 0.697900
157.669998 258.649994 85.000000 1.213700
397.839996 243.309998 245.000000 0.482300
389.589996 27.639999 145.000000 -0.466000
446.070007 82.370003 145.000000 0.267600
62.029999 312.450012 125.000000 1.356600
118.160011 475.640015 65.000000 0.183500
412.209991 59.169994 135.000000 -0.264100
129.550003 337.709991 215.000015 0.690800
190.830002 249.960022 215.000015 0.748600
257.549988 341.380005 35.000000 0.712600
494.790039 48.910000 195.000000 0.325500
90.820000 436.950012 45.000000 0.467200
213.610001 335.230011 215.000015 0.779700
360.320007 218.240005 225.000000 1.226500
303.149994 321.829987 115.000000 -0.860200
451.160004 411.480011 135.000000 0.225500
130.139999 391.570007 115.000000 -0.590800
360.170013 137.669998 104.999992 -0.483900
365.730011 403.760010 35.000000 0.339900
164.960007 162.529999 215.000015 0.442500
494.790039 48.910000 35.000000 0.122900
298.269989 94.169998 75.000000 -0.112400
412.209991 59.169994 25.000000 -0.869300
483.099976 150.429993 95.000000 1.193200
442.040009 436.390015 125.000000 -0.063500
36.660000 376.950012 75.000000 0.878200
149.710007 20.520000 165.000000 0.765600
18.750000 492.299988 135.000000 -0.212800
257.549988 341.380005 85.000000 -0.579000
356.609985 440.149963 55.000000 -0.314700
155.990005 360.869995 95.000000 -0.990600
378.690002 301.320007 234.999985 0.177000
177.470001 28.440002 104.999992 1.485500
254.429977 472.820007 55.000000 0.110300
121.070007 192.259995 125.000000 2.360200
401.970001 486.839996 234.999985 0.813500
8.950000 60.600002 185.000000 0.062100
125.440002 312.079987 205.000000 0.744400
254.429977 472.820007 25.000000 0.739600
418.980042 132.100006 125.000000 0.023300
453.849976 194.809998 195.000000 0.184500
124.059998 227.130005 215.000015 0.314100
313.820007 301.010010 85.000000 -0.493200
453.849976 194.809998 245.000000 0.816500
213.610001 335.230011 185.000000 0.600700
356.609985 440.149963 65.000000 -0.482000
118.160011 475.640015 115.000000 -0.490800
127.139999 327.489990 195.000000 0.767900
75.480003 447.730011 245.000000 -0.102500
177.470001 28.440002 45.000000 0.126800
259.609985 410.989990 104.999992 -0.958700
453.849976 194.809998 185.000000 0.010700
90.820000 436.950012 115.000000 -0.105000
305.200012 98.620003 165.000000 0.314900
8.950000 60.600002 155.000000 0.638500
351.989990 427.250000 165.000000 0.289800
360.170013 137.669998 65.000000 -0.247600
451.160004 411.480011 185.000000 0.405900
494.790039 48.910000 75.000000 1.232400
265.890015 249.910004 215.000015 0.833900
39.540001 330.609985 215.000015 0.862700
90.820000 436.950012 185.000000 0.487000
265.890015 249.910004 165.000000 0.455900
177.470001 28.440002 175.000000 0.814000
451.160004 411.480011 25.000000 -0.487600
485.619965 287.269989 45.000000 0.314000
29.600000 454.640015 165.000000 0.550300
418.980042 132.100006 25.000000 -0.299800
313.820007 301.010010 135.000000 -0.814400
190.830002 249.960022 75.000000 0.885600
395.619995 29.740000 245.000000 0.777600
190.830002 249.960022 15.000001 0.971600
313.820007 301.010010 125.000000 -0.721900
24.240000 60.180004 234.999985 -0.222200
490.339996 265.519989 104.999992 -0.179200
259.609985 410.989990 215.000015 -0.382700
490.339996 265.519989 165.000000 -0.758700
136.740005 121.040001 215.000015 0.332500
256.179993 475.419983 215.000015 -0.863300
278.220001 309.720001 25.000000 1.396400
360.170013 137.669998 185.000000 1.348500
326.859985 294.880005 65.000000 0.200900
259.609985 410.989990 175.000000 -0.496300
15.230000 487.869965 35.000000 1.096700
75.480003 447.730011 104.999992 0.389100
127.139999 327.489990 145.000000 0.304000
360.320007 218.240005 175.000000 0.283200
428.800018 332.540009 205.000000 -0.093600
136.740005 121.040001 125.000000 2.334900
129.550003 337.709991 145.000000 0.415400
301.489990 273.140015 195.000000 0.406500
360.170013 137.669998 155.000000 0.323400
75.480003 447.730011 185.000000 0.227300
148.389999 16.129999 225.000000 0.094000
125.440002 312.079987 15.000001 0.188700
118.160011 475.640015 35.000000 0.840000
44.119999 165.649994 45.000000 1.435600
233.159988 273.779999 45.000000 0.722200
346.649994 423.839996 234.999985 -0.037300
355.769989 359.440002 185.000000 -0.104900
378.690002 301.320007 25.000000 0.894300
301.489990 273.140015 215.000015 0.569000
90.820000 436.950012 55.000000 0.041000
118.160011 475.640015 165.000000 -0.196800
87.070000 482.109985 115.000000 -0.433700
125.440002 312.079987 145.000000 0.584100
233.159988 273.779999 185.000000 0.814600
474.270020 286.970001 25.000000 0.523200
10.750000 436.549988 234.999985 0.099900
346.649994 423.839996 135.000000 -0.467100
241.470001 68.970001 95.000000 0.951800
29.600000 454.640015 55.000000 0.980900
412.209991 59.169994 85.000000 -0.144000
485.619965 287.269989 95.000000 0.024500
8.950000 60.600002 165.000000 0.502200
90.820000 436.950012 135.000000 -0.091900
78.150002 435.610016 45.000000 0.720500
130.139999 391.570007 45.000000 -0.577000
351.989990 427.250000 35.000000 0.287200
157.669998 258.649994 195.000000 0.720400
301.489990 273.140015 145.000000 -0.468800
412.209991 59.169994 125.000000 -0.113200
428.800018 332.540009 65.000000 -0.181600
355.769989 359.440002 205.000000 0.052600
87.879997 274.649994 85.000000 1.407500
279.510010 102.050003 135.000000 0.526500
469.350006 191.869995 45.000000 1.210200
422.380005 473.869995 75.000000 -0.735500
355.769989 359.440002 45.000000 0.247800
422.380005 473.869995 165.000000 0.207300
129.550003 337.709991 25.000000 0.159000
82.779999 262.029999 135.000000 1.745000
36.660000 376.950012 155.000000 1.518500
213.610001 335.230011 165.000000 -0.042700
256.179993 475.419983 135.000000 -0.637900
118.160011 475.640015 55.000000 0.402800
125.440002 312.079987 65.000000 0.236500
474.270020 286.970001 115.000000 -0.504700
400.339996 251.389999 85.000000 -0.517000
265.890015 249.910004 75.000000 0.629500
449.420013 7.280000 104.999992 -0.279300
273.750000 95.489998 15.000001 0.130200
483.099976 150.429993 175.000000 0.101500
326.859985 294.880005 175.000000 -0.037900
300.089996 259.239990 195.000000 0.697000
148.389999 16.129999 215.000015 0.441300
129.550003 337.709991 185.000000 0.631100
149.710007 20.520000 15.000001 -0.770400
78.150002 435.610016 25.000000 0.948900
15.230000 487.869965 65.000000 0.738500
313.820007 301.010010 155.000000 -0.458400
82.779999 262.029999 15.000001 0.562900
346.649994 423.839996 155.000000 -0.051400
273.750000 95.489998 165.000000 0.259500
87.070000 482.109985 125.000000 -0.055000
321.350006 295.559998 45.000000 0.751600
15.230000 487.869965 75.000000 0.625800
300.089996 259.239990 205.000000 0.712600
449.420013 7.280000 15.000001 -1.742400
321.350006 295.559998 135.000000 -0.525600
18.750000 492.299988 75.000000 0.668200
356.609985 440.149963 175.000000 -0.155100
90.820000 436.950012 35.000000 0.713600
298.269989 94.169998 135.000000 -0.018700
29.600000 454.640015 45.000000 1.162000
155.990005 360.869995 195.000000 0.475500
130.139999 391.570007 245.000000 0.146800
279.510010 102.050003 35.000000 0.451200
21.549999 94.790001 35.000000 1.522100
87.879997 274.649994 115.000000 1.722700
362.690002 176.309998 55.000000 0.088000
346.649994 423.839996 85.000000 -0.868200
395.619995 29.740000 104.999992 -0.724800
389.589996 27.639999 125.000000 -0.819100
127.139999 327.489990 65.000000 -0.042300
90.820000 436.950012 125.000000 -0.170000
121.070007 192.259995 115.000000 2.557900
442.040009 436.390015 25.000000 -0.272700
10.750000 436.549988 85.000000 0.682500
418.980042 132.100006 225.000000 1.948800
257.549988 341.380005 15.000001 1.501600
39.540001 330.609985 104.999992 1.668500
10.750000 436.549988 75.000000 0.838000
401.970001 486.839996 135.000000 -0.309200
397.839996 243.309998 25.000000 0.386100
389.589996 27.639999 85.000000 -0.854700
303.149994 321.829987 195.000000 0.346300
365.730011 403.760010 104.999992 -0.738600
213.610001 335.230011 195.000000 0.522000
442.040009 436.390015 104.999992 -0.297300
233.159988 273.779999 85.000000 0.062400
125.440002 312.079987 25.000000 0.379200
400.339996 251.389999 185.000000 -0.351600
125.440002 312.079987 185.000000 0.804000
29.600000 454.640015 75.000000 0.355000
15.230000 487.869965 55.000000 1.161800
318.250000 429.989990 135.000000 -0.636400
87.070000 482.109985 35.000000 1.139200
490.339996 265.519989 35.000000 0.384000
153.250000 487.290009 115.000000 -0.706800
298.269989 94.169998 55.000000 -0.045100
362.690002 176.309998 115.000000 -0.236100
75.480003 447.730011 165.000000 0.353400
365.730011 403.760010 115.000000 -0.674300
177.470001 28.440002 55.000000 0.465900
446.070007 82.370003 45.000000 0.017200
400.339996 251.389999 175.000000 -0.585800
428.800018 332.540009 95.000000 -0.441600
418.980042 132.100006 205.000000 1.545000
90.820000 436.950012 205.000000 0.471700
259.609985 410.989990 125.000000 -0.988500
78.150002 435.610016 115.000000 0.287500
322.970001 454.979980 45.000000 -0.078700
213.610001 335.230011 35.000000 0.458000
110.339996 469.959961 55.000000 0.355800
39.540001 330.609985 15.000001 0.382900
485.619965 287.269989 115.000000 -0.252500
273.750000 95.489998 135.000000 0.351500
369.950012 384.730011 185.000000 -0.038600
8.950000 60.600002 55.000000 1.524300
442.040009 436.390015 165.000000 0.458500
155.990005 360.869995 145.000000 -0.222200
446.070007 82.370003 65.000000 0.675400
190.830002 249.960022 165.000000 0.983900
298.269989 94.169998 195.000000 0.566600
18.750000 492.299988 225.000000 -0.185100
149.710007 20.520000 55.000000 0.276300
90.820000 436.950012 25.000000 0.999700
321.350006 295.559998 195.000000 0.189500
389.589996 27.639999 45.000000 -1.128900
401.970001 486.839996 165.000000 -0.065800
369.950012 384.730011 65.000000 -0.319500
148.389999 16.129999 165.000000 0.774400
136.740005 121.040001 234.999985 -0.033300
82.779999 262.029999 65.000000 1.519100
110.449997 318.959991 234.999985 0.061000
355.769989 359.440002 155.000000 -0.629400
39.540001 330.609985 145.000000 1.739400
395.619995 29.740000 75.000000 -0.838000
300.089996 259.239990 215.000015 0.811800
360.320007 218.240005 15.000001 0.629500
453.849976 194.809998 145.000000 -0.183000
442.040009 436.390015 45.000000 -0.629300
422.380005 473.869995 225.000000 0.737800
485.619965 287.269989 185.000000 -0.636300
279.510010 102.050003 115.000000 0.375300
351.149994 317.230011 95.000000 -0.674000
21.549999 94.790001 15.000001 1.230700
78.150002 435.610016 155.000000 0.452200
129.550003 337.709991 165.000000 0.515400
78.150002 435.610016 75.000000 -0.129300
483.099976 150.429993 35.000000 1.127700
21.549999 94.790001 215.000015 -0.284100
428.800018 332.540009 165.000000 -0.090000
14.899999 492.149963 55.000000 0.858200
346.649994 423.839996 104.999992 -0.644900
18.750000 492.299988 125.000000 -0.157100
279.510010 102.050003 165.000000 0.435400
29.600000 454.640015 175.000000 0.495000
82.779999 262.029999 125.000000 1.896600
449.420013 7.280000 145.000000 -0.133200
78.150002 435.610016 234.999985 -0.038000
389.589996 27.639999 115.000000 -0.719200
87.070000 482.109985 205.000000 -0.004700
136.740005 121.040001 75.000000 1.626500
155.990005 360.869995 165.000000 -0.001600
56.240005 285.160004 25.000000 0.950200
485.619965 287.269989 145.000000 -0.766700
233.159988 273.779999 215.000015 0.671500
110.449997 318.959991 185.000000 0.888200
118.160011 475.640015 25.000000 0.909100
265.890015 249.910004 35.000000 1.260800
90.820000 436.950012 145.000000 -0.039900
87.879997 274.649994 155.000000 1.142400
157.669998 258.649994 215.000015 0.504400
360.170013 137.669998 125.000000 -0.259900
360.320007 218.240005 234.999985 1.277800
298.269989 94.169998 104.999992 -0.073400
305.200012 98.620003 15.000001 0.020500
485.619965 287.269989 234.999985 -0.081000
449.420013 7.280000 215.000015 0.157200
82.779999 262.029999 185.000000 0.728100
149.710007 20.520000 185.000000 0.684500
449.420013 7.280000 175.000000 0.122800
397.839996 243.309998 115.000000 -0.758200
351.989990 427.250000 155.000000 0.344500
157.669998 258.649994 15.000001 1.027800
135.559998 23.230000 185.000000 0.559700
62.029999 312.450012 195.000000 0.796200
39.540001 330.609985 115.000000 1.910500
318.250000 429.989990 95.000000 -0.888000
126.960007 469.989960 55.000000 0.008600
378.690002 301.320007 55.000000 0.033700
15.230000 487.869965 115.000000 -0.067500
351.149994 317.230011 145.000000 -0.654800
190.830002 249.960022 185.000000 0.774900
110.339996 469.959961 175.000000 -0.094200
87.070000 482.109985 45.000000 0.973400
278.220001 309.720001 145.000000 -0.164100
136.740005 121.040001 165.000000 1.325600
153.250000 487.290009 65.000000 0.036400
130.139999 391.570007 65.000000 -1.066400
62.029999 312.450012 45.000000 0.890200
355.769989 359.440002 125.000000 -0.823400
351.149994 317.230011 215.000015 0.076400
432.929993 319.820007 95.000000 -0.532400
124.059998 227.130005 195.000000 0.555400
135.559998 23.230000 205.000000 0.104800
422.380005 473.869995 85.000000 -0.803800
257.549988 341.380005 25.000000 1.066200
78.150002 435.610016 245.000000 0.009000
469.350006 191.869995 135.000000 -0.293800
446.070007 82.370003 165.000000 0.542900
36.660000 376.950012 185.000000 1.284900
36.660000 376.950012 145.000000 1.605500
378.690002 301.320007 65.000000 -0.277700
142.399994 474.899994 195.000000 -0.290700
21.549999 94.790001 45.000000 1.646100
142.399994 474.899994 225.000000 -0.073900
136.740005 121.040001 85.000000 1.731900
164.960007 162.529999 175.000000 1.303100
490.339996 265.519989 245.000000 0.003900
483.099976 150.429993 25.000000 0.855200
351.149994 317.230011 75.000000 -0.375400
351.989990 427.250000 234.999985 -0.066700
259.609985 410.989990 45.000000 0.244300
36.660000 376.950012 195.000000 1.338600
442.040009 436.390015 245.000000 1.292800
432.929993 319.820007 25.000000 0.616000
75.480003 447.730011 35.000000 1.111400
446.070007 82.370003 125.000000 0.429900
82.779999 262.029999 115.000000 1.795600
259.609985 410.989990 95.000000 -1.003700
110.339996 469.959961 65.000000 -0.038000
44.119999 165.649994 145.000000 1.820600
90.820000 436.950012 85.000000 -0.349500
428.800018 332.540009 135.000000 -0.215900
273.750000 95.489998 35.000000 0.085700
300.089996 259.239990 135.000000 -0.104200
127.139999 327.489990 15.000001 0.252200
355.769989 359.440002 165.000000 -0.121700
265.890015 249.910004 45.000000 1.059600
313.820007 301.010010 185.000000 0.224500
8.950000 60.600002 195.000000 -0.183500
469.350006 191.869995 215.000015 0.443200
78.150002 435.610016 35.000000 0.874900
14.899999 492.149963 155.000000 -0.320100
351.149994 317.230011 135.000000 -0.912600
149.710007 20.520000 115.000000 1.738800
451.160004 411.480011 45.000000 -0.536600
313.820007 301.010010 55.000000 0.281000
395.619995 29.740000 115.000000 -0.619600
446.070007 82.370003 85.000000 0.656800
279.510010 102.050003 145.000000 0.542800
369.950012 384.730011 45.000000 0.132700
397.839996 243.309998 225.000000 0.614200
126.960007 469.989960 234.999985 0.020700
401.970001 486.839996 25.000000 -0.289900
389.589996 27.639999 234.999985 0.788400
451.160004 411.480011 115.000000 -0.007200
190.830002 249.960022 85.000000 0.870800
412.209991 59.169994 175.000000 0.491300
365.730011 403.760010 245.000000 0.089000
365.730011 403.760010 175.000000 0.265100
303.149994 321.829987 75.000000 -0.336300
82.779999 262.029999 75.000000 1.545100
256.179993 475.419983 55.000000 0.110300
494.790039 48.910000 234.999985 0.370600
142.399994 474.899994 55.000000 0.001600
142.399994 474.899994 125.000000 -0.829900
129.550003 337.709991 45.000000 0.208300
475.950012 28.810001 75.000000 0.385100
432.929993 319.820007 155.000000 -0.576100
39.540001 330.609985 55.000000 0.984700
451.160004 411.480011 75.000000 -0.710400
110.339996 469.959961 195.000000 0.166800
351.149994 317.230011 185.000000 -0.094500
273.750000 95.489998 145.000000 0.333600
273.750000 95.489998 95.000000 0.290200
164.960007 162.529999 135.000000 2.176800
190.830002 249.960022 25.000000 1.012000
378.690002 301.320007 125.000000 -0.703600
259.609985 410.989990 75.000000 -0.515100
121.070007 192.259995 85.000000 2.068200
360.170013 137.669998 215.000015 1.747400
265.890015 249.910004 85.000000 0.200500
82.779999 262.029999 104.999992 1.996400
469.350006 191.869995 155.000000 -0.324100
351.989990 427.250000 145.000000 0.023300
149.710007 20.520000 155.000000 1.274900
369.950012 384.730011 234.999985 0.045800
8.950000 60.600002 234.999985 -0.404300
265.890015 249.910004 55.000000 1.051600
356.609985 440.149963 165.000000 0.091700
273.750000 95.489998 215.000015 0.660400
265.890015 249.910004 234.999985 0.993400
378.690002 301.320007 145.000000 -0.662300
153.250000 487.290009 135.000000 -0.698800
265.890015 249.910004 205.000000 0.945200
432.929993 319.820007 195.000000 -0.403300
82.779999 262.029999 85.000000 1.659300
24.240000 60.180004 175.000000 0.205100
412.209991 59.169994 165.000000 0.340000
44.119999 165.649994 115.000000 2.766600
298.269989 94.169998 145.000000 -0.005600
136.740005 121.040001 115.000000 2.112100
87.879997 274.649994 125.000000 1.839400
378.690002 301.320007 245.000000 -0.112800
303.149994 321.829987 215.000015 0.252600
62.029999 312.450012 215.000015 0.555500
149.710007 20.520000 45.000000 0.129500
155.990005 360.869995 185.000000 0.512300
110.449997 318.959991 125.000000 0.531800
125.440002 312.079987 85.000000 0.231100
82.779999 262.029999 155.000000 1.454400
36.660000 376.950012 55.000000 0.621100
157.669998 258.649994 175.000000 0.923500
56.240005 285.160004 125.000000 1.963600
8.950000 60.600002 95.000000 1.536500
126.960007 469.989960 185.000000 -0.170300
259.609985 410.989990 15.000001 1.172000
125.440002 312.079987 55.000000 0.339100
87.070000 482.109985 104.999992 -0.059300
126.960007 469.989960 205.000000 0.184000
326.859985 294.880005 195.000000 0.189500
449.420013 7.280000 25.000000 -1.238500
233.159988 273.779999 205.000000 0.806200
326.859985 294.880005 234.999985 0.341700
321.350006 295.559998 75.000000 -0.246900
422.380005 473.869995 185.000000 0.229300
360.170013 137.669998 45.000000 0.086100
87.070000 482.109985 185.000000 -0.083500
44.119999 165.649994 65.000000 1.625700
321.350006 295.559998 225.000000 0.242900
110.449997 318.959991 225.000000 0.304600
422.380005 473.869995 135.000000 -0.126700
36.660000 376.950012 225.000000 0.722900
273.750000 95.489998 175.000000 0.248400
422.380005 473.869995 15.000001 -0.489900
322.970001 454.979980 104.999992 -0.777700
365.730011 403.760010 65.000000 -0.338100
360.320007 218.240005 205.000000 0.906600
164.960007 162.529999 65.000000 1.147200
362.690002 176.309998 195.000000 1.374600
87.879997 274.649994 15.000001 0.665400
313.820007 301.010010 215.000015 0.239500
124.059998 227.130005 135.000000 2.040000
346.649994 423.839996 215.000015 -0.212100
362.690002 176.309998 225.000000 1.902100
326.859985 294.880005 104.999992 -0.462700
326.859985 294.880005 215.000015 0.207900
110.339996 469.959961 45.000000 0.516100
148.389999 16.129999 135.000000 1.606300
127.139999 327.489990 215.000015 0.411200
29.600000 454.640015 205.000000 0.266900
360.320007 218.240005 75.000000 -0.108300
355.769989 359.440002 95.000000 -0.764600
422.380005 473.869995 205.000000 0.355800
126.960007 469.989960 135.000000 -0.700100
279.510010 102.050003 95.000000 0.182800
254.429977 472.820007 145.000000 -0.711300
157.669998 258.649994 225.000000 0.449600
318.250000 429.989990 205.000000 -0.424700
130.139999 391.570007 155.000000 -0.383900
126.960007 469.989960 45.000000 0.408700
39.540001 330.609985 225.000000 0.753300
322.970001 454.979980 85.000000 -0.541300
418.980042 132.100006 45.000000 0.249700
412.209991 59.169994 245.000000 1.162500
449.420013 7.280000 245.000000 0.446800
351.149994 317.230011 225.000000 0.220300
301.489990 273.140015 245.000000 0.377900
397.839996 243.309998 55.000000 0.398400
351.149994 317.230011 104.999992 -0.770800
78.150002 435.610016 55.000000 0.528200
14.899999 492.149963 45.000000 1.135900
21.549999 94.790001 234.999985 -0.034900
446.070007 82.370003 175.000000 0.645100
14.899999 492.149963 95.000000 0.316900
78.150002 435.610016 125.000000 0.460600
475.950012 28.810001 215.000015 0.426700
18.750000 492.299988 234.999985 -0.534900
485.619965 287.269989 245.000000 -0.193900
279.510010 102.050003 195.000000 0.758700
153.250000 487.290009 25.000000 0.675600
257.549988 341.380005 45.000000 0.363900
90.820000 436.950012 155.000000 -0.033600
494.790039 48.910000 104.999992 1.071400
14.899999 492.149963 15.000001 1.237300
395.619995 29.740000 35.000000 -1.410700
298.269989 94.169998 234.999985 1.118700
233.159988 273.779999 25.000000 1.263600
451.160004 411.480011 195.000000 0.727800
395.619995 29.740000 65.000000 -0.895200
273.750000 95.489998 85.000000 0.263300
149.710007 20.520000 35.000000 -0.314400
157.669998 258.649994 234.999985 0.013800
365.730011 403.760010 185.000000 0.072900
395.619995 29.740000 55.000000 -0.795600
475.950012 28.810001 185.000000 0.400500
78.150002 435.610016 95.000000 0.038200
135.559998 23.230000 104.999992 1.716200
124.059998 227.130005 185.000000 0.831500
389.589996 27.639999 15.000001 -1.475900
318.250000 429.989990 45.000000 0.277000
36.660000 376.950012 85.000000 0.818400
446.070007 82.370003 55.000000 0.194500
313.820007 301.010010 45.000000 0.612600
29.600000 454.640015 125.000000 0.447600
18.750000 492.299988 95.000000 0.316900
39.540001 330.609985 35.000000 0.684700
127.139999 327.489990 95.000000 0.335400
142.399994 474.899994 145.000000 -0.696600
110.449997 318.959991 205.000000 0.592000
118.160011 475.640015 155.000000 -0.307300
106.320000 324.380005 165.000000 0.888400
360.320007 218.240005 104.999992 -0.208000
110.339996 469.959961 85.000000 -0.424200
14.899999 492.149963 85.000000 0.263100
322.970001 454.979980 234.999985 -0.272000
24.240000 60.180004 45.000000 1.343500
15.230000 487.869965 95.000000 0.278200
360.320007 218.240005 95.000000 -0.327600
313.820007 301.010010 165.000000 -0.383500
356.609985 440.149963 135.000000 -0.222600
126.960007 469.989960 85.000000 -0.469600
397.839996 243.309998 125.000000 -0.653100
213.610001 335.230011 125.000000 -0.341200
8.950000 60.600002 65.000000 1.459500
121.070007 192.259995 55.000000 1.540400
485.619965 287.269989 65.000000 0.383100
322.970001 454.979980 195.000000 -0.431700
155.990005 360.869995 104.999992 -1.002700
78.150002 435.610016 15.000001 0.882900
21.549999 94.790001 225.000000 -0.233000
321.350006 295.559998 145.000000 -0.598800
44.119999 165.649994 55.000000 1.648600
351.149994 317.230011 165.000000 -0.496500
21.549999 94.790001 185.000000 -0.038800
432.929993 319.820007 45.000000 0.287000
256.179993 475.419983 15.000001 1.156800
24.240000 60.180004 65.000000 1.231900
389.589996 27.639999 35.000000 -1.446100
265.890015 249.910004 25.000000 1.401800
395.619995 29.740000 234.999985 0.657300
256.179993 475.419983 225.000000 -0.982000
75.480003 447.730011 65.000000 0.278700
279.510010 102.050003 234.999985 1.031200
257.549988 341.380005 225.000000 0.388100
259.609985 410.989990 145.000000 -0.338500
118.160011 475.640015 104.999992 -0.579800
127.139999 327.489990 45.000000 0.197100
422.380005 473.869995 25.000000 -0.615600
474.270020 286.970001 15.000001 0.309900
474.270020 286.970001 125.000000 -0.476600
418.980042 132.100006 85.000000 0.529500
490.339996 265.519989 75.000000 0.532700
213.610001 335.230011 155.000000 -0.136100
75.480003 447.730011 95.000000 0.146000
469.350006 191.869995 85.000000 1.078400
321.350006 295.559998 115.000000 -0.770300
400.339996 251.389999 225.000000 0.172100
157.669998 258.649994 55.000000 1.239500
21.549999 94.790001 55.000000 1.558700
106.320000 324.380005 85.000000 0.397500
153.250000 487.290009 55.000000 0.335800
356.609985 440.149963 225.000000 -0.095500
118.160011 475.640015 225.000000 -0.249200
273.750000 95.489998 55.000000 0.338000
351.149994 317.230011 55.000000 0.163500
318.250000 429.989990 225.000000 -0.381200
56.240005 285.160004 55.000000 1.223200
356.609985 440.149963 75.000000 -0.660300
362.690002 176.309998 95.000000 -0.031300
121.070007 192.259995 195.000000 0.546400
322.970001 454.979980 205.000000 -0.617600
21.549999 94.790001 165.000000 0.346500
44.119999 165.649994 195.000000 0.409400
475.950012 28.810001 205.000000 0.403400
356.609985 440.149963 45.000000 0.005300
157.669998 258.649994 125.000000 1.291500
362.690002 176.309998 205.000000 1.750600
155.990005 360.869995 205.000000 0.527100
401.970001 486.839996 125.000000 -0.584500
378.690002 301.320007 104.999992 -0.799400
451.160004 411.480011 55.000000 -0.699800
24.240000 60.180004 15.000001 1.145300
190.830002 249.960022 245.000000 0.324000
126.960007 469.989960 104.999992 -0.695400
164.960007 162.529999 185.000000 1.154500
8.950000 60.600002 125.000000 1.330500
485.619965 287.269989 215.000015 -0.316700
8.950000 60.600002 115.000000 1.441900
265.890015 249.910004 135.000000 0.459400
389.589996 27.639999 205.000000 0.459900
110.339996 469.959961 104.999992 -0.806000
400.339996 251.389999 75.000000 0.082200
18.750000 492.299988 205.000000 -0.305200
130.139999 391.570007 135.000000 -0.495300
483.099976 150.429993 185.000000 0.161900
44.119999 165.649994 35.000000 1.262000
110.339996 469.959961 225.000000 -0.168300
469.350006 191.869995 234.999985 0.784400
56.240005 285.160004 195.000000 0.942600
397.839996 243.309998 85.000000 -0.290700
326.859985 294.880005 145.000000 -0.598800
241.470001 68.970001 185.000000 0.195000
428.800018 332.540009 15.000001 0.592900
346.649994 423.839996 245.000000 -0.175200
313.820007 301.010010 75.000000 -0.144600
279.510010 102.050003 155.000000 0.369300
125.440002 312.079987 135.000000 0.517400
453.849976 194.809998 135.000000 -0.221500
256.179993 475.419983 45.000000 0.401700
142.399994 474.899994 205.000000 -0.112300
18.750000 492.299988 35.000000 1.235700
62.029999 312.450012 155.000000 1.348800
254.429977 472.820007 195.000000 -0.614800
24.240000 60.180004 55.000000 1.411800
474.270020 286.970001 85.000000 -0.051400
453.849976 194.809998 215.000015 0.735700
29.600000 454.640015 25.000000 1.454300
303.149994 321.829987 65.000000 -0.229700
301.489990 273.140015 225.000000 0.531200
318.250000 429.989990 165.000000 -0.297400
278.220001 309.720001 245.000000 0.414400
483.099976 150.429993 75.000000 1.530200
153.250000 487.290009 95.000000 -0.581800
135.559998 23.230000 215.000015 -0.045000
397.839996 243.309998 195.000000 0.056200
121.070007 192.259995 95.000000 2.249200
365.730011 403.760010 55.000000 -0.231700
124.059998 227.130005 125.000000 2.114400
135.559998 23.230000 55.000000 0.431500
121.070007 192.259995 215.000015 0.476000
129.550003 337.709991 55.000000 -0.077300
135.559998 23.230000 15.000001 -0.456300
313.820007 301.010010 15.000001 1.647800
301.489990 273.140015 25.000000 1.223200
155.990005 360.869995 234.999985 0.399700
432.929993 319.820007 35.000000 0.418200
21.549999 94.790001 115.000000 1.854800
39.540001 330.609985 165.000000 1.778400
82.779999 262.029999 95.000000 1.607500
10.750000 436.549988 135.000000 0.901900
318.250000 429.989990 104.999992 -0.904000
418.980042 132.100006 55.000000 0.543800
241.470001 68.970001 75.000000 0.639700
469.350006 191.869995 55.000000 1.256500
412.209991 59.169994 35.000000 -0.668200
106.320000 324.380005 35.000000 0.427100
10.750000 436.549988 15.000001 1.170200
121.070007 192.259995 234.999985 -0.167400
106.320000 324.380005 135.000000 0.576000
121.070007 192.259995 45.000000 1.177700
389.589996 27.639999 95.000000 -0.840200
490.339996 265.519989 85.000000 0.242700
303.149994 321.829987 35.000000 0.971300
87.879997 274.649994 45.000000 1.018800
494.790039 48.910000 95.000000 0.871700
355.769989 359.440002 25.000000 1.234800
485.619965 287.269989 75.000000 0.041800
164.960007 162.529999 245.000000 -0.082700
273.750000 95.489998 225.000000 0.808500
10.750000 436.549988 115.000000 0.853500
177.470001 28.440002 165.000000 0.789300
153.250000 487.290009 104.999992 -0.948700
428.800018 332.540009 115.000000 -0.308500
449.420013 7.280000 205.000000 0.261100
177.470001 28.440002 234.999985 -0.019400
155.990005 360.869995 215.000015 0.621600
278.220001 309.720001 175.000000 0.362900
321.350006 295.559998 205.000000 0.106300
127.139999 327.489990 35.000000 0.462100
305.200012 98.620003 35.000000 -0.037600
106.320000 324.380005 115.000000 0.549600
313.820007 301.010010 95.000000 -0.578800
442.040009 436.390015 234.999985 1.172100
428.800018 332.540009 104.999992 -0.383700
449.420013 7.280000 195.000000 0.171000
21.549999 94.790001 135.000000 1.479800
449.420013 7.280000 115.000000 -0.513800
39.540001 330.609985 185.000000 1.269100
355.769989 359.440002 175.000000 -0.156400
418.980042 132.100006 15.000001 -0.224500
233.159988 273.779999 115.000000 0.214000
449.420013 7.280000 85.000000 -0.148500
326.859985 294.880005 25.000000 1.122300
56.240005 285.160004 205.000000 0.584800
298.269989 94.169998 25.000000 -0.012000
475.950012 28.810001 225.000000 0.149500
164.960007 162.529999 85.000000 1.651000
87.070000 482.109985 135.000000 -0.370800
233.159988 273.779999 225.000000 0.857000
124.059998 227.130005 75.000000 1.796200
278.220001 309.720001 104.999992 -0.412400
62.029999 312.450012 25.000000 0.893900
432.929993 319.820007 125.000000 -0.594000
21.549999 94.790001 95.000000 1.754700
360.320007 218.240005 135.000000 -0.393800
362.690002 176.309998 165.000000 0.548100
190.830002 249.960022 55.000000 1.063200
265.890015 249.910004 115.000000 0.356500
346.649994 423.839996 195.000000 -0.210900
155.990005 360.869995 115.000000 -0.592700
29.600000 454.640015 104.999992 0.615700
356.609985 440.149963 155.000000 0.099000
157.669998 258.649994 75.000000 1.253800
75.480003 447.730011 85.000000 0.029300
110.339996 469.959961 75.000000 0.006400
164.960007 162.529999 145.000000 2.295800
87.070000 482.109985 95.000000 0.025300
78.150002 435.610016 215.000015 0.436600
273.750000 95.489998 155.000000 0.313900
44.119999 165.649994 245.000000 -0.177300
305.200012 98.620003 245.000000 1.290200
110.339996 469.959961 35.000000 0.538900
14.899999 492.149963 25.000000 1.353300
446.070007 82.370003 245.000000 1.516800
418.980042 132.100006 215.000015 1.826000
303.149994 321.829987 165.000000 -0.245100
494.790039 48.910000 85.000000 1.061700
87.070000 482.109985 15.000001 1.245400
313.820007 301.010010 65.000000 0.031300
129.550003 337.709991 225.000000 0.380500
127.139999 327.489990 225.000000 0.339300
475.950012 28.810001 155.000000 0.200100
346.649994 423.839996 55.000000 -0.145200
36.660000 376.950012 35.000000 0.957900
254.429977 472.820007 125.000000 -0.657700
136.740005 121.040001 35.000000 0.538200
346.649994 423.839996 45.000000 -0.160300
279.510010 102.050003 65.000000 0.386900
351.989990 427.250000 95.000000 -0.851200
494.790039 48.910000 185.000000 0.534900
351.149994 317.230011 175.000000 -0.387200
39.540001 330.609985 95.000000 1.494300
153.250000 487.290009 85.000000 -0.601100
446.070007 82.370003 15.000001 -0.226400
442.040009 436.390015 15.000001 -0.360100
356.609985 440.149963 195.000000 -0.251000
321.350006 295.559998 85.000000 -0.311500
153.250000 487.290009 195.000000 -0.456000
483.099976 150.429993 115.000000 0.745100
24.240000 60.180004 75.000000 1.369400
351.989990 427.250000 245.000000 0.108000
265.890015 249.910004 95.000000 0.252300
233.159988 273.779999 35.000000 1.115000
279.510010 102.050003 85.000000 0.406100
298.269989 94.169998 165.000000 0.139000
125.440002 312.079987 125.000000 0.484400
87.879997 274.649994 55.000000 1.201700
446.070007 82.370003 25.000000 -0.311600
15.230000 487.869965 25.000000 1.333400
124.059998 227.130005 65.000000 1.619100
110.449997 318.959991 175.000000 0.818800
298.269989 94.169998 125.000000 -0.050900
157.669998 258.649994 135.000000 1.301500
298.269989 94.169998 175.000000 0.396700
14.899999 492.149963 135.000000 -0.212800
453.849976 194.809998 225.000000 0.842600
142.399994 474.899994 15.000001 0.650200
257.549988 341.380005 145.000000 -0.319700
177.470001 28.440002 195.000000 0.284800
303.149994 321.829987 104.999992 -0.668700
15.230000 487.869965 225.000000 -0.354300
432.929993 319.820007 175.000000 -0.211100
412.209991 59.169994 234.999985 1.186200
453.849976 194.809998 205.000000 0.484500
451.160004 411.480011 175.000000 0.648000
365.730011 403.760010 215.000015 -0.136600
130.139999 391.570007 35.000000 -0.164800
82.779999 262.029999 215.000015 0.105300
365.730011 403.760010 205.000000 0.016400
155.990005 360.869995 25.000000 -0.070600
259.609985 410.989990 245.000000 -0.480100
360.320007 218.240005 165.000000 0.047700
449.420013 7.280000 234.999985 0.442500
106.320000 324.380005 15.000001 0.298900
322.970001 454.979980 55.000000 -0.272800
110.449997 318.959991 115.000000 0.741700
490.339996 265.519989 205.000000 -0.415500
360.320007 218.240005 55.000000 0.093500
121.070007 192.259995 185.000000 0.730400
87.070000 482.109985 145.000000 -0.342300
485.619965 287.269989 104.999992 -0.300100
121.070007 192.259995 145.000000 1.864500
485.619965 287.269989 225.000000 -0.516000
129.550003 337.709991 195.000000 0.893500
75.480003 447.730011 155.000000 0.427800
142.399994 474.899994 25.000000 0.575000
241.470001 68.970001 125.000000 0.840400
124.059998 227.130005 225.000000 -0.076900
422.380005 473.869995 35.000000 -0.457200
300.089996 259.239990 234.999985 0.779800
24.240000 60.180004 115.000000 1.350700
106.320000 324.380005 45.000000 0.474900
90.820000 436.950012 215.000015 0.457300
155.990005 360.869995 35.000000 -0.308700
110.449997 318.959991 55.000000 0.396200
90.820000 436.950012 15.000001 1.041100
369.950012 384.730011 195.000000 0.208000
256.179993 475.419983 205.000000 -0.619600
428.800018 332.540009 145.000000 -0.366800
126.960007 469.989960 25.000000 0.815900
453.849976 194.809998 125.000000 0.168600
177.470001 28.440002 185.000000 0.510100
15.230000 487.869965 234.999985 -0.361700
56.240005 285.160004 104.999992 1.647000
418.980042 132.100006 245.000000 1.796600
378.690002 301.320007 75.000000 -0.370100
254.429977 472.820007 135.000000 -0.637900
36.660000 376.950012 165.000000 1.590600
148.389999 16.129999 85.000000 1.456400
432.929993 319.820007 55.000000 0.109100
110.339996 469.959961 215.000015 0.028200
300.089996 259.239990 115.000000 -0.056900
432.929993 319.820007 115.000000 -0.637600
346.649994 423.839996 165.000000 0.024200
110.339996 469.959961 234.999985 -0.108900
121.070007 192.259995 104.999992 2.358700
321.350006 295.559998 65.000000 0.200900
8.950000 60.600002 145.000000 0.901500
157.669998 258.649994 115.000000 1.510200
469.350006 191.869995 185.000000 0.064100
241.470001 68.970001 145.000000 0.641700
254.429977 472.820007 15.000001 1.156800
164.960007 162.529999 25.000000 0.736300
389.589996 27.639999 25.000000 -1.252700
177.470001 28.440002 95.000000 1.506500
125.440002 312.079987 155.000000 0.581000
39.540001 330.609985 85.000000 1.324800
142.399994 474.899994 165.000000 -0.681500
360.170013 137.669998 245.000000 1.977500
241.470001 68.970001 25.000000 -0.005100
257.549988 341.380005 195.000000 0.718600
313.820007 301.010010 175.000000 -0.129300
148.389999 16.129999 175.000000 0.693000
298.269989 94.169998 245.000000 1.268600
322.970001 454.979980 215.000015 -0.425000
273.750000 95.489998 75.000000 0.404300
321.350006 295.559998 215.000015 0.207900
326.859985 294.880005 45.000000 0.751600
449.420013 7.280000 125.000000 -0.440300
451.160004 411.480011 104.999992 -0.382400
39.540001 330.609985 135.000000 1.706900
432.929993 319.820007 234.999985 -0.046900
453.849976 194.809998 25.000000 0.834100
135.559998 23.230000 135.000000 1.501300
326.859985 294.880005 55.000000 0.471200
259.609985 410.989990 165.000000 -0.319600
305.200012 98.620003 85.000000 -0.098200
149.710007 20.520000 245.000000 0.042700
14.899999 492.149963 65.000000 0.652200
400.339996 251.389999 15.000001 0.494100
355.769989 359.440002 65.000000 -0.177400
110.339996 469.959961 115.000000 -0.473600
14.899999 492.149963 165.000000 -0.190000
378.690002 301.320007 195.000000 -0.227000
273.750000 95.489998 125.000000 0.293200
62.029999 312.450012 234.999985 0.089800
446.070007 82.370003 115.000000 0.399100
474.270020 286.970001 35.000000 0.458600
125.440002 312.079987 245.000000 0.249600
21.549999 94.790001 104.999992 1.877000
442.040009 436.390015 55.000000 -0.626300
259.609985 410.989990 65.000000 -0.315500
135.559998 23.230000 145.000000 1.246200
24.240000 60.180004 135.000000 1.237300
318.250000 429.989990 145.000000 -0.552700
126.960007 469.989960 75.000000 -0.258500
395.619995 29.740000 185.000000 0.077100
87.070000 482.109985 175.000000 -0.092800
87.070000 482.109985 225.000000 -0.190300
126.960007 469.989960 175.000000 -0.155500
62.029999 312.450012 135.000000 1.463000
18.750000 492.299988 55.000000 0.858200
279.510010 102.050003 205.000000 0.906700
149.710007 20.520000 65.000000 0.643400
149.710007 20.520000 205.000000 0.365700
265.890015 249.910004 145.000000 0.403900
15.230000 487.869965 155.000000 0.081000
129.550003 337.709991 85.000000 0.003000
259.609985 410.989990 195.000000 -0.140500
469.350006 191.869995 175.000000 -0.056900
142.399994 474.899994 75.000000 -0.485900
365.730011 403.760010 135.000000 -0.255900
177.470001 28.440002 135.000000 1.453400
298.269989 94.169998 205.000000 0.766500
259.609985 410.989990 135.000000 -0.618400
14.899999 492.149963 175.000000 -0.245100
356.609985 440.149963 234.999985 -0.073300
360.170013 137.669998 205.000000 1.982100
494.790039 48.910000 25.000000 -0.182600
300.089996 259.239990 145.000000 -0.115700
449.420013 7.280000 225.000000 0.540000
485.619965 287.269989 195.000000 -0.602700
474.270020 286.970001 215.000015 -0.335900
389.589996 27.639999 225.000000 0.414300
78.150002 435.610016 85.000000 -0.220900
142.399994 474.899994 45.000000 0.228400
369.950012 384.730011 25.000000 0.736000
126.960007 469.989960 155.000000 -0.578000
136.740005 121.040001 45.000000 0.771800
149.710007 20.520000 135.000000 1.633900
483.099976 150.429993 65.000000 1.505900
303.149994 321.829987 15.000001 1.740500
129.550003 337.709991 115.000000 0.258100
313.820007 301.010010 115.000000 -0.696300
254.429977 472.820007 175.000000 -0.621300
24.240000 60.180004 35.000000 1.374100
