pygeostat_saved_data
4
X
Y
Z
value
213.610001 335.230011 25.000000 0.682600
494.790039 48.910000 225.000000 0.348800
278.220001 309.720001 245.000000 0.414400
257.549988 341.380005 205.000000 0.401200
326.859985 294.880005 55.000000 0.471200
428.800018 332.540009 145.000000 -0.366800
213.610001 335.230011 175.000000 0.324100
106.320000 324.380005 145.000000 0.604000
303.149994 321.829987 245.000000 -0.070300
485.619965 287.269989 234.999985 -0.081000
397.839996 243.309998 165.000000 -0.406900
164.960007 162.529999 245.000000 -0.082700
90.820000 436.950012 15.000001 1.041100
106.320000 324.380005 45.000000 0.474900
485.619965 287.269989 185.000000 -0.636300
164.960007 162.529999 25.000000 0.736300
485.619965 287.269989 25.000000 0.279400
469.350006 191.869995 205.000000 0.428900
397.839996 243.309998 75.000000 -0.132200
400.339996 251.389999 104.999992 -0.700600
360.320007 218.240005 215.000015 1.023700
153.250000 487.290009 195.000000 -0.456000
428.800018 332.540009 25.000000 0.423200
351.149994 317.230011 175.000000 -0.387200
360.320007 218.240005 115.000000 -0.464700
24.240000 60.180004 135.000000 1.237300
360.320007 218.240005 85.000000 -0.164100
213.610001 335.230011 245.000000 0.368400
351.149994 317.230011 45.000000 0.190200
428.800018 332.540009 15.000001 0.592900
494.790039 48.910000 215.000015 0.532500
130.139999 391.570007 234.999985 0.416000
130.139999 391.570007 115.000000 -0.590800
125.440002 312.079987 165.000000 0.695100
303.149994 321.829987 85.000000 -0.415100
24.240000 60.180004 15.000001 1.145300
485.619965 287.269989 35.000000 0.615300
125.440002 312.079987 135.000000 0.517400
428.800018 332.540009 245.000000 0.034400
494.790039 48.910000 125.000000 0.571100
485.619965 287.269989 205.000000 -0.505700
326.859985 294.880005 234.999985 0.341700
449.420013 7.280000 165.000000 0.216400
322.970001 454.979980 155.000000 -0.389900
360.320007 218.240005 185.000000 0.370200
106.320000 324.380005 225.000000 0.369800
278.220001 309.720001 35.000000 0.985700
213.610001 335.230011 234.999985 0.525400
153.250000 487.290009 35.000000 0.590700
303.149994 321.829987 175.000000 -0.037600
326.859985 294.880005 35.000000 1.083100
164.960007 162.529999 85.000000 1.651000
213.610001 335.230011 215.000015 0.779700
322.970001 454.979980 15.000001 0.774800
400.339996 251.389999 55.000000 0.235000
106.320000 324.380005 195.000000 0.737100
153.250000 487.290009 65.000000 0.036400
24.240000 60.180004 155.000000 0.692700
153.250000 487.290009 234.999985 -0.184500
153.250000 487.290009 145.000000 -0.819500
257.549988 341.380005 104.999992 -0.722100
164.960007 162.529999 15.000001 0.688500
428.800018 332.540009 225.000000 -0.077900
321.350006 295.559998 175.000000 -0.037900
125.440002 312.079987 245.000000 0.249600
485.619965 287.269989 115.000000 -0.252500
90.820000 436.950012 55.000000 0.041000
130.139999 391.570007 85.000000 -1.045000
278.220001 309.720001 115.000000 -0.358500
278.220001 309.720001 135.000000 -0.454800
313.820007 301.010010 135.000000 -0.814400
213.610001 335.230011 155.000000 -0.136100
313.820007 301.010010 95.000000 -0.578800
153.250000 487.290009 215.000015 -0.396000
321.350006 295.559998 45.000000 0.751600
326.859985 294.880005 125.000000 -0.689900
257.549988 341.380005 45.000000 0.363900
125.440002 312.079987 145.000000 0.584100
485.619965 287.269989 175.000000 -0.723600
130.139999 391.570007 215.000015 0.430100
125.440002 312.079987 155.000000 0.581000
125.440002 312.079987 175.000000 0.690900
360.320007 218.240005 175.000000 0.283200
106.320000 324.380005 245.000000 -0.032900
351.149994 317.230011 225.000000 0.220300
362.690002 176.309998 65.000000 0.081100
494.790039 48.910000 85.000000 1.061700
351.149994 317.230011 15.000001 1.558600
321.350006 295.559998 215.000015 0.207900
494.790039 48.910000 205.000000 0.476700
469.350006 191.869995 85.000000 1.078400
351.149994 317.230011 205.000000 0.213200
106.320000 324.380005 25.000000 0.426800
351.149994 317.230011 215.000015 0.076400
24.240000 60.180004 104.999992 1.716200
397.839996 243.309998 195.000000 0.056200
153.250000 487.290009 25.000000 0.675600
397.839996 243.309998 155.000000 -0.662300
362.690002 176.309998 115.000000 -0.236100
485.619965 287.269989 55.000000 0.409000
153.250000 487.290009 115.000000 -0.706800
278.220001 309.720001 55.000000 0.306600
257.549988 341.380005 25.000000 1.066200
485.619965 287.269989 165.000000 -0.750000
321.350006 295.559998 225.000000 0.242900
469.350006 191.869995 45.000000 1.210200
313.820007 301.010010 225.000000 0.240500
400.339996 251.389999 245.000000 0.203100
164.960007 162.529999 45.000000 0.591000
428.800018 332.540009 215.000015 -0.013400
90.820000 436.950012 215.000015 0.457300
130.139999 391.570007 65.000000 -1.066400
153.250000 487.290009 245.000000 -0.238500
485.619965 287.269989 145.000000 -0.766700
400.339996 251.389999 175.000000 -0.585800
24.240000 60.180004 165.000000 0.475800
449.420013 7.280000 185.000000 0.376500
449.420013 7.280000 95.000000 -0.261900
90.820000 436.950012 234.999985 0.075600
449.420013 7.280000 245.000000 0.446800
360.320007 218.240005 75.000000 -0.108300
351.149994 317.230011 115.000000 -0.957300
428.800018 332.540009 45.000000 0.131400
278.220001 309.720001 75.000000 0.150400
313.820007 301.010010 75.000000 -0.144600
257.549988 341.380005 95.000000 -0.700700
321.350006 295.559998 125.000000 -0.689900
469.350006 191.869995 225.000000 0.743200
400.339996 251.389999 115.000000 -0.622100
257.549988 341.380005 65.000000 -0.237900
313.820007 301.010010 185.000000 0.224500
400.339996 251.389999 195.000000 -0.052700
362.690002 176.309998 155.000000 0.314300
213.610001 335.230011 165.000000 -0.042700
24.240000 60.180004 95.000000 1.709300
303.149994 321.829987 205.000000 0.426200
360.320007 218.240005 65.000000 -0.095800
322.970001 454.979980 245.000000 -0.168000
213.610001 335.230011 85.000000 -0.403600
24.240000 60.180004 234.999985 -0.222200
326.859985 294.880005 104.999992 -0.462700
397.839996 243.309998 95.000000 -0.512500
303.149994 321.829987 65.000000 -0.229700
278.220001 309.720001 155.000000 -0.167600
469.350006 191.869995 35.000000 0.740500
397.839996 243.309998 145.000000 -0.466700
494.790039 48.910000 195.000000 0.325500
362.690002 176.309998 215.000015 1.621300
213.610001 335.230011 35.000000 0.458000
397.839996 243.309998 205.000000 0.370400
351.149994 317.230011 85.000000 -0.355800
469.350006 191.869995 195.000000 0.188000
213.610001 335.230011 65.000000 -0.352300
397.839996 243.309998 45.000000 0.182800
428.800018 332.540009 165.000000 -0.090000
313.820007 301.010010 104.999992 -0.752100
485.619965 287.269989 104.999992 -0.300100
326.859985 294.880005 225.000000 0.242900
257.549988 341.380005 165.000000 0.238100
362.690002 176.309998 95.000000 -0.031300
164.960007 162.529999 155.000000 1.958600
90.820000 436.950012 104.999992 -0.303700
326.859985 294.880005 65.000000 0.200900
24.240000 60.180004 195.000000 0.122100
469.350006 191.869995 175.000000 -0.056900
321.350006 295.559998 205.000000 0.106300
326.859985 294.880005 185.000000 0.269600
106.320000 324.380005 115.000000 0.549600
303.149994 321.829987 135.000000 -0.723700
322.970001 454.979980 75.000000 -0.839300
400.339996 251.389999 95.000000 -0.428900
449.420013 7.280000 205.000000 0.261100
397.839996 243.309998 35.000000 0.287200
362.690002 176.309998 85.000000 -0.116200
469.350006 191.869995 75.000000 1.217100
428.800018 332.540009 95.000000 -0.441600
494.790039 48.910000 165.000000 0.325100
360.320007 218.240005 195.000000 0.481600
257.549988 341.380005 225.000000 0.388100
351.149994 317.230011 95.000000 -0.674000
397.839996 243.309998 185.000000 -0.191700
469.350006 191.869995 165.000000 -0.265900
303.149994 321.829987 185.000000 0.199700
24.240000 60.180004 175.000000 0.205100
322.970001 454.979980 165.000000 -0.227400
90.820000 436.950012 165.000000 0.278200
153.250000 487.290009 75.000000 -0.261400
164.960007 162.529999 75.000000 1.758300
360.320007 218.240005 95.000000 -0.327600
397.839996 243.309998 175.000000 -0.231600
130.139999 391.570007 75.000000 -0.922500
494.790039 48.910000 45.000000 0.517900
130.139999 391.570007 135.000000 -0.495300
494.790039 48.910000 65.000000 1.021600
313.820007 301.010010 55.000000 0.281000
397.839996 243.309998 55.000000 0.398400
322.970001 454.979980 195.000000 -0.431700
164.960007 162.529999 234.999985 -0.056600
428.800018 332.540009 115.000000 -0.308500
125.440002 312.079987 205.000000 0.744400
130.139999 391.570007 205.000000 0.439900
106.320000 324.380005 234.999985 0.215700
494.790039 48.910000 234.999985 0.370600
485.619965 287.269989 225.000000 -0.516000
24.240000 60.180004 225.000000 -0.379900
485.619965 287.269989 125.000000 -0.371900
303.149994 321.829987 234.999985 -0.005900
485.619965 287.269989 245.000000 -0.193900
313.820007 301.010010 205.000000 0.417900
130.139999 391.570007 165.000000 0.077800
322.970001 454.979980 35.000000 0.257200
257.549988 341.380005 175.000000 0.206000
362.690002 176.309998 195.000000 1.374600
362.690002 176.309998 234.999985 1.733600
106.320000 324.380005 95.000000 0.407200
428.800018 332.540009 175.000000 -0.247000
213.610001 335.230011 205.000000 0.623200
351.149994 317.230011 125.000000 -1.070500
130.139999 391.570007 225.000000 0.391300
125.440002 312.079987 95.000000 0.410000
321.350006 295.559998 95.000000 -0.698900
90.820000 436.950012 25.000000 0.999700
313.820007 301.010010 165.000000 -0.383500
303.149994 321.829987 125.000000 -0.834100
130.139999 391.570007 95.000000 -0.901900
90.820000 436.950012 145.000000 -0.039900
313.820007 301.010010 155.000000 -0.458400
400.339996 251.389999 215.000015 0.176600
164.960007 162.529999 115.000000 2.450400
351.149994 317.230011 104.999992 -0.770800
213.610001 335.230011 195.000000 0.522000
351.149994 317.230011 135.000000 -0.912600
485.619965 287.269989 85.000000 0.089000
351.149994 317.230011 234.999985 -0.067700
449.420013 7.280000 55.000000 -0.718700
322.970001 454.979980 175.000000 -0.640600
257.549988 341.380005 55.000000 0.078400
130.139999 391.570007 155.000000 -0.383900
351.149994 317.230011 245.000000 -0.239200
428.800018 332.540009 104.999992 -0.383700
303.149994 321.829987 55.000000 0.248700
400.339996 251.389999 25.000000 0.408300
494.790039 48.910000 95.000000 0.871700
24.240000 60.180004 245.000000 -0.223300
326.859985 294.880005 15.000001 1.466300
321.350006 295.559998 115.000000 -0.770300
257.549988 341.380005 15.000001 1.501600
326.859985 294.880005 165.000000 -0.459600
313.820007 301.010010 245.000000 -0.158700
106.320000 324.380005 55.000000 0.443900
321.350006 295.559998 85.000000 -0.311500
24.240000 60.180004 65.000000 1.231900
397.839996 243.309998 104.999992 -0.662400
322.970001 454.979980 135.000000 -0.408800
360.320007 218.240005 155.000000 -0.101100
303.149994 321.829987 195.000000 0.346300
449.420013 7.280000 85.000000 -0.148500
303.149994 321.829987 165.000000 -0.245100
278.220001 309.720001 215.000015 0.740800
362.690002 176.309998 145.000000 -0.014400
326.859985 294.880005 215.000015 0.207900
130.139999 391.570007 45.000000 -0.577000
360.320007 218.240005 35.000000 0.463600
322.970001 454.979980 215.000015 -0.425000
303.149994 321.829987 45.000000 0.617000
428.800018 332.540009 75.000000 -0.404000
469.350006 191.869995 65.000000 1.260500
400.339996 251.389999 145.000000 -0.805500
400.339996 251.389999 75.000000 0.082200
130.139999 391.570007 125.000000 -0.538600
24.240000 60.180004 55.000000 1.411800
278.220001 309.720001 165.000000 0.209600
322.970001 454.979980 125.000000 -0.629500
362.690002 176.309998 75.000000 -0.062300
313.820007 301.010010 35.000000 0.808700
278.220001 309.720001 185.000000 0.546200
278.220001 309.720001 225.000000 0.509400
125.440002 312.079987 45.000000 0.393300
90.820000 436.950012 65.000000 -0.153800
313.820007 301.010010 145.000000 -0.744500
321.350006 295.559998 245.000000 -0.072300
257.549988 341.380005 234.999985 0.228500
164.960007 162.529999 205.000000 0.694600
24.240000 60.180004 85.000000 1.506200
449.420013 7.280000 75.000000 -0.508900
313.820007 301.010010 234.999985 0.209300
164.960007 162.529999 165.000000 1.447300
106.320000 324.380005 104.999992 0.536500
360.320007 218.240005 205.000000 0.906600
362.690002 176.309998 205.000000 1.750600
485.619965 287.269989 45.000000 0.314000
303.149994 321.829987 15.000001 1.740500
90.820000 436.950012 155.000000 -0.033600
153.250000 487.290009 175.000000 -0.683100
326.859985 294.880005 135.000000 -0.525600
24.240000 60.180004 75.000000 1.369400
278.220001 309.720001 85.000000 -0.244300
125.440002 312.079987 234.999985 0.263200
449.420013 7.280000 234.999985 0.442500
130.139999 391.570007 55.000000 -0.780200
494.790039 48.910000 135.000000 0.532000
322.970001 454.979980 55.000000 -0.272800
153.250000 487.290009 55.000000 0.335800
90.820000 436.950012 185.000000 0.487000
321.350006 295.559998 185.000000 0.269600
130.139999 391.570007 35.000000 -0.164800
153.250000 487.290009 95.000000 -0.581800
278.220001 309.720001 45.000000 0.678500
213.610001 335.230011 135.000000 -0.331700
321.350006 295.559998 135.000000 -0.525600
130.139999 391.570007 245.000000 0.146800
257.549988 341.380005 35.000000 0.712600
397.839996 243.309998 135.000000 -0.638700
164.960007 162.529999 125.000000 2.202200
313.820007 301.010010 25.000000 1.303100
469.350006 191.869995 104.999992 0.632800
257.549988 341.380005 125.000000 -0.510200
278.220001 309.720001 25.000000 1.396400
106.320000 324.380005 175.000000 0.832900
313.820007 301.010010 115.000000 -0.696300
278.220001 309.720001 125.000000 -0.577000
428.800018 332.540009 125.000000 -0.309400
321.350006 295.559998 65.000000 0.200900
397.839996 243.309998 245.000000 0.482300
322.970001 454.979980 205.000000 -0.617600
469.350006 191.869995 55.000000 1.256500
278.220001 309.720001 145.000000 -0.164100
400.339996 251.389999 225.000000 0.172100
153.250000 487.290009 135.000000 -0.698800
428.800018 332.540009 185.000000 -0.178200
326.859985 294.880005 85.000000 -0.311500
106.320000 324.380005 215.000015 0.556200
278.220001 309.720001 104.999992 -0.412400
257.549988 341.380005 245.000000 0.157100
397.839996 243.309998 25.000000 0.386100
362.690002 176.309998 25.000000 0.357300
125.440002 312.079987 25.000000 0.379200
24.240000 60.180004 45.000000 1.343500
326.859985 294.880005 245.000000 -0.072300
257.549988 341.380005 75.000000 -0.611100
164.960007 162.529999 135.000000 2.176800
90.820000 436.950012 225.000000 0.448500
24.240000 60.180004 215.000015 -0.173600
106.320000 324.380005 185.000000 0.828100
360.320007 218.240005 145.000000 -0.297800
303.149994 321.829987 95.000000 -0.615700
164.960007 162.529999 95.000000 2.127200
321.350006 295.559998 165.000000 -0.459600
360.320007 218.240005 125.000000 -0.373500
125.440002 312.079987 195.000000 0.843100
313.820007 301.010010 215.000015 0.239500
326.859985 294.880005 195.000000 0.189500
362.690002 176.309998 45.000000 0.044900
125.440002 312.079987 35.000000 0.371000
400.339996 251.389999 165.000000 -0.628400
213.610001 335.230011 45.000000 0.166400
164.960007 162.529999 145.000000 2.295800
362.690002 176.309998 104.999992 -0.328900
303.149994 321.829987 35.000000 0.971300
90.820000 436.950012 85.000000 -0.349500
494.790039 48.910000 15.000001 -0.522300
485.619965 287.269989 15.000001 0.336500
322.970001 454.979980 85.000000 -0.541300
449.420013 7.280000 145.000000 -0.133200
153.250000 487.290009 165.000000 -0.733000
130.139999 391.570007 175.000000 0.121800
321.350006 295.559998 104.999992 -0.462700
257.549988 341.380005 185.000000 0.367200
326.859985 294.880005 75.000000 -0.246900
153.250000 487.290009 125.000000 -0.744800
322.970001 454.979980 25.000000 0.361900
449.420013 7.280000 115.000000 -0.513800
153.250000 487.290009 225.000000 -0.394800
125.440002 312.079987 125.000000 0.484400
428.800018 332.540009 65.000000 -0.181600
351.149994 317.230011 75.000000 -0.375400
213.610001 335.230011 185.000000 0.600700
428.800018 332.540009 234.999985 0.139400
485.619965 287.269989 195.000000 -0.602700
469.350006 191.869995 135.000000 -0.293800
106.320000 324.380005 165.000000 0.888400
400.339996 251.389999 65.000000 0.078900
321.350006 295.559998 234.999985 0.341700
303.149994 321.829987 215.000015 0.252600
485.619965 287.269989 135.000000 -0.340400
278.220001 309.720001 65.000000 -0.012800
106.320000 324.380005 205.000000 0.614000
400.339996 251.389999 15.000001 0.494100
351.149994 317.230011 35.000000 0.777500
360.320007 218.240005 15.000001 0.629500
125.440002 312.079987 225.000000 0.562200
362.690002 176.309998 125.000000 -0.179700
321.350006 295.559998 195.000000 0.189500
313.820007 301.010010 125.000000 -0.721900
351.149994 317.230011 185.000000 -0.094500
303.149994 321.829987 75.000000 -0.336300
397.839996 243.309998 15.000001 0.629700
106.320000 324.380005 75.000000 0.490300
485.619965 287.269989 65.000000 0.383100
164.960007 162.529999 215.000015 0.442500
449.420013 7.280000 35.000000 -1.287400
164.960007 162.529999 195.000000 0.661100
322.970001 454.979980 65.000000 -0.498300
397.839996 243.309998 125.000000 -0.653100
494.790039 48.910000 185.000000 0.534900
351.149994 317.230011 195.000000 -0.018700
397.839996 243.309998 215.000015 0.389000
213.610001 335.230011 225.000000 0.442900
153.250000 487.290009 104.999992 -0.948700
449.420013 7.280000 45.000000 -0.998500
400.339996 251.389999 205.000000 0.047300
428.800018 332.540009 155.000000 -0.137400
449.420013 7.280000 135.000000 -0.249000
469.350006 191.869995 125.000000 0.064800
90.820000 436.950012 95.000000 -0.237400
326.859985 294.880005 175.000000 -0.037900
494.790039 48.910000 25.000000 -0.182600
326.859985 294.880005 145.000000 -0.598800
257.549988 341.380005 85.000000 -0.579000
351.149994 317.230011 25.000000 1.085000
397.839996 243.309998 115.000000 -0.758200
494.790039 48.910000 155.000000 0.336200
494.790039 48.910000 104.999992 1.071400
428.800018 332.540009 135.000000 -0.215900
257.549988 341.380005 195.000000 0.718600
397.839996 243.309998 225.000000 0.614200
153.250000 487.290009 185.000000 -0.343900
24.240000 60.180004 145.000000 0.776800
397.839996 243.309998 234.999985 0.534700
322.970001 454.979980 234.999985 -0.272000
153.250000 487.290009 205.000000 -0.517200
428.800018 332.540009 195.000000 -0.135100
164.960007 162.529999 35.000000 0.603800
213.610001 335.230011 115.000000 -0.384500
360.320007 218.240005 135.000000 -0.393800
469.350006 191.869995 234.999985 0.784400
278.220001 309.720001 234.999985 0.497300
351.149994 317.230011 165.000000 -0.496500
494.790039 48.910000 175.000000 0.485900
494.790039 48.910000 115.000000 0.810200
213.610001 335.230011 95.000000 -0.564700
469.350006 191.869995 185.000000 0.064100
257.549988 341.380005 115.000000 -0.721100
400.339996 251.389999 135.000000 -0.729200
313.820007 301.010010 195.000000 0.295800
326.859985 294.880005 115.000000 -0.770300
130.139999 391.570007 104.999992 -0.823600
428.800018 332.540009 205.000000 -0.093600
449.420013 7.280000 125.000000 -0.440300
164.960007 162.529999 55.000000 1.036700
449.420013 7.280000 175.000000 0.122800
278.220001 309.720001 175.000000 0.362900
351.149994 317.230011 155.000000 -0.793000
322.970001 454.979980 185.000000 -0.500300
164.960007 162.529999 175.000000 1.303100
360.320007 218.240005 225.000000 1.226500
313.820007 301.010010 15.000001 1.647800
164.960007 162.529999 65.000000 1.147200
362.690002 176.309998 175.000000 0.739100
313.820007 301.010010 175.000000 -0.129300
449.420013 7.280000 15.000001 -1.742400
326.859985 294.880005 205.000000 0.106300
278.220001 309.720001 15.000001 1.855200
360.320007 218.240005 165.000000 0.047700
362.690002 176.309998 185.000000 0.900000
322.970001 454.979980 45.000000 -0.078700
362.690002 176.309998 225.000000 1.902100
125.440002 312.079987 55.000000 0.339100
153.250000 487.290009 15.000001 0.764600
400.339996 251.389999 234.999985 0.233800
257.549988 341.380005 215.000015 0.493900
106.320000 324.380005 85.000000 0.397500
24.240000 60.180004 125.000000 1.271000
428.800018 332.540009 55.000000 0.051800
469.350006 191.869995 15.000001 0.778700
362.690002 176.309998 135.000000 -0.133400
360.320007 218.240005 45.000000 0.169200
164.960007 162.529999 225.000000 0.289500
90.820000 436.950012 135.000000 -0.091900
485.619965 287.269989 155.000000 -0.826800
