pygeostat_saved_data
4
X
Y
Z
value
451.160004 411.480011 245.000000 1.138200
490.339996 265.519989 245.000000 0.003900
326.859985 294.880005 85.000000 -0.311500
10.750000 436.549988 195.000000 0.871700
397.839996 243.309998 25.000000 0.386100
121.070007 192.259995 195.000000 0.546400
362.690002 176.309998 234.999985 1.733600
126.960007 469.989960 35.000000 0.593100
475.950012 28.810001 145.000000 -0.047700
155.990005 360.869995 185.000000 0.512300
21.549999 94.790001 165.000000 0.346500
397.839996 243.309998 205.000000 0.370400
177.470001 28.440002 205.000000 0.285700
106.320000 324.380005 125.000000 0.628400
451.160004 411.480011 75.000000 -0.710400
278.220001 309.720001 125.000000 -0.577000
265.890015 249.910004 85.000000 0.200500
153.250000 487.290009 185.000000 -0.343900
124.059998 227.130005 145.000000 1.547200
451.160004 411.480011 205.000000 0.655200
15.230000 487.869965 165.000000 -0.073200
303.149994 321.829987 65.000000 -0.229700
475.950012 28.810001 95.000000 0.320300
87.070000 482.109985 65.000000 0.572600
449.420013 7.280000 95.000000 -0.261900
127.139999 327.489990 185.000000 0.817300
318.250000 429.989990 25.000000 0.704500
278.220001 309.720001 65.000000 -0.012800
321.350006 295.559998 95.000000 -0.698900
346.649994 423.839996 65.000000 -0.448900
428.800018 332.540009 35.000000 0.263300
428.800018 332.540009 15.000001 0.592900
164.960007 162.529999 234.999985 -0.056600
469.350006 191.869995 15.000001 0.778700
469.350006 191.869995 104.999992 0.632800
87.070000 482.109985 195.000000 -0.023700
321.350006 295.559998 185.000000 0.269600
351.149994 317.230011 104.999992 -0.770800
213.610001 335.230011 125.000000 -0.341200
121.070007 192.259995 175.000000 1.074400
303.149994 321.829987 95.000000 -0.615700
177.470001 28.440002 185.000000 0.510100
124.059998 227.130005 125.000000 2.114400
346.649994 423.839996 245.000000 -0.175200
87.070000 482.109985 215.000015 -0.243700
259.609985 410.989990 95.000000 -1.003700
177.470001 28.440002 55.000000 0.465900
257.549988 341.380005 75.000000 -0.611100
10.750000 436.549988 205.000000 0.718900
157.669998 258.649994 245.000000 0.114900
490.339996 265.519989 185.000000 -0.688500
490.339996 265.519989 135.000000 -0.509100
318.250000 429.989990 15.000001 1.013200
155.990005 360.869995 125.000000 -0.473800
126.960007 469.989960 245.000000 -0.126500
362.690002 176.309998 135.000000 -0.133400
87.879997 274.649994 175.000000 1.176000
322.970001 454.979980 15.000001 0.774800
360.320007 218.240005 175.000000 0.283200
87.879997 274.649994 234.999985 -0.089200
155.990005 360.869995 15.000001 0.251700
36.660000 376.950012 15.000001 0.900600
127.139999 327.489990 125.000000 0.376200
313.820007 301.010010 175.000000 -0.129300
257.549988 341.380005 35.000000 0.712600
121.070007 192.259995 85.000000 2.068200
362.690002 176.309998 55.000000 0.088000
313.820007 301.010010 25.000000 1.303100
110.449997 318.959991 75.000000 0.341700
321.350006 295.559998 145.000000 -0.598800
321.350006 295.559998 245.000000 -0.072300
318.250000 429.989990 205.000000 -0.424700
90.820000 436.950012 55.000000 0.041000
36.660000 376.950012 205.000000 1.141300
110.449997 318.959991 155.000000 0.693600
490.339996 265.519989 175.000000 -0.680400
469.350006 191.869995 115.000000 0.421200
490.339996 265.519989 205.000000 -0.415500
124.059998 227.130005 85.000000 1.992300
428.800018 332.540009 195.000000 -0.135100
126.960007 469.989960 115.000000 -0.764300
449.420013 7.280000 25.000000 -1.238500
127.139999 327.489990 35.000000 0.462100
24.240000 60.180004 115.000000 1.350700
442.040009 436.390015 35.000000 -0.474800
265.890015 249.910004 35.000000 1.260800
485.619965 287.269989 95.000000 0.024500
153.250000 487.290009 165.000000 -0.733000
351.149994 317.230011 215.000015 0.076400
395.619995 29.740000 135.000000 -0.565300
346.649994 423.839996 165.000000 0.024200
395.619995 29.740000 145.000000 -0.574900
326.859985 294.880005 35.000000 1.083100
130.139999 391.570007 104.999992 -0.823600
475.950012 28.810001 25.000000 -1.099300
213.610001 335.230011 45.000000 0.166400
451.160004 411.480011 95.000000 -0.504600
490.339996 265.519989 195.000000 -0.771800
87.879997 274.649994 125.000000 1.839400
265.890015 249.910004 45.000000 1.059600
259.609985 410.989990 125.000000 -0.988500
90.820000 436.950012 95.000000 -0.237400
155.990005 360.869995 55.000000 -0.661600
494.790039 48.910000 15.000001 -0.522300
177.470001 28.440002 15.000001 -0.466200
298.269989 94.169998 185.000000 0.404200
15.230000 487.869965 135.000000 -0.202600
155.990005 360.869995 234.999985 0.399700
157.669998 258.649994 65.000000 1.111800
87.070000 482.109985 95.000000 0.025300
362.690002 176.309998 175.000000 0.739100
177.470001 28.440002 104.999992 1.485500
121.070007 192.259995 185.000000 0.730400
303.149994 321.829987 55.000000 0.248700
362.690002 176.309998 45.000000 0.044900
157.669998 258.649994 35.000000 1.030900
475.950012 28.810001 15.000001 -1.021100
265.890015 249.910004 155.000000 0.447900
475.950012 28.810001 104.999992 0.250800
125.440002 312.079987 75.000000 0.187500
87.070000 482.109985 145.000000 -0.342300
469.350006 191.869995 45.000000 1.210200
213.610001 335.230011 15.000001 1.096700
313.820007 301.010010 115.000000 -0.696300
259.609985 410.989990 15.000001 1.172000
164.960007 162.529999 25.000000 0.736300
87.879997 274.649994 25.000000 0.883000
10.750000 436.549988 215.000015 0.578600
469.350006 191.869995 25.000000 0.797300
125.440002 312.079987 215.000015 0.380300
469.350006 191.869995 135.000000 -0.293800
397.839996 243.309998 225.000000 0.614200
346.649994 423.839996 15.000001 0.613900
351.149994 317.230011 65.000000 -0.169600
278.220001 309.720001 245.000000 0.414400
397.839996 243.309998 195.000000 0.056200
126.960007 469.989960 185.000000 -0.170300
24.240000 60.180004 75.000000 1.369400
451.160004 411.480011 55.000000 -0.699800
90.820000 436.950012 115.000000 -0.105000
432.929993 319.820007 225.000000 -0.239000
318.250000 429.989990 245.000000 -0.560100
298.269989 94.169998 245.000000 1.268600
303.149994 321.829987 234.999985 -0.005900
10.750000 436.549988 125.000000 0.673900
24.240000 60.180004 85.000000 1.506200
432.929993 319.820007 125.000000 -0.594000
87.879997 274.649994 55.000000 1.201700
400.339996 251.389999 55.000000 0.235000
265.890015 249.910004 145.000000 0.403900
155.990005 360.869995 85.000000 -0.992600
265.890015 249.910004 234.999985 0.993400
494.790039 48.910000 45.000000 0.517900
213.610001 335.230011 135.000000 -0.331700
494.790039 48.910000 185.000000 0.534900
21.549999 94.790001 195.000000 -0.159800
110.449997 318.959991 45.000000 0.699900
326.859985 294.880005 25.000000 1.122300
303.149994 321.829987 145.000000 -0.615300
360.320007 218.240005 185.000000 0.370200
485.619965 287.269989 225.000000 -0.516000
362.690002 176.309998 215.000015 1.621300
36.660000 376.950012 115.000000 1.424000
362.690002 176.309998 25.000000 0.357300
257.549988 341.380005 245.000000 0.157100
494.790039 48.910000 155.000000 0.336200
449.420013 7.280000 45.000000 -0.998500
153.250000 487.290009 35.000000 0.590700
87.070000 482.109985 15.000001 1.245400
449.420013 7.280000 175.000000 0.122800
298.269989 94.169998 125.000000 -0.050900
451.160004 411.480011 234.999985 1.118500
87.879997 274.649994 115.000000 1.722700
432.929993 319.820007 45.000000 0.287000
126.960007 469.989960 215.000015 0.004500
351.149994 317.230011 95.000000 -0.674000
432.929993 319.820007 234.999985 -0.046900
153.250000 487.290009 45.000000 0.504200
442.040009 436.390015 215.000015 0.728400
321.350006 295.559998 234.999985 0.341700
346.649994 423.839996 234.999985 -0.037300
24.240000 60.180004 234.999985 -0.222200
15.230000 487.869965 115.000000 -0.067500
106.320000 324.380005 135.000000 0.576000
24.240000 60.180004 165.000000 0.475800
449.420013 7.280000 55.000000 -0.718700
110.449997 318.959991 115.000000 0.741700
428.800018 332.540009 185.000000 -0.178200
442.040009 436.390015 85.000000 -0.716600
127.139999 327.489990 45.000000 0.197100
318.250000 429.989990 35.000000 0.372700
155.990005 360.869995 215.000015 0.621600
397.839996 243.309998 55.000000 0.398400
257.549988 341.380005 104.999992 -0.722100
257.549988 341.380005 205.000000 0.401200
362.690002 176.309998 155.000000 0.314300
278.220001 309.720001 135.000000 -0.454800
90.820000 436.950012 15.000001 1.041100
475.950012 28.810001 75.000000 0.385100
90.820000 436.950012 195.000000 0.617300
360.320007 218.240005 165.000000 0.047700
24.240000 60.180004 104.999992 1.716200
449.420013 7.280000 234.999985 0.442500
451.160004 411.480011 45.000000 -0.536600
278.220001 309.720001 234.999985 0.497300
24.240000 60.180004 65.000000 1.231900
157.669998 258.649994 195.000000 0.720400
10.750000 436.549988 225.000000 0.186600
121.070007 192.259995 55.000000 1.540400
121.070007 192.259995 104.999992 2.358700
257.549988 341.380005 125.000000 -0.510200
494.790039 48.910000 245.000000 0.478700
155.990005 360.869995 65.000000 -0.810200
153.250000 487.290009 225.000000 -0.394800
177.470001 28.440002 245.000000 0.158900
36.660000 376.950012 245.000000 0.170800
485.619965 287.269989 65.000000 0.383100
298.269989 94.169998 225.000000 0.894600
395.619995 29.740000 115.000000 -0.619600
10.750000 436.549988 45.000000 1.216500
130.139999 391.570007 165.000000 0.077800
36.660000 376.950012 45.000000 0.772500
449.420013 7.280000 85.000000 -0.148500
278.220001 309.720001 175.000000 0.362900
451.160004 411.480011 215.000015 0.610400
265.890015 249.910004 225.000000 0.792800
395.619995 29.740000 234.999985 0.657300
36.660000 376.950012 125.000000 1.399200
360.320007 218.240005 195.000000 0.481600
442.040009 436.390015 104.999992 -0.297300
432.929993 319.820007 95.000000 -0.532400
164.960007 162.529999 65.000000 1.147200
90.820000 436.950012 75.000000 0.018600
428.800018 332.540009 104.999992 -0.383700
326.859985 294.880005 205.000000 0.106300
164.960007 162.529999 165.000000 1.447300
87.879997 274.649994 225.000000 -0.005600
318.250000 429.989990 104.999992 -0.904000
351.149994 317.230011 25.000000 1.085000
164.960007 162.529999 145.000000 2.295800
127.139999 327.489990 15.000001 0.252200
303.149994 321.829987 135.000000 -0.723700
303.149994 321.829987 175.000000 -0.037600
360.320007 218.240005 95.000000 -0.327600
326.859985 294.880005 55.000000 0.471200
442.040009 436.390015 205.000000 0.594800
257.549988 341.380005 55.000000 0.078400
130.139999 391.570007 125.000000 -0.538600
15.230000 487.869965 125.000000 -0.120400
395.619995 29.740000 55.000000 -0.795600
298.269989 94.169998 35.000000 0.011400
313.820007 301.010010 135.000000 -0.814400
125.440002 312.079987 145.000000 0.584100
428.800018 332.540009 85.000000 -0.467200
15.230000 487.869965 215.000015 -0.232900
15.230000 487.869965 85.000000 0.457100
153.250000 487.290009 95.000000 -0.581800
121.070007 192.259995 75.000000 1.980000
428.800018 332.540009 155.000000 -0.137400
395.619995 29.740000 225.000000 0.568400
318.250000 429.989990 55.000000 -0.240900
126.960007 469.989960 135.000000 -0.700100
351.149994 317.230011 185.000000 -0.094500
127.139999 327.489990 145.000000 0.304000
124.059998 227.130005 175.000000 0.977500
298.269989 94.169998 75.000000 -0.112400
469.350006 191.869995 35.000000 0.740500
469.350006 191.869995 165.000000 -0.265900
494.790039 48.910000 175.000000 0.485900
346.649994 423.839996 35.000000 0.259700
24.240000 60.180004 155.000000 0.692700
278.220001 309.720001 205.000000 0.685300
259.609985 410.989990 205.000000 -0.577100
278.220001 309.720001 35.000000 0.985700
303.149994 321.829987 115.000000 -0.860200
125.440002 312.079987 65.000000 0.236500
125.440002 312.079987 35.000000 0.371000
265.890015 249.910004 65.000000 0.819000
432.929993 319.820007 15.000001 0.609700
346.649994 423.839996 155.000000 -0.051400
298.269989 94.169998 205.000000 0.766500
153.250000 487.290009 175.000000 -0.683100
87.879997 274.649994 104.999992 1.812700
322.970001 454.979980 65.000000 -0.498300
395.619995 29.740000 205.000000 0.564800
313.820007 301.010010 55.000000 0.281000
346.649994 423.839996 185.000000 -0.153800
155.990005 360.869995 104.999992 -1.002700
213.610001 335.230011 145.000000 -0.110700
298.269989 94.169998 234.999985 1.118700
213.610001 335.230011 245.000000 0.368400
126.960007 469.989960 155.000000 -0.578000
397.839996 243.309998 95.000000 -0.512500
449.420013 7.280000 145.000000 -0.133200
303.149994 321.829987 125.000000 -0.834100
126.960007 469.989960 75.000000 -0.258500
469.350006 191.869995 185.000000 0.064100
475.950012 28.810001 35.000000 -0.510100
362.690002 176.309998 95.000000 -0.031300
127.139999 327.489990 135.000000 0.307500
490.339996 265.519989 145.000000 -0.773200
428.800018 332.540009 135.000000 -0.215900
395.619995 29.740000 125.000000 -0.684800
360.320007 218.240005 15.000001 0.629500
177.470001 28.440002 215.000015 0.173300
87.879997 274.649994 205.000000 0.294600
87.070000 482.109985 45.000000 0.973400
322.970001 454.979980 195.000000 -0.431700
87.879997 274.649994 35.000000 0.916300
326.859985 294.880005 165.000000 -0.459600
164.960007 162.529999 225.000000 0.289500
155.990005 360.869995 155.000000 -0.267300
442.040009 436.390015 165.000000 0.458500
428.800018 332.540009 75.000000 -0.404000
298.269989 94.169998 95.000000 -0.045900
395.619995 29.740000 245.000000 0.777600
313.820007 301.010010 234.999985 0.209300
449.420013 7.280000 205.000000 0.261100
125.440002 312.079987 225.000000 0.562200
318.250000 429.989990 225.000000 -0.381200
125.440002 312.079987 234.999985 0.263200
36.660000 376.950012 85.000000 0.818400
321.350006 295.559998 165.000000 -0.459600
303.149994 321.829987 25.000000 1.332900
265.890015 249.910004 245.000000 0.828000
449.420013 7.280000 245.000000 0.446800
157.669998 258.649994 165.000000 1.016100
213.610001 335.230011 185.000000 0.600700
485.619965 287.269989 75.000000 0.041800
87.879997 274.649994 15.000001 0.665400
259.609985 410.989990 45.000000 0.244300
351.149994 317.230011 245.000000 -0.239200
490.339996 265.519989 225.000000 -0.352900
125.440002 312.079987 245.000000 0.249600
257.549988 341.380005 45.000000 0.363900
124.059998 227.130005 185.000000 0.831500
87.879997 274.649994 75.000000 1.458500
127.139999 327.489990 115.000000 0.303500
485.619965 287.269989 35.000000 0.615300
326.859985 294.880005 125.000000 -0.689900
400.339996 251.389999 205.000000 0.047300
153.250000 487.290009 15.000001 0.764600
318.250000 429.989990 145.000000 -0.552700
346.649994 423.839996 55.000000 -0.145200
351.149994 317.230011 225.000000 0.220300
36.660000 376.950012 215.000015 0.770700
10.750000 436.549988 165.000000 0.909900
110.449997 318.959991 175.000000 0.818800
87.070000 482.109985 125.000000 -0.055000
153.250000 487.290009 104.999992 -0.948700
124.059998 227.130005 225.000000 -0.076900
321.350006 295.559998 15.000001 1.466300
110.449997 318.959991 65.000000 0.189900
362.690002 176.309998 245.000000 1.898300
475.950012 28.810001 85.000000 0.767500
360.320007 218.240005 35.000000 0.463600
449.420013 7.280000 225.000000 0.540000
164.960007 162.529999 75.000000 1.758300
395.619995 29.740000 45.000000 -1.025800
90.820000 436.950012 225.000000 0.448500
90.820000 436.950012 145.000000 -0.039900
121.070007 192.259995 65.000000 1.640200
432.929993 319.820007 185.000000 -0.365300
303.149994 321.829987 45.000000 0.617000
153.250000 487.290009 215.000015 -0.396000
397.839996 243.309998 35.000000 0.287200
485.619965 287.269989 215.000015 -0.316700
157.669998 258.649994 45.000000 1.009300
351.149994 317.230011 165.000000 -0.496500
153.250000 487.290009 135.000000 -0.698800
265.890015 249.910004 185.000000 0.744200
15.230000 487.869965 175.000000 -0.146500
153.250000 487.290009 55.000000 0.335800
127.139999 327.489990 25.000000 0.113700
36.660000 376.950012 65.000000 0.924800
400.339996 251.389999 185.000000 -0.351600
397.839996 243.309998 165.000000 -0.406900
110.449997 318.959991 95.000000 0.522100
397.839996 243.309998 175.000000 -0.231600
400.339996 251.389999 135.000000 -0.729200
36.660000 376.950012 135.000000 1.629500
177.470001 28.440002 175.000000 0.814000
449.420013 7.280000 75.000000 -0.508900
278.220001 309.720001 155.000000 -0.167600
259.609985 410.989990 55.000000 -0.368800
126.960007 469.989960 104.999992 -0.695400
177.470001 28.440002 165.000000 0.789300
24.240000 60.180004 55.000000 1.411800
24.240000 60.180004 125.000000 1.271000
326.859985 294.880005 175.000000 -0.037900
303.149994 321.829987 195.000000 0.346300
395.619995 29.740000 95.000000 -0.702300
303.149994 321.829987 165.000000 -0.245100
494.790039 48.910000 145.000000 0.434800
157.669998 258.649994 75.000000 1.253800
490.339996 265.519989 15.000001 0.414200
259.609985 410.989990 225.000000 -0.489100
87.070000 482.109985 75.000000 0.192600
24.240000 60.180004 175.000000 0.205100
485.619965 287.269989 145.000000 -0.766700
490.339996 265.519989 65.000000 0.514100
126.960007 469.989960 145.000000 -0.549400
428.800018 332.540009 234.999985 0.139400
125.440002 312.079987 85.000000 0.231100
265.890015 249.910004 175.000000 0.839000
318.250000 429.989990 65.000000 -0.566300
428.800018 332.540009 245.000000 0.034400
213.610001 335.230011 35.000000 0.458000
259.609985 410.989990 115.000000 -1.075800
351.149994 317.230011 125.000000 -1.070500
257.549988 341.380005 65.000000 -0.237900
428.800018 332.540009 175.000000 -0.247000
397.839996 243.309998 245.000000 0.482300
475.950012 28.810001 65.000000 0.350200
360.320007 218.240005 65.000000 -0.095800
362.690002 176.309998 104.999992 -0.328900
177.470001 28.440002 85.000000 1.248600
87.879997 274.649994 95.000000 1.474300
155.990005 360.869995 225.000000 0.390500
24.240000 60.180004 95.000000 1.709300
490.339996 265.519989 125.000000 -0.320400
318.250000 429.989990 185.000000 -0.292400
164.960007 162.529999 245.000000 -0.082700
87.070000 482.109985 245.000000 -0.239200
90.820000 436.950012 234.999985 0.075600
213.610001 335.230011 25.000000 0.682600
494.790039 48.910000 104.999992 1.071400
313.820007 301.010010 104.999992 -0.752100
126.960007 469.989960 234.999985 0.020700
36.660000 376.950012 25.000000 0.845400
395.619995 29.740000 165.000000 -0.064300
15.230000 487.869965 195.000000 0.010700
346.649994 423.839996 95.000000 -0.749600
265.890015 249.910004 125.000000 0.296000
400.339996 251.389999 104.999992 -0.700600
155.990005 360.869995 165.000000 -0.001600
106.320000 324.380005 195.000000 0.737100
124.059998 227.130005 35.000000 1.149300
360.320007 218.240005 245.000000 1.384900
362.690002 176.309998 15.000001 0.411600
121.070007 192.259995 15.000001 0.896100
362.690002 176.309998 125.000000 -0.179700
130.139999 391.570007 115.000000 -0.590800
90.820000 436.950012 155.000000 -0.033600
400.339996 251.389999 75.000000 0.082200
130.139999 391.570007 245.000000 0.146800
106.320000 324.380005 175.000000 0.832900
326.859985 294.880005 115.000000 -0.770300
265.890015 249.910004 15.000001 1.383900
155.990005 360.869995 95.000000 -0.990600
106.320000 324.380005 55.000000 0.443900
469.350006 191.869995 85.000000 1.078400
36.660000 376.950012 185.000000 1.284900
164.960007 162.529999 115.000000 2.450400
257.549988 341.380005 145.000000 -0.319700
110.449997 318.959991 145.000000 0.594100
90.820000 436.950012 245.000000 0.022600
494.790039 48.910000 25.000000 -0.182600
130.139999 391.570007 95.000000 -0.901900
257.549988 341.380005 95.000000 -0.700700
428.800018 332.540009 115.000000 -0.308500
177.470001 28.440002 45.000000 0.126800
157.669998 258.649994 15.000001 1.027800
126.960007 469.989960 225.000000 -0.157900
313.820007 301.010010 195.000000 0.295800
318.250000 429.989990 85.000000 -0.919900
322.970001 454.979980 175.000000 -0.640600
298.269989 94.169998 165.000000 0.139000
121.070007 192.259995 35.000000 1.185100
110.449997 318.959991 165.000000 0.510000
10.750000 436.549988 115.000000 0.853500
362.690002 176.309998 85.000000 -0.116200
395.619995 29.740000 175.000000 -0.013700
90.820000 436.950012 135.000000 -0.091900
157.669998 258.649994 155.000000 1.207100
24.240000 60.180004 45.000000 1.343500
397.839996 243.309998 155.000000 -0.662300
21.549999 94.790001 95.000000 1.754700
397.839996 243.309998 15.000001 0.629700
432.929993 319.820007 245.000000 -0.002900
449.420013 7.280000 115.000000 -0.513800
213.610001 335.230011 195.000000 0.522000
322.970001 454.979980 75.000000 -0.839300
451.160004 411.480011 155.000000 0.558900
257.549988 341.380005 135.000000 -0.425000
469.350006 191.869995 125.000000 0.064800
124.059998 227.130005 205.000000 0.443100
21.549999 94.790001 115.000000 1.854800
298.269989 94.169998 65.000000 -0.118100
110.449997 318.959991 225.000000 0.304600
110.449997 318.959991 104.999992 0.434200
24.240000 60.180004 145.000000 0.776800
21.549999 94.790001 45.000000 1.646100
494.790039 48.910000 75.000000 1.232400
15.230000 487.869965 205.000000 -0.121800
400.339996 251.389999 175.000000 -0.585800
400.339996 251.389999 125.000000 -0.732800
494.790039 48.910000 125.000000 0.571100
400.339996 251.389999 25.000000 0.408300
278.220001 309.720001 15.000001 1.855200
494.790039 48.910000 95.000000 0.871700
322.970001 454.979980 35.000000 0.257200
124.059998 227.130005 234.999985 -0.118800
87.070000 482.109985 234.999985 -0.233800
469.350006 191.869995 195.000000 0.188000
257.549988 341.380005 155.000000 -0.044800
36.660000 376.950012 104.999992 1.242600
400.339996 251.389999 65.000000 0.078900
303.149994 321.829987 35.000000 0.971300
400.339996 251.389999 215.000015 0.176600
130.139999 391.570007 185.000000 0.326200
451.160004 411.480011 35.000000 -0.637400
400.339996 251.389999 195.000000 -0.052700
259.609985 410.989990 85.000000 -0.999600
164.960007 162.529999 205.000000 0.694600
278.220001 309.720001 115.000000 -0.358500
322.970001 454.979980 185.000000 -0.500300
360.320007 218.240005 25.000000 0.782400
90.820000 436.950012 85.000000 -0.349500
346.649994 423.839996 205.000000 -0.236100
442.040009 436.390015 245.000000 1.292800
90.820000 436.950012 215.000015 0.457300
36.660000 376.950012 95.000000 0.872100
10.750000 436.549988 104.999992 0.834100
21.549999 94.790001 125.000000 1.456600
490.339996 265.519989 215.000015 -0.411500
485.619965 287.269989 175.000000 -0.723600
449.420013 7.280000 165.000000 0.216400
24.240000 60.180004 185.000000 0.101600
213.610001 335.230011 205.000000 0.623200
157.669998 258.649994 104.999992 1.193100
130.139999 391.570007 175.000000 0.121800
124.059998 227.130005 25.000000 1.100400
360.320007 218.240005 45.000000 0.169200
125.440002 312.079987 175.000000 0.690900
153.250000 487.290009 85.000000 -0.601100
36.660000 376.950012 155.000000 1.518500
155.990005 360.869995 145.000000 -0.222200
36.660000 376.950012 234.999985 0.143400
351.149994 317.230011 115.000000 -0.957300
326.859985 294.880005 45.000000 0.751600
164.960007 162.529999 95.000000 2.127200
321.350006 295.559998 215.000015 0.207900
106.320000 324.380005 85.000000 0.397500
321.350006 295.559998 115.000000 -0.770300
265.890015 249.910004 165.000000 0.455900
451.160004 411.480011 185.000000 0.405900
395.619995 29.740000 75.000000 -0.838000
362.690002 176.309998 75.000000 -0.062300
24.240000 60.180004 215.000015 -0.173600
346.649994 423.839996 225.000000 -0.318700
395.619995 29.740000 104.999992 -0.724800
87.879997 274.649994 145.000000 1.278900
449.420013 7.280000 155.000000 -0.275500
126.960007 469.989960 205.000000 0.184000
106.320000 324.380005 205.000000 0.614000
469.350006 191.869995 205.000000 0.428900
318.250000 429.989990 234.999985 -0.461800
155.990005 360.869995 75.000000 -0.921200
485.619965 287.269989 104.999992 -0.300100
127.139999 327.489990 245.000000 -0.079000
127.139999 327.489990 215.000015 0.411200
313.820007 301.010010 95.000000 -0.578800
110.449997 318.959991 55.000000 0.396200
155.990005 360.869995 115.000000 -0.592700
90.820000 436.950012 125.000000 -0.170000
322.970001 454.979980 25.000000 0.361900
362.690002 176.309998 145.000000 -0.014400
485.619965 287.269989 115.000000 -0.252500
321.350006 295.559998 155.000000 -0.577500
126.960007 469.989960 165.000000 -0.256100
346.649994 423.839996 215.000015 -0.212100
15.230000 487.869965 35.000000 1.096700
428.800018 332.540009 165.000000 -0.090000
164.960007 162.529999 125.000000 2.202200
494.790039 48.910000 35.000000 0.122900
322.970001 454.979980 245.000000 -0.168000
321.350006 295.559998 195.000000 0.189500
322.970001 454.979980 234.999985 -0.272000
21.549999 94.790001 65.000000 1.524300
87.070000 482.109985 85.000000 0.191500
125.440002 312.079987 155.000000 0.581000
494.790039 48.910000 195.000000 0.325500
130.139999 391.570007 75.000000 -0.922500
321.350006 295.559998 55.000000 0.471200
449.420013 7.280000 135.000000 -0.249000
475.950012 28.810001 165.000000 0.219500
164.960007 162.529999 45.000000 0.591000
110.449997 318.959991 85.000000 0.578800
346.649994 423.839996 115.000000 -0.915800
265.890015 249.910004 55.000000 1.051600
494.790039 48.910000 135.000000 0.532000
303.149994 321.829987 15.000001 1.740500
485.619965 287.269989 245.000000 -0.193900
213.610001 335.230011 75.000000 -0.533400
298.269989 94.169998 115.000000 -0.185600
362.690002 176.309998 165.000000 0.548100
485.619965 287.269989 165.000000 -0.750000
313.820007 301.010010 145.000000 -0.744500
36.660000 376.950012 75.000000 0.878200
259.609985 410.989990 35.000000 0.531900
259.609985 410.989990 175.000000 -0.496300
475.950012 28.810001 55.000000 -0.372500
326.859985 294.880005 234.999985 0.341700
124.059998 227.130005 55.000000 1.502500
15.230000 487.869965 225.000000 -0.354300
451.160004 411.480011 175.000000 0.648000
400.339996 251.389999 15.000001 0.494100
322.970001 454.979980 55.000000 -0.272800
106.320000 324.380005 75.000000 0.490300
15.230000 487.869965 65.000000 0.738500
397.839996 243.309998 125.000000 -0.653100
106.320000 324.380005 115.000000 0.549600
469.350006 191.869995 75.000000 1.217100
110.449997 318.959991 195.000000 0.761400
326.859985 294.880005 185.000000 0.269600
213.610001 335.230011 55.000000 -0.015600
15.230000 487.869965 95.000000 0.278200
155.990005 360.869995 135.000000 -0.337800
400.339996 251.389999 225.000000 0.172100
125.440002 312.079987 25.000000 0.379200
469.350006 191.869995 175.000000 -0.056900
494.790039 48.910000 85.000000 1.061700
278.220001 309.720001 25.000000 1.396400
326.859985 294.880005 195.000000 0.189500
130.139999 391.570007 65.000000 -1.066400
106.320000 324.380005 234.999985 0.215700
326.859985 294.880005 15.000001 1.466300
318.250000 429.989990 95.000000 -0.888000
24.240000 60.180004 205.000000 -0.200300
449.420013 7.280000 185.000000 0.376500
24.240000 60.180004 15.000001 1.145300
21.549999 94.790001 55.000000 1.558700
127.139999 327.489990 104.999992 0.278400
155.990005 360.869995 245.000000 0.132400
124.059998 227.130005 165.000000 1.180400
124.059998 227.130005 104.999992 2.164701
485.619965 287.269989 185.000000 -0.636300
303.149994 321.829987 75.000000 -0.336300
442.040009 436.390015 225.000000 0.867200
153.250000 487.290009 195.000000 -0.456000
265.890015 249.910004 95.000000 0.252300
362.690002 176.309998 195.000000 1.374600
155.990005 360.869995 205.000000 0.527100
351.149994 317.230011 75.000000 -0.375400
121.070007 192.259995 155.000000 1.705500
449.420013 7.280000 15.000001 -1.742400
10.750000 436.549988 145.000000 0.890200
346.649994 423.839996 85.000000 -0.868200
449.420013 7.280000 195.000000 0.171000
451.160004 411.480011 115.000000 -0.007200
303.149994 321.829987 205.000000 0.426200
395.619995 29.740000 25.000000 -1.409200
469.350006 191.869995 155.000000 -0.324100
21.549999 94.790001 175.000000 0.208200
451.160004 411.480011 15.000001 -0.399600
87.070000 482.109985 205.000000 -0.004700
110.449997 318.959991 215.000015 0.488200
124.059998 227.130005 195.000000 0.555400
87.879997 274.649994 135.000000 1.643400
360.320007 218.240005 115.000000 -0.464700
485.619965 287.269989 15.000001 0.336500
130.139999 391.570007 234.999985 0.416000
346.649994 423.839996 45.000000 -0.160300
15.230000 487.869965 104.999992 0.192200
313.820007 301.010010 45.000000 0.612600
121.070007 192.259995 225.000000 0.113900
322.970001 454.979980 135.000000 -0.408800
490.339996 265.519989 234.999985 -0.195600
313.820007 301.010010 155.000000 -0.458400
36.660000 376.950012 225.000000 0.722900
164.960007 162.529999 215.000015 0.442500
259.609985 410.989990 195.000000 -0.140500
469.350006 191.869995 215.000015 0.443200
157.669998 258.649994 185.000000 0.754000
318.250000 429.989990 135.000000 -0.636400
130.139999 391.570007 135.000000 -0.495300
318.250000 429.989990 125.000000 -0.760800
400.339996 251.389999 234.999985 0.233800
130.139999 391.570007 225.000000 0.391300
490.339996 265.519989 25.000000 0.564500
469.350006 191.869995 245.000000 0.663000
485.619965 287.269989 195.000000 -0.602700
90.820000 436.950012 165.000000 0.278200
360.320007 218.240005 205.000000 0.906600
475.950012 28.810001 225.000000 0.149500
90.820000 436.950012 25.000000 0.999700
259.609985 410.989990 25.000000 0.740500
87.070000 482.109985 115.000000 -0.433700
351.149994 317.230011 175.000000 -0.387200
303.149994 321.829987 85.000000 -0.415100
449.420013 7.280000 65.000000 -0.352100
153.250000 487.290009 155.000000 -0.808400
351.149994 317.230011 15.000001 1.558600
157.669998 258.649994 225.000000 0.449600
10.750000 436.549988 25.000000 1.445100
164.960007 162.529999 55.000000 1.036700
397.839996 243.309998 215.000015 0.389000
124.059998 227.130005 45.000000 1.319300
322.970001 454.979980 145.000000 -0.373700
106.320000 324.380005 225.000000 0.369800
442.040009 436.390015 125.000000 -0.063500
395.619995 29.740000 215.000015 0.603800
15.230000 487.869965 25.000000 1.333400
428.800018 332.540009 205.000000 -0.093600
313.820007 301.010010 215.000015 0.239500
442.040009 436.390015 55.000000 -0.626300
153.250000 487.290009 205.000000 -0.517200
259.609985 410.989990 65.000000 -0.315500
15.230000 487.869965 15.000001 1.400200
124.059998 227.130005 135.000000 2.040000
106.320000 324.380005 165.000000 0.888400
449.420013 7.280000 35.000000 -1.287400
303.149994 321.829987 245.000000 -0.070300
127.139999 327.489990 155.000000 0.358400
110.449997 318.959991 185.000000 0.888200
213.610001 335.230011 155.000000 -0.136100
321.350006 295.559998 85.000000 -0.311500
15.230000 487.869965 75.000000 0.625800
298.269989 94.169998 25.000000 -0.012000
318.250000 429.989990 45.000000 0.277000
125.440002 312.079987 45.000000 0.393300
400.339996 251.389999 115.000000 -0.622100
213.610001 335.230011 65.000000 -0.352300
432.929993 319.820007 195.000000 -0.403300
87.879997 274.649994 245.000000 -0.405400
469.350006 191.869995 225.000000 0.743200
298.269989 94.169998 195.000000 0.566600
494.790039 48.910000 205.000000 0.476700
326.859985 294.880005 65.000000 0.200900
259.609985 410.989990 104.999992 -0.958700
303.149994 321.829987 185.000000 0.199700
298.269989 94.169998 55.000000 -0.045100
428.800018 332.540009 95.000000 -0.441600
321.350006 295.559998 175.000000 -0.037900
257.549988 341.380005 175.000000 0.206000
475.950012 28.810001 45.000000 -0.317200
213.610001 335.230011 115.000000 -0.384500
442.040009 436.390015 155.000000 0.606700
106.320000 324.380005 15.000001 0.298900
432.929993 319.820007 175.000000 -0.211100
321.350006 295.559998 25.000000 1.122300
24.240000 60.180004 195.000000 0.122100
451.160004 411.480011 125.000000 0.000100
298.269989 94.169998 155.000000 0.216100
322.970001 454.979980 104.999992 -0.777700
395.619995 29.740000 185.000000 0.077100
326.859985 294.880005 75.000000 -0.246900
153.250000 487.290009 145.000000 -0.819500
442.040009 436.390015 145.000000 0.187200
395.619995 29.740000 85.000000 -0.520900
257.549988 341.380005 234.999985 0.228500
432.929993 319.820007 115.000000 -0.637600
164.960007 162.529999 185.000000 1.154500
257.549988 341.380005 25.000000 1.066200
110.449997 318.959991 15.000001 0.267000
451.160004 411.480011 85.000000 -0.538800
21.549999 94.790001 215.000015 -0.284100
428.800018 332.540009 45.000000 0.131400
124.059998 227.130005 75.000000 1.796200
110.449997 318.959991 135.000000 0.576600
298.269989 94.169998 145.000000 -0.005600
475.950012 28.810001 245.000000 0.494900
21.549999 94.790001 155.000000 0.829200
157.669998 258.649994 205.000000 0.530100
10.750000 436.549988 135.000000 0.901900
397.839996 243.309998 104.999992 -0.662400
106.320000 324.380005 155.000000 0.672600
177.470001 28.440002 234.999985 -0.019400
257.549988 341.380005 225.000000 0.388100
121.070007 192.259995 135.000000 2.226700
449.420013 7.280000 215.000015 0.157200
318.250000 429.989990 115.000000 -0.754400
10.750000 436.549988 95.000000 0.696100
106.320000 324.380005 95.000000 0.407200
400.339996 251.389999 85.000000 -0.517000
475.950012 28.810001 185.000000 0.400500
278.220001 309.720001 85.000000 -0.244300
490.339996 265.519989 45.000000 0.577400
126.960007 469.989960 195.000000 -0.210500
164.960007 162.529999 15.000001 0.688500
155.990005 360.869995 25.000000 -0.070600
321.350006 295.559998 65.000000 0.200900
318.250000 429.989990 215.000015 -0.712500
21.549999 94.790001 135.000000 1.479800
10.750000 436.549988 75.000000 0.838000
278.220001 309.720001 95.000000 -0.229900
36.660000 376.950012 35.000000 0.957900
126.960007 469.989960 25.000000 0.815900
87.879997 274.649994 195.000000 0.560800
110.449997 318.959991 25.000000 0.536100
494.790039 48.910000 65.000000 1.021600
278.220001 309.720001 104.999992 -0.412400
21.549999 94.790001 225.000000 -0.233000
397.839996 243.309998 85.000000 -0.290700
432.929993 319.820007 155.000000 -0.576100
351.149994 317.230011 45.000000 0.190200
360.320007 218.240005 125.000000 -0.373500
442.040009 436.390015 45.000000 -0.629300
475.950012 28.810001 115.000000 0.136400
21.549999 94.790001 245.000000 0.027800
15.230000 487.869965 45.000000 1.023300
451.160004 411.480011 65.000000 -0.608000
259.609985 410.989990 155.000000 -0.574900
397.839996 243.309998 45.000000 0.182800
360.320007 218.240005 135.000000 -0.393800
126.960007 469.989960 125.000000 -0.610100
265.890015 249.910004 104.999992 0.287200
432.929993 319.820007 85.000000 -0.122500
321.350006 295.559998 205.000000 0.106300
127.139999 327.489990 85.000000 -0.048800
259.609985 410.989990 234.999985 -0.531100
362.690002 176.309998 35.000000 0.315900
326.859985 294.880005 225.000000 0.242900
360.320007 218.240005 155.000000 -0.101100
490.339996 265.519989 155.000000 -0.655800
213.610001 335.230011 95.000000 -0.564700
21.549999 94.790001 104.999992 1.877000
313.820007 301.010010 205.000000 0.417900
397.839996 243.309998 185.000000 -0.191700
346.649994 423.839996 25.000000 0.587500
121.070007 192.259995 245.000000 -0.582500
213.610001 335.230011 215.000015 0.779700
106.320000 324.380005 245.000000 -0.032900
351.149994 317.230011 85.000000 -0.355800
110.449997 318.959991 234.999985 0.061000
213.610001 335.230011 234.999985 0.525400
265.890015 249.910004 215.000015 0.833900
490.339996 265.519989 165.000000 -0.758700
124.059998 227.130005 155.000000 1.705200
362.690002 176.309998 115.000000 -0.236100
10.750000 436.549988 15.000001 1.170200
400.339996 251.389999 245.000000 0.203100
153.250000 487.290009 245.000000 -0.238500
442.040009 436.390015 195.000000 0.662200
153.250000 487.290009 65.000000 0.036400
36.660000 376.950012 195.000000 1.338600
90.820000 436.950012 205.000000 0.471700
395.619995 29.740000 155.000000 -0.458000
157.669998 258.649994 234.999985 0.013800
125.440002 312.079987 195.000000 0.843100
130.139999 391.570007 55.000000 -0.780200
322.970001 454.979980 165.000000 -0.227400
278.220001 309.720001 165.000000 0.209600
164.960007 162.529999 195.000000 0.661100
442.040009 436.390015 175.000000 0.232700
313.820007 301.010010 225.000000 0.240500
485.619965 287.269989 55.000000 0.409000
10.750000 436.549988 55.000000 1.064200
257.549988 341.380005 15.000001 1.501600
475.950012 28.810001 195.000000 0.372100
400.339996 251.389999 35.000000 0.416200
87.070000 482.109985 165.000000 -0.032200
87.070000 482.109985 25.000000 1.275500
395.619995 29.740000 15.000001 -1.320600
494.790039 48.910000 215.000015 0.532500
36.660000 376.950012 165.000000 1.590600
346.649994 423.839996 175.000000 -0.183400
153.250000 487.290009 25.000000 0.675600
155.990005 360.869995 195.000000 0.475500
265.890015 249.910004 205.000000 0.945200
318.250000 429.989990 75.000000 -0.566700
321.350006 295.559998 104.999992 -0.462700
121.070007 192.259995 125.000000 2.360200
106.320000 324.380005 145.000000 0.604000
121.070007 192.259995 215.000015 0.476000
451.160004 411.480011 104.999992 -0.382400
313.820007 301.010010 185.000000 0.224500
15.230000 487.869965 185.000000 -0.064200
397.839996 243.309998 75.000000 -0.132200
87.070000 482.109985 55.000000 0.665700
362.690002 176.309998 225.000000 1.902100
127.139999 327.489990 195.000000 0.767900
121.070007 192.259995 205.000000 0.151300
360.320007 218.240005 104.999992 -0.208000
157.669998 258.649994 85.000000 1.213700
326.859985 294.880005 95.000000 -0.698900
125.440002 312.079987 185.000000 0.804000
397.839996 243.309998 135.000000 -0.638700
313.820007 301.010010 165.000000 -0.383500
259.609985 410.989990 75.000000 -0.515100
24.240000 60.180004 35.000000 1.374100
87.070000 482.109985 185.000000 -0.083500
126.960007 469.989960 55.000000 0.008600
121.070007 192.259995 234.999985 -0.167400
346.649994 423.839996 135.000000 -0.467100
322.970001 454.979980 95.000000 -0.892700
432.929993 319.820007 55.000000 0.109100
157.669998 258.649994 55.000000 1.239500
442.040009 436.390015 65.000000 -0.689700
298.269989 94.169998 135.000000 -0.018700
278.220001 309.720001 55.000000 0.306600
432.929993 319.820007 35.000000 0.418200
259.609985 410.989990 215.000015 -0.382700
36.660000 376.950012 55.000000 0.621100
125.440002 312.079987 135.000000 0.517400
155.990005 360.869995 35.000000 -0.308700
153.250000 487.290009 75.000000 -0.261400
397.839996 243.309998 145.000000 -0.466700
494.790039 48.910000 115.000000 0.810200
318.250000 429.989990 165.000000 -0.297400
106.320000 324.380005 185.000000 0.828100
177.470001 28.440002 225.000000 0.249000
87.879997 274.649994 165.000000 1.219800
164.960007 162.529999 85.000000 1.651000
469.350006 191.869995 95.000000 0.815800
313.820007 301.010010 85.000000 -0.493200
24.240000 60.180004 135.000000 1.237300
110.449997 318.959991 245.000000 -0.063000
322.970001 454.979980 155.000000 -0.389900
157.669998 258.649994 95.000000 1.209900
322.970001 454.979980 85.000000 -0.541300
485.619965 287.269989 135.000000 -0.340400
106.320000 324.380005 65.000000 0.276000
106.320000 324.380005 45.000000 0.474900
87.879997 274.649994 85.000000 1.407500
485.619965 287.269989 45.000000 0.314000
318.250000 429.989990 195.000000 -0.407900
87.070000 482.109985 135.000000 -0.370800
432.929993 319.820007 145.000000 -0.632000
15.230000 487.869965 145.000000 -0.104100
177.470001 28.440002 65.000000 0.709900
298.269989 94.169998 104.999992 -0.073400
395.619995 29.740000 195.000000 0.331600
10.750000 436.549988 155.000000 0.783100
213.610001 335.230011 165.000000 -0.042700
428.800018 332.540009 215.000015 -0.013400
362.690002 176.309998 65.000000 0.081100
432.929993 319.820007 75.000000 -0.174900
126.960007 469.989960 45.000000 0.408700
155.990005 360.869995 175.000000 0.246900
177.470001 28.440002 195.000000 0.284800
125.440002 312.079987 125.000000 0.484400
127.139999 327.489990 234.999985 0.403600
397.839996 243.309998 234.999985 0.534700
265.890015 249.910004 135.000000 0.459400
428.800018 332.540009 225.000000 -0.077900
313.820007 301.010010 65.000000 0.031300
87.879997 274.649994 185.000000 0.811700
87.879997 274.649994 65.000000 1.342200
351.149994 317.230011 135.000000 -0.912600
121.070007 192.259995 165.000000 1.506900
303.149994 321.829987 104.999992 -0.668700
213.610001 335.230011 225.000000 0.442900
164.960007 162.529999 135.000000 2.176800
90.820000 436.950012 104.999992 -0.303700
87.070000 482.109985 155.000000 -0.122000
298.269989 94.169998 15.000001 0.063600
213.610001 335.230011 104.999992 -0.586000
298.269989 94.169998 215.000015 0.941000
395.619995 29.740000 65.000000 -0.895200
475.950012 28.810001 234.999985 0.244400
298.269989 94.169998 85.000000 0.049100
106.320000 324.380005 104.999992 0.536500
15.230000 487.869965 234.999985 -0.361700
127.139999 327.489990 65.000000 -0.042300
21.549999 94.790001 35.000000 1.522100
321.350006 295.559998 125.000000 -0.689900
326.859985 294.880005 104.999992 -0.462700
106.320000 324.380005 215.000015 0.556200
