pygeostat_saved_data
5
X
Y
Z
value
sesi_data
45.000000 45.000000 245.000000 0.000000 -0.182654
45.000000 45.000000 234.999985 0.000000 -0.131141
45.000000 45.000000 225.000000 0.000000 -0.086151
45.000000 45.000000 205.000000 0.000000 0.009761
45.000000 45.000000 195.000000 0.000000 0.043294
45.000000 45.000000 185.000000 0.000000 0.067968
45.000000 45.000000 175.000000 0.000000 0.083541
45.000000 45.000000 165.000000 0.000000 0.090351
45.000000 45.000000 155.000000 0.000000 0.089232
45.000000 45.000000 145.000000 0.000000 0.081406
45.000000 45.000000 135.000000 0.000000 0.068349
45.000000 45.000000 104.999992 0.000000 0.013172
45.000000 45.000000 95.000000 0.000000 -0.006242
45.000000 45.000000 65.000000 0.000000 -0.059219
45.000000 45.000000 55.000000 0.000000 -0.075880
45.000000 45.000000 45.000000 0.000000 -0.093259
125.000000 45.000000 245.000000 0.186000 0.126931
125.000000 45.000000 234.999985 0.268700 0.218990
125.000000 45.000000 215.000015 0.287200 0.430871
125.000000 45.000000 205.000000 0.411300 0.542054
125.000000 45.000000 195.000000 0.469600 0.651206
125.000000 45.000000 185.000000 0.655400 0.754158
125.000000 45.000000 175.000000 0.735200 0.846825
125.000000 45.000000 155.000000 0.983300 0.986742
125.000000 45.000000 145.000000 1.156400 1.028355
125.000000 45.000000 135.000000 1.142100 1.047811
125.000000 45.000000 125.000000 1.179400 1.047839
125.000000 45.000000 115.000000 1.116300 1.026075
125.000000 45.000000 104.999992 1.040100 0.985212
125.000000 45.000000 95.000000 1.046700 0.927674
125.000000 45.000000 75.000000 0.694400 0.774555
125.000000 45.000000 65.000000 0.590900 0.685325
125.000000 45.000000 55.000000 0.512000 0.591646
125.000000 45.000000 35.000000 0.302100 0.400616
125.000000 45.000000 25.000000 0.301500 0.306795
125.000000 45.000000 15.000001 0.248100 0.215551
205.000000 45.000000 245.000000 0.585300 0.400901
205.000000 45.000000 234.999985 0.632500 0.515773
205.000000 45.000000 225.000000 0.590100 0.636412
205.000000 45.000000 215.000015 0.689100 0.758165
205.000000 45.000000 205.000000 0.776400 0.877297
205.000000 45.000000 185.000000 1.007500 1.095611
205.000000 45.000000 175.000000 1.123000 1.189656
205.000000 45.000000 165.000000 1.215300 1.270634
205.000000 45.000000 145.000000 1.411400 1.385856
205.000000 45.000000 125.000000 1.535200 1.429221
205.000000 45.000000 115.000000 1.479500 1.421803
205.000000 45.000000 104.999992 1.442400 1.394737
205.000000 45.000000 95.000000 1.361600 1.348449
205.000000 45.000000 85.000000 1.208800 1.283856
205.000000 45.000000 75.000000 1.131100 1.195711
205.000000 45.000000 65.000000 1.037200 1.082915
205.000000 45.000000 55.000000 0.872600 0.964386
205.000000 45.000000 45.000000 0.740800 0.842628
205.000000 45.000000 35.000000 0.650700 0.720334
205.000000 45.000000 25.000000 0.659200 0.600261
205.000000 45.000000 15.000001 0.658400 0.481354
285.000000 45.000000 245.000000 0.563400 0.345805
285.000000 45.000000 234.999985 0.675400 0.466354
285.000000 45.000000 205.000000 0.753400 0.872748
285.000000 45.000000 195.000000 0.906800 1.004754
285.000000 45.000000 185.000000 0.959100 1.126406
285.000000 45.000000 175.000000 1.091300 1.233217
285.000000 45.000000 165.000000 1.227800 1.321446
285.000000 45.000000 155.000000 1.372900 1.388278
285.000000 45.000000 145.000000 1.467600 1.431933
285.000000 45.000000 135.000000 1.581200 1.451713
285.000000 45.000000 125.000000 1.559200 1.447948
285.000000 45.000000 115.000000 1.578300 1.421875
285.000000 45.000000 104.999992 1.407300 1.375457
285.000000 45.000000 95.000000 1.310600 1.311162
285.000000 45.000000 85.000000 1.181100 1.231734
285.000000 45.000000 75.000000 1.135300 1.139981
285.000000 45.000000 45.000000 0.750600 0.816572
285.000000 45.000000 35.000000 0.686800 0.699925
285.000000 45.000000 25.000000 0.658600 0.581673
285.000000 45.000000 15.000001 0.611000 0.462919
365.000000 45.000000 245.000000 0.208900 0.200414
365.000000 45.000000 234.999985 0.295700 0.280087
365.000000 45.000000 225.000000 0.236200 0.364265
365.000000 45.000000 215.000015 0.372000 0.451351
365.000000 45.000000 205.000000 0.469100 0.539824
365.000000 45.000000 195.000000 0.526300 0.628082
365.000000 45.000000 185.000000 0.617100 0.714347
365.000000 45.000000 165.000000 0.830300 0.872577
365.000000 45.000000 155.000000 1.025600 0.939821
365.000000 45.000000 145.000000 1.100400 0.995759
365.000000 45.000000 135.000000 1.181300 1.037854
365.000000 45.000000 115.000000 1.170800 1.071563
365.000000 45.000000 104.999992 1.111400 1.059865
365.000000 45.000000 85.000000 0.897900 0.976294
365.000000 45.000000 75.000000 0.697400 0.905709
365.000000 45.000000 65.000000 0.625500 0.818209
365.000000 45.000000 35.000000 0.314600 0.483411
365.000000 45.000000 25.000000 0.261300 0.359349
365.000000 45.000000 15.000001 0.248100 0.235023
444.999969 45.000000 245.000000 0.000000 -0.218020
444.999969 45.000000 234.999985 0.000000 -0.166421
444.999969 45.000000 225.000000 0.000000 -0.118404
444.999969 45.000000 215.000015 0.000000 -0.075417
444.999969 45.000000 205.000000 0.000000 -0.038479
444.999969 45.000000 195.000000 0.000000 -0.008179
444.999969 45.000000 185.000000 0.000000 0.015305
444.999969 45.000000 175.000000 0.000000 0.032189
444.999969 45.000000 165.000000 0.000000 0.043025
444.999969 45.000000 155.000000 0.000000 0.048634
444.999969 45.000000 145.000000 0.000000 0.050006
444.999969 45.000000 135.000000 0.000000 0.048174
444.999969 45.000000 125.000000 0.000000 0.044092
444.999969 45.000000 115.000000 0.000000 0.038497
444.999969 45.000000 104.999992 0.000000 0.031802
444.999969 45.000000 75.000000 0.000000 0.003223
444.999969 45.000000 65.000000 0.000000 -0.011682
444.999969 45.000000 55.000000 0.000000 -0.031193
444.999969 45.000000 45.000000 0.000000 -0.056533
444.999969 45.000000 35.000000 0.000000 -0.088728
444.999969 45.000000 15.000001 0.000000 -0.175837
45.000000 125.000000 245.000000 0.221100 0.172554
45.000000 125.000000 234.999985 0.212400 0.237377
45.000000 125.000000 225.000000 0.238600 0.319621
45.000000 125.000000 215.000015 0.332500 0.414271
45.000000 125.000000 205.000000 0.388400 0.516515
45.000000 125.000000 195.000000 0.499600 0.621403
45.000000 125.000000 185.000000 0.654400 0.723823
45.000000 125.000000 165.000000 0.876400 0.901160
45.000000 125.000000 155.000000 0.949900 0.967145
45.000000 125.000000 145.000000 1.109500 1.013454
45.000000 125.000000 135.000000 1.151300 1.038103
45.000000 125.000000 125.000000 1.179600 1.040411
45.000000 125.000000 115.000000 1.175300 1.020960
45.000000 125.000000 95.000000 1.000100 0.924481
45.000000 125.000000 85.000000 0.846800 0.853218
45.000000 125.000000 65.000000 0.674500 0.681845
45.000000 125.000000 55.000000 0.510900 0.588693
45.000000 125.000000 45.000000 0.366700 0.494831
45.000000 125.000000 35.000000 0.284200 0.403027
45.000000 125.000000 25.000000 0.270900 0.315638
45.000000 125.000000 15.000001 0.273300 0.234585
125.000000 125.000000 245.000000 0.814300 0.606269
125.000000 125.000000 234.999985 0.855300 0.678996
125.000000 125.000000 225.000000 0.878500 0.768925
125.000000 125.000000 215.000015 0.966500 0.872604
125.000000 125.000000 195.000000 1.080900 1.107739
125.000000 125.000000 185.000000 1.197700 1.231031
125.000000 125.000000 175.000000 1.339200 1.351407
125.000000 125.000000 155.000000 1.603200 1.560174
125.000000 125.000000 145.000000 1.641600 1.637253
125.000000 125.000000 125.000000 1.791000 1.715093
125.000000 125.000000 115.000000 1.705700 1.711594
125.000000 125.000000 104.999992 1.703800 1.679874
125.000000 125.000000 95.000000 1.612300 1.622021
125.000000 125.000000 85.000000 1.512200 1.539523
125.000000 125.000000 75.000000 1.406800 1.419088
125.000000 125.000000 65.000000 1.275700 1.292000
125.000000 125.000000 55.000000 1.114000 1.163129
125.000000 125.000000 45.000000 1.027400 1.037234
125.000000 125.000000 35.000000 0.981000 0.918812
125.000000 125.000000 25.000000 0.845900 0.812059
125.000000 125.000000 15.000001 0.879500 0.720919
205.000000 125.000000 245.000000 0.464400 0.436860
205.000000 125.000000 234.999985 0.451700 0.511712
205.000000 125.000000 225.000000 0.557900 0.601091
205.000000 125.000000 215.000015 0.566700 0.699099
205.000000 125.000000 205.000000 0.642400 0.800519
205.000000 125.000000 195.000000 0.765400 0.900618
205.000000 125.000000 185.000000 0.844300 0.995080
205.000000 125.000000 165.000000 1.122400 1.152038
205.000000 125.000000 135.000000 1.452600 1.266728
205.000000 125.000000 125.000000 1.369000 1.267269
205.000000 125.000000 115.000000 1.406400 1.249238
205.000000 125.000000 95.000000 1.290100 1.163778
205.000000 125.000000 85.000000 1.106900 1.100920
205.000000 125.000000 65.000000 0.840300 0.948333
205.000000 125.000000 55.000000 0.745000 0.863902
205.000000 125.000000 45.000000 0.653900 0.777249
205.000000 125.000000 35.000000 0.592200 0.690484
285.000000 125.000000 245.000000 0.462600 0.458043
285.000000 125.000000 225.000000 0.516200 0.587472
285.000000 125.000000 215.000015 0.600800 0.667334
285.000000 125.000000 205.000000 0.647100 0.753445
285.000000 125.000000 185.000000 0.913100 0.931960
285.000000 125.000000 175.000000 0.958500 1.017449
285.000000 125.000000 155.000000 1.237100 1.162252
285.000000 125.000000 145.000000 1.365700 1.214282
285.000000 125.000000 135.000000 1.451600 1.248511
285.000000 125.000000 104.999992 1.333800 1.225843
285.000000 125.000000 85.000000 1.102000 1.105216
285.000000 125.000000 75.000000 0.979300 1.018219
285.000000 125.000000 65.000000 0.882400 0.917530
285.000000 125.000000 55.000000 0.690500 0.806804
285.000000 125.000000 45.000000 0.636500 0.689854
285.000000 125.000000 35.000000 0.543900 0.570421
285.000000 125.000000 25.000000 0.505500 0.451985
285.000000 125.000000 15.000001 0.491300 0.337632
365.000000 125.000000 245.000000 0.875400 0.682961
365.000000 125.000000 234.999985 0.846900 0.808012
365.000000 125.000000 225.000000 0.920500 0.933728
365.000000 125.000000 205.000000 0.971000 1.172516
365.000000 125.000000 195.000000 1.163600 1.279640
365.000000 125.000000 185.000000 1.271600 1.375487
365.000000 125.000000 165.000000 1.526800 1.526979
365.000000 125.000000 155.000000 1.659800 1.580508
365.000000 125.000000 135.000000 1.807100 1.640337
365.000000 125.000000 125.000000 1.776300 1.646153
365.000000 125.000000 115.000000 1.818200 1.635732
365.000000 125.000000 104.999992 1.721600 1.608962
365.000000 125.000000 85.000000 1.474000 1.505937
365.000000 125.000000 75.000000 1.355800 1.429615
365.000000 125.000000 65.000000 1.184700 1.337008
365.000000 125.000000 55.000000 1.134400 1.228721
365.000000 125.000000 45.000000 0.998200 1.105834
365.000000 125.000000 35.000000 0.939400 0.969991
365.000000 125.000000 25.000000 0.826200 0.823434
365.000000 125.000000 15.000001 0.865000 0.668964
444.999969 125.000000 245.000000 0.160800 0.251343
444.999969 125.000000 234.999985 0.228900 0.360783
444.999969 125.000000 225.000000 0.307500 0.472646
444.999969 125.000000 185.000000 0.577600 0.876395
444.999969 125.000000 175.000000 0.774600 0.950252
444.999969 125.000000 165.000000 0.902100 1.007877
444.999969 125.000000 155.000000 1.004300 1.047491
444.999969 125.000000 145.000000 1.120700 1.068038
444.999969 125.000000 135.000000 1.126900 1.069250
444.999969 125.000000 125.000000 1.114200 1.051674
444.999969 125.000000 115.000000 1.134300 1.016632
444.999969 125.000000 104.999992 1.126400 0.966123
444.999969 125.000000 95.000000 0.964200 0.902657
444.999969 125.000000 85.000000 0.935300 0.829051
444.999969 125.000000 75.000000 0.744700 0.748184
444.999969 125.000000 65.000000 0.596800 0.662759
444.999969 125.000000 55.000000 0.474700 0.575079
444.999969 125.000000 45.000000 0.393200 0.486889
444.999969 125.000000 35.000000 0.335900 0.399284
444.999969 125.000000 25.000000 0.244100 0.312707
45.000000 205.000000 245.000000 0.608300 0.542291
45.000000 205.000000 234.999985 0.616600 0.593394
45.000000 205.000000 225.000000 0.634800 0.658631
45.000000 205.000000 215.000015 0.701000 0.736362
45.000000 205.000000 205.000000 0.769300 0.825238
45.000000 205.000000 175.000000 1.151700 1.134206
45.000000 205.000000 135.000000 1.535400 1.466629
45.000000 205.000000 125.000000 1.594600 1.498431
45.000000 205.000000 115.000000 1.529200 1.502178
45.000000 205.000000 104.999992 1.502100 1.477132
45.000000 205.000000 95.000000 1.335200 1.424424
45.000000 205.000000 85.000000 1.287000 1.346767
45.000000 205.000000 75.000000 1.120400 1.240347
45.000000 205.000000 65.000000 0.994800 1.112967
45.000000 205.000000 55.000000 0.849600 0.980841
45.000000 205.000000 35.000000 0.683300 0.719969
45.000000 205.000000 25.000000 0.706300 0.595172
45.000000 205.000000 15.000001 0.622100 0.461282
125.000000 205.000000 245.000000 0.464700 0.451061
125.000000 205.000000 215.000015 0.559800 0.648103
125.000000 205.000000 205.000000 0.629700 0.736094
125.000000 205.000000 195.000000 0.711900 0.830462
125.000000 205.000000 185.000000 0.832300 0.928091
125.000000 205.000000 175.000000 0.948600 1.025253
125.000000 205.000000 165.000000 1.103600 1.117571
125.000000 205.000000 155.000000 1.201100 1.200194
125.000000 205.000000 145.000000 1.351100 1.268168
125.000000 205.000000 135.000000 1.431200 1.316938
125.000000 205.000000 125.000000 1.437400 1.342895
125.000000 205.000000 115.000000 1.388900 1.343845
125.000000 205.000000 104.999992 1.314600 1.319316
125.000000 205.000000 95.000000 1.266800 1.270630
125.000000 205.000000 85.000000 1.101400 1.200717
125.000000 205.000000 75.000000 0.991600 1.113729
125.000000 205.000000 65.000000 0.909100 1.014515
125.000000 205.000000 55.000000 0.765900 0.908076
125.000000 205.000000 45.000000 0.689300 0.799105
125.000000 205.000000 15.000001 0.496200 0.456425
205.000000 205.000000 245.000000 0.000000 -0.109768
205.000000 205.000000 234.999985 0.000000 -0.134056
205.000000 205.000000 225.000000 0.000000 -0.144973
205.000000 205.000000 215.000015 0.000000 -0.144628
205.000000 205.000000 175.000000 0.000000 -0.061430
205.000000 205.000000 165.000000 0.000000 -0.028729
205.000000 205.000000 145.000000 0.000000 0.035809
205.000000 205.000000 135.000000 0.000000 0.063001
205.000000 205.000000 125.000000 0.000000 0.084106
205.000000 205.000000 104.999992 0.000000 0.102907
205.000000 205.000000 95.000000 0.000000 0.099679
205.000000 205.000000 65.000000 0.000000 0.047627
205.000000 205.000000 55.000000 0.000000 0.021199
205.000000 205.000000 35.000000 0.000000 -0.034326
205.000000 205.000000 25.000000 0.000000 -0.059921
205.000000 205.000000 15.000001 0.000000 -0.081903
285.000000 205.000000 234.999985 0.000000 -0.064816
285.000000 205.000000 225.000000 0.000000 -0.052915
285.000000 205.000000 215.000015 0.000000 -0.037498
285.000000 205.000000 205.000000 0.000000 -0.020453
285.000000 205.000000 195.000000 0.000000 -0.003057
285.000000 205.000000 185.000000 0.000000 0.013857
285.000000 205.000000 165.000000 0.000000 0.044316
285.000000 205.000000 155.000000 0.000000 0.057258
285.000000 205.000000 145.000000 0.000000 0.068334
285.000000 205.000000 135.000000 0.000000 0.077238
285.000000 205.000000 125.000000 0.000000 0.083579
285.000000 205.000000 115.000000 0.000000 0.086876
285.000000 205.000000 104.999992 0.000000 0.086573
285.000000 205.000000 95.000000 0.000000 0.082080
285.000000 205.000000 85.000000 0.000000 0.072832
285.000000 205.000000 75.000000 0.000000 0.058357
285.000000 205.000000 65.000000 0.000000 0.038345
285.000000 205.000000 55.000000 0.000000 0.012713
285.000000 205.000000 35.000000 0.000000 -0.054372
285.000000 205.000000 25.000000 0.000000 -0.094556
285.000000 205.000000 15.000001 0.000000 -0.137829
365.000000 205.000000 245.000000 0.504600 0.324264
365.000000 205.000000 234.999985 0.541600 0.416647
365.000000 205.000000 225.000000 0.600400 0.520232
365.000000 205.000000 205.000000 0.752900 0.745015
365.000000 205.000000 195.000000 0.839000 0.857838
365.000000 205.000000 175.000000 1.054000 1.063566
365.000000 205.000000 165.000000 1.163200 1.148933
365.000000 205.000000 155.000000 1.344100 1.218460
365.000000 205.000000 145.000000 1.350500 1.269886
365.000000 205.000000 104.999992 1.394700 1.278017
365.000000 205.000000 95.000000 1.325800 1.233268
365.000000 205.000000 85.000000 1.192200 1.172935
365.000000 205.000000 75.000000 1.035000 1.099178
365.000000 205.000000 65.000000 0.920700 1.014218
365.000000 205.000000 55.000000 0.810700 0.920199
365.000000 205.000000 45.000000 0.758200 0.819084
365.000000 205.000000 35.000000 0.644300 0.712588
365.000000 205.000000 25.000000 0.631600 0.602174
365.000000 205.000000 15.000001 0.561600 0.489071
444.999969 205.000000 234.999985 0.543000 0.444754
444.999969 205.000000 225.000000 0.578300 0.547295
444.999969 205.000000 205.000000 0.723400 0.765181
444.999969 205.000000 185.000000 0.914400 0.983853
444.999969 205.000000 165.000000 1.194600 1.178272
444.999969 205.000000 155.000000 1.307900 1.257525
444.999969 205.000000 145.000000 1.365100 1.320231
444.999969 205.000000 135.000000 1.412400 1.363484
444.999969 205.000000 125.000000 1.478200 1.385065
444.999969 205.000000 115.000000 1.458200 1.383613
444.999969 205.000000 104.999992 1.395600 1.358717
444.999969 205.000000 95.000000 1.303200 1.310930
444.999969 205.000000 75.000000 1.016800 1.153293
444.999969 205.000000 65.000000 0.967700 1.048547
444.999969 205.000000 45.000000 0.676700 0.803455
444.999969 205.000000 35.000000 0.655800 0.670186
444.999969 205.000000 25.000000 0.547300 0.534356
444.999969 205.000000 15.000001 0.540400 0.399050
45.000000 285.000000 245.000000 0.587500 0.415890
45.000000 285.000000 234.999985 0.652200 0.527729
45.000000 285.000000 225.000000 0.656800 0.650250
45.000000 285.000000 215.000015 0.716900 0.777339
45.000000 285.000000 205.000000 0.822600 0.903974
45.000000 285.000000 185.000000 1.040500 1.139635
45.000000 285.000000 175.000000 1.060700 1.241770
45.000000 285.000000 165.000000 1.285100 1.329306
45.000000 285.000000 155.000000 1.366200 1.399345
45.000000 285.000000 145.000000 1.495000 1.449180
45.000000 285.000000 135.000000 1.534800 1.476457
45.000000 285.000000 115.000000 1.533600 1.457116
45.000000 285.000000 104.999992 1.474600 1.409744
45.000000 285.000000 95.000000 1.346800 1.338651
45.000000 285.000000 85.000000 1.208300 1.246364
45.000000 285.000000 75.000000 1.121000 1.136393
45.000000 285.000000 65.000000 1.017700 1.012907
45.000000 285.000000 45.000000 0.751400 0.743047
45.000000 285.000000 15.000001 0.571900 0.328458
125.000000 285.000000 245.000000 0.453600 0.416312
125.000000 285.000000 234.999985 0.487800 0.467978
125.000000 285.000000 215.000015 0.541000 0.622270
125.000000 285.000000 205.000000 0.676400 0.717121
125.000000 285.000000 195.000000 0.818900 0.818388
125.000000 285.000000 185.000000 0.878500 0.921589
125.000000 285.000000 175.000000 1.011700 1.021875
125.000000 285.000000 155.000000 1.290500 1.193518
125.000000 285.000000 145.000000 1.371500 1.255253
125.000000 285.000000 135.000000 1.377800 1.295530
125.000000 285.000000 125.000000 1.444000 1.311569
125.000000 285.000000 115.000000 1.430300 1.301926
125.000000 285.000000 104.999992 1.323600 1.266620
125.000000 285.000000 95.000000 1.179400 1.207132
125.000000 285.000000 85.000000 1.108300 1.126252
125.000000 285.000000 75.000000 0.989500 1.027814
125.000000 285.000000 65.000000 0.855200 0.916338
125.000000 285.000000 55.000000 0.785200 0.796643
125.000000 285.000000 45.000000 0.659600 0.673467
125.000000 285.000000 35.000000 0.585200 0.551149
125.000000 285.000000 25.000000 0.565300 0.433406
125.000000 285.000000 15.000001 0.475900 0.323230
205.000000 285.000000 245.000000 0.000000 0.043522
205.000000 285.000000 234.999985 0.000000 0.033342
205.000000 285.000000 225.000000 0.000000 0.028726
205.000000 285.000000 215.000015 0.000000 0.027183
205.000000 285.000000 205.000000 0.000000 0.027369
205.000000 285.000000 195.000000 0.000000 0.028818
205.000000 285.000000 185.000000 0.000000 0.031641
205.000000 285.000000 175.000000 0.000000 0.036214
205.000000 285.000000 165.000000 0.000000 0.042878
205.000000 285.000000 155.000000 0.000000 0.051700
205.000000 285.000000 145.000000 0.000000 0.062305
205.000000 285.000000 135.000000 0.000000 0.073825
205.000000 285.000000 125.000000 0.000000 0.084944
205.000000 285.000000 115.000000 0.000000 0.094050
205.000000 285.000000 104.999992 0.000000 0.099448
205.000000 285.000000 75.000000 0.000000 0.079915
205.000000 285.000000 65.000000 0.000000 0.059385
205.000000 285.000000 55.000000 0.000000 0.032241
205.000000 285.000000 45.000000 0.000000 -0.000477
205.000000 285.000000 35.000000 0.000000 -0.037355
205.000000 285.000000 15.000001 0.000000 -0.116926
285.000000 285.000000 234.999985 0.000000 -0.038832
285.000000 285.000000 215.000015 0.000000 -0.001829
285.000000 285.000000 195.000000 0.000000 0.052463
285.000000 285.000000 185.000000 0.000000 0.077891
285.000000 285.000000 175.000000 0.000000 0.098601
285.000000 285.000000 165.000000 0.000000 0.112735
285.000000 285.000000 155.000000 0.000000 0.119264
285.000000 285.000000 135.000000 0.000000 0.109749
285.000000 285.000000 115.000000 0.000000 0.077876
285.000000 285.000000 95.000000 0.000000 0.037990
285.000000 285.000000 85.000000 0.000000 0.019076
285.000000 285.000000 75.000000 0.000000 0.001990
285.000000 285.000000 65.000000 0.000000 -0.013262
285.000000 285.000000 55.000000 0.000000 -0.027324
285.000000 285.000000 45.000000 0.000000 -0.041345
285.000000 285.000000 35.000000 0.000000 -0.056763
285.000000 285.000000 25.000000 0.000000 -0.075052
285.000000 285.000000 15.000001 0.000000 -0.097485
365.000000 285.000000 245.000000 0.546800 0.465488
365.000000 285.000000 234.999985 0.541700 0.527648
365.000000 285.000000 225.000000 0.576200 0.603987
365.000000 285.000000 215.000015 0.628200 0.692522
365.000000 285.000000 205.000000 0.765300 0.790577
365.000000 285.000000 195.000000 0.802000 0.894658
365.000000 285.000000 185.000000 0.913400 1.000445
365.000000 285.000000 175.000000 1.039300 1.102945
365.000000 285.000000 165.000000 1.217800 1.196798
365.000000 285.000000 155.000000 1.334300 1.276704
365.000000 285.000000 145.000000 1.384300 1.337915
365.000000 285.000000 135.000000 1.492800 1.376712
365.000000 285.000000 125.000000 1.452400 1.390789
365.000000 285.000000 115.000000 1.469900 1.379475
365.000000 285.000000 104.999992 1.384500 1.343762
365.000000 285.000000 95.000000 1.296700 1.286131
365.000000 285.000000 85.000000 1.189100 1.202144
365.000000 285.000000 75.000000 1.062200 1.102606
365.000000 285.000000 65.000000 0.943700 0.998179
365.000000 285.000000 55.000000 0.829900 0.893165
365.000000 285.000000 45.000000 0.682800 0.791239
365.000000 285.000000 25.000000 0.591600 0.605255
365.000000 285.000000 15.000001 0.572700 0.507976
444.999969 285.000000 245.000000 0.478400 0.430400
444.999969 285.000000 225.000000 0.614000 0.610859
444.999969 285.000000 215.000015 0.644900 0.712484
444.999969 285.000000 185.000000 0.937200 1.031315
444.999969 285.000000 175.000000 1.110200 1.131098
444.999969 285.000000 165.000000 1.157000 1.221381
444.999969 285.000000 155.000000 1.293700 1.298337
444.999969 285.000000 145.000000 1.459100 1.358393
444.999969 285.000000 135.000000 1.496600 1.398487
444.999969 285.000000 115.000000 1.418000 1.410451
444.999969 285.000000 104.999992 1.377400 1.380610
444.999969 285.000000 95.000000 1.369500 1.327519
444.999969 285.000000 85.000000 1.183800 1.252919
444.999969 285.000000 75.000000 1.053800 1.159381
444.999969 285.000000 65.000000 0.873500 1.050092
444.999969 285.000000 55.000000 0.823000 0.928602
444.999969 285.000000 45.000000 0.714500 0.798583
444.999969 285.000000 35.000000 0.630200 0.663616
444.999969 285.000000 25.000000 0.644400 0.527030
444.999969 285.000000 15.000001 0.549700 0.391788
45.000000 365.000000 245.000000 0.202600 0.189483
45.000000 365.000000 234.999985 0.234100 0.246923
45.000000 365.000000 225.000000 0.261000 0.318796
45.000000 365.000000 215.000015 0.307100 0.401217
45.000000 365.000000 205.000000 0.433700 0.490254
45.000000 365.000000 195.000000 0.506000 0.581974
45.000000 365.000000 185.000000 0.657100 0.672545
45.000000 365.000000 165.000000 0.848000 0.836117
45.000000 365.000000 155.000000 0.929200 0.902941
45.000000 365.000000 145.000000 1.082500 0.956365
45.000000 365.000000 135.000000 1.107900 0.994376
45.000000 365.000000 104.999992 1.109900 1.002744
45.000000 365.000000 85.000000 0.918600 0.916130
45.000000 365.000000 75.000000 0.730600 0.847006
45.000000 365.000000 65.000000 0.674900 0.762934
45.000000 365.000000 55.000000 0.454400 0.666312
45.000000 365.000000 35.000000 0.310000 0.446967
45.000000 365.000000 15.000001 0.207100 0.213598
125.000000 365.000000 245.000000 0.798300 0.715376
125.000000 365.000000 234.999985 0.894600 0.784415
125.000000 365.000000 215.000015 0.907500 0.959313
125.000000 365.000000 195.000000 1.129500 1.169193
125.000000 365.000000 185.000000 1.200400 1.279476
125.000000 365.000000 175.000000 1.339200 1.387420
125.000000 365.000000 155.000000 1.620000 1.574789
125.000000 365.000000 145.000000 1.696500 1.643380
125.000000 365.000000 135.000000 1.727400 1.689073
125.000000 365.000000 115.000000 1.777700 1.701166
125.000000 365.000000 104.999992 1.714700 1.666523
125.000000 365.000000 85.000000 1.491800 1.525337
125.000000 365.000000 65.000000 1.206500 1.313274
125.000000 365.000000 55.000000 1.124400 1.191201
125.000000 365.000000 25.000000 0.946000 0.802972
205.000000 365.000000 245.000000 0.535800 0.444101
205.000000 365.000000 234.999985 0.529700 0.507196
205.000000 365.000000 215.000015 0.686800 0.669497
205.000000 365.000000 205.000000 0.709100 0.761753
205.000000 365.000000 185.000000 0.986800 0.950780
205.000000 365.000000 175.000000 1.017500 1.040630
205.000000 365.000000 165.000000 1.167700 1.123020
205.000000 365.000000 155.000000 1.266700 1.194972
205.000000 365.000000 145.000000 1.361000 1.253781
205.000000 365.000000 125.000000 1.482300 1.322699
205.000000 365.000000 115.000000 1.473900 1.329121
205.000000 365.000000 85.000000 1.139300 1.225854
205.000000 365.000000 45.000000 0.718200 0.847279
205.000000 365.000000 35.000000 0.681400 0.730192
205.000000 365.000000 15.000001 0.584700 0.497228
285.000000 365.000000 245.000000 0.545800 0.504358
285.000000 365.000000 215.000015 0.637700 0.713388
285.000000 365.000000 205.000000 0.720200 0.809012
285.000000 365.000000 195.000000 0.826300 0.911647
285.000000 365.000000 185.000000 0.937600 1.016212
285.000000 365.000000 175.000000 1.052700 1.116852
285.000000 365.000000 165.000000 1.183400 1.207366
285.000000 365.000000 155.000000 1.341200 1.281796
285.000000 365.000000 145.000000 1.375800 1.335075
285.000000 365.000000 135.000000 1.415800 1.363638
285.000000 365.000000 125.000000 1.498800 1.365860
285.000000 365.000000 115.000000 1.481000 1.342248
285.000000 365.000000 95.000000 1.292500 1.229234
285.000000 365.000000 85.000000 1.197100 1.149108
285.000000 365.000000 75.000000 1.034300 1.060362
285.000000 365.000000 65.000000 0.870300 0.967985
285.000000 365.000000 55.000000 0.839600 0.875993
285.000000 365.000000 45.000000 0.712800 0.787093
285.000000 365.000000 35.000000 0.644800 0.702603
285.000000 365.000000 25.000000 0.564300 0.608410
285.000000 365.000000 15.000001 0.544200 0.495840
365.000000 365.000000 245.000000 0.818200 0.620932
365.000000 365.000000 225.000000 0.847900 0.795321
365.000000 365.000000 215.000015 0.945600 0.905468
365.000000 365.000000 205.000000 1.035500 1.027469
365.000000 365.000000 195.000000 1.122300 1.157001
365.000000 365.000000 185.000000 1.198700 1.288811
365.000000 365.000000 175.000000 1.376300 1.416910
365.000000 365.000000 165.000000 1.525600 1.534865
365.000000 365.000000 155.000000 1.635200 1.636210
365.000000 365.000000 135.000000 1.741800 1.765930
365.000000 365.000000 125.000000 1.788200 1.785606
365.000000 365.000000 115.000000 1.811300 1.772134
365.000000 365.000000 104.999992 1.698400 1.725732
365.000000 365.000000 95.000000 1.588400 1.648660
365.000000 365.000000 85.000000 1.478900 1.545021
365.000000 365.000000 75.000000 1.351400 1.420359
365.000000 365.000000 35.000000 0.911100 0.841274
365.000000 365.000000 25.000000 0.914800 0.705534
365.000000 365.000000 15.000001 0.806500 0.581255
444.999969 365.000000 245.000000 0.197400 0.247718
444.999969 365.000000 234.999985 0.221000 0.287815
444.999969 365.000000 215.000015 0.286600 0.392898
444.999969 365.000000 205.000000 0.400300 0.457775
444.999969 365.000000 195.000000 0.469000 0.529506
444.999969 365.000000 185.000000 0.556700 0.605977
444.999969 365.000000 175.000000 0.738300 0.684232
444.999969 365.000000 155.000000 0.906900 0.831013
444.999969 365.000000 145.000000 1.042100 0.891169
444.999969 365.000000 125.000000 1.153600 0.965267
444.999969 365.000000 115.000000 1.092100 0.973280
444.999969 365.000000 104.999992 1.025300 0.959735
444.999969 365.000000 95.000000 0.960300 0.924504
444.999969 365.000000 85.000000 0.805400 0.868660
444.999969 365.000000 75.000000 0.731400 0.794321
444.999969 365.000000 65.000000 0.560900 0.704399
444.999969 365.000000 45.000000 0.382800 0.491644
444.999969 365.000000 35.000000 0.250400 0.375965
444.999969 365.000000 25.000000 0.216000 0.258543
444.999969 365.000000 15.000001 0.191600 0.142256
45.000000 444.999969 245.000000 0.000000 -0.137772
45.000000 444.999969 234.999985 0.000000 -0.110896
45.000000 444.999969 205.000000 0.000000 -0.030226
45.000000 444.999969 195.000000 0.000000 -0.008534
45.000000 444.999969 185.000000 0.000000 0.008737
45.000000 444.999969 175.000000 0.000000 0.021114
45.000000 444.999969 165.000000 0.000000 0.028617
45.000000 444.999969 155.000000 0.000000 0.031757
45.000000 444.999969 135.000000 0.000000 0.028933
45.000000 444.999969 115.000000 0.000000 0.022075
45.000000 444.999969 104.999992 0.000000 0.019605
45.000000 444.999969 85.000000 0.000000 0.017666
45.000000 444.999969 75.000000 0.000000 0.016912
45.000000 444.999969 65.000000 0.000000 0.014605
45.000000 444.999969 55.000000 0.000000 0.009066
45.000000 444.999969 45.000000 0.000000 -0.001453
45.000000 444.999969 35.000000 0.000000 -0.018550
45.000000 444.999969 25.000000 0.000000 -0.043464
45.000000 444.999969 15.000001 0.000000 -0.076911
125.000000 444.999969 245.000000 0.176200 0.209216
125.000000 444.999969 234.999985 0.228900 0.279571
125.000000 444.999969 225.000000 0.292000 0.360263
125.000000 444.999969 205.000000 0.403500 0.544665
125.000000 444.999969 195.000000 0.487200 0.643234
125.000000 444.999969 185.000000 0.609900 0.741668
125.000000 444.999969 175.000000 0.738900 0.835948
125.000000 444.999969 165.000000 0.903700 0.921595
125.000000 444.999969 145.000000 1.083900 1.048512
125.000000 444.999969 135.000000 1.153900 1.081483
125.000000 444.999969 125.000000 1.208700 1.090165
125.000000 444.999969 115.000000 1.150100 1.073397
125.000000 444.999969 104.999992 1.086800 1.031783
125.000000 444.999969 95.000000 0.982700 0.967718
125.000000 444.999969 45.000000 0.430300 0.477107
125.000000 444.999969 35.000000 0.356200 0.381127
125.000000 444.999969 25.000000 0.277000 0.294516
125.000000 444.999969 15.000001 0.264300 0.218414
205.000000 444.999969 245.000000 0.550300 0.346079
205.000000 444.999969 225.000000 0.593600 0.491853
205.000000 444.999969 215.000015 0.639400 0.583989
205.000000 444.999969 195.000000 0.797500 0.800377
205.000000 444.999969 185.000000 0.923900 0.919010
205.000000 444.999969 165.000000 1.193500 1.155286
205.000000 444.999969 155.000000 1.338600 1.261880
205.000000 444.999969 145.000000 1.439200 1.352976
205.000000 444.999969 135.000000 1.504800 1.423081
205.000000 444.999969 125.000000 1.482600 1.467528
205.000000 444.999969 115.000000 1.460600 1.482876
205.000000 444.999969 104.999992 1.374800 1.467188
205.000000 444.999969 95.000000 1.320000 1.420194
205.000000 444.999969 85.000000 1.221800 1.343325
205.000000 444.999969 55.000000 0.810300 0.970381
205.000000 444.999969 35.000000 0.650200 0.658447
205.000000 444.999969 25.000000 0.578900 0.502331
285.000000 444.999969 245.000000 0.538300 0.439738
285.000000 444.999969 234.999985 0.552300 0.517728
285.000000 444.999969 225.000000 0.601600 0.606667
285.000000 444.999969 205.000000 0.718200 0.811286
285.000000 444.999969 195.000000 0.814400 0.922123
285.000000 444.999969 185.000000 0.892000 1.034111
285.000000 444.999969 175.000000 1.065500 1.142922
285.000000 444.999969 165.000000 1.174800 1.243681
285.000000 444.999969 155.000000 1.263000 1.331255
285.000000 444.999969 145.000000 1.397300 1.400644
285.000000 444.999969 135.000000 1.523900 1.447425
285.000000 444.999969 125.000000 1.493200 1.468193
285.000000 444.999969 104.999992 1.420500 1.425287
285.000000 444.999969 75.000000 1.103700 1.168793
285.000000 444.999969 65.000000 0.946100 1.046900
285.000000 444.999969 55.000000 0.783100 0.915326
285.000000 444.999969 35.000000 0.619300 0.643211
285.000000 444.999969 25.000000 0.600800 0.510998
285.000000 444.999969 15.000001 0.571700 0.385336
365.000000 444.999969 245.000000 0.127900 0.191832
365.000000 444.999969 234.999985 0.185000 0.253042
365.000000 444.999969 225.000000 0.190400 0.305357
365.000000 444.999969 215.000015 0.278200 0.366654
365.000000 444.999969 205.000000 0.350500 0.436542
365.000000 444.999969 195.000000 0.428500 0.513722
365.000000 444.999969 185.000000 0.613900 0.595932
365.000000 444.999969 175.000000 0.714900 0.679983
365.000000 444.999969 165.000000 0.877400 0.761911
365.000000 444.999969 155.000000 0.967300 0.837244
365.000000 444.999969 145.000000 1.047800 0.901355
365.000000 444.999969 135.000000 1.082700 0.949871
365.000000 444.999969 125.000000 1.158500 0.979085
365.000000 444.999969 115.000000 1.126900 0.986318
365.000000 444.999969 95.000000 0.960600 0.930690
365.000000 444.999969 85.000000 0.878600 0.869250
365.000000 444.999969 75.000000 0.661500 0.788474
365.000000 444.999969 65.000000 0.599700 0.691902
365.000000 444.999969 45.000000 0.336700 0.468016
365.000000 444.999969 35.000000 0.252100 0.349166
365.000000 444.999969 15.000001 0.208700 0.116052
444.999969 444.999969 245.000000 0.000000 -0.154653
444.999969 444.999969 234.999985 0.000000 -0.121949
444.999969 444.999969 225.000000 0.000000 -0.097340
444.999969 444.999969 215.000015 0.000000 -0.074532
444.999969 444.999969 195.000000 0.000000 -0.031300
444.999969 444.999969 185.000000 0.000000 -0.009573
444.999969 444.999969 175.000000 0.000000 0.012773
444.999969 444.999969 165.000000 0.000000 0.035775
444.999969 444.999969 155.000000 0.000000 0.059098
444.999969 444.999969 145.000000 0.000000 0.082008
444.999969 444.999969 125.000000 0.000000 0.121807
444.999969 444.999969 104.999992 0.000000 0.143127
444.999969 444.999969 95.000000 0.000000 0.142720
444.999969 444.999969 85.000000 0.000000 0.133060
444.999969 444.999969 75.000000 0.000000 0.113216
444.999969 444.999969 55.000000 0.000000 0.041831
444.999969 444.999969 45.000000 0.000000 -0.008900
444.999969 444.999969 35.000000 0.000000 -0.068271
444.999969 444.999969 25.000000 0.000000 -0.134751
444.999969 444.999969 15.000001 0.000000 -0.206566
