pygeostat_saved_data
4
X
Y
Z
value
45.000000 45.000000 245.000000 0.000000
45.000000 45.000000 234.999985 0.000000
45.000000 45.000000 225.000000 0.000000
45.000000 45.000000 205.000000 0.000000
45.000000 45.000000 195.000000 0.000000
45.000000 45.000000 185.000000 0.000000
45.000000 45.000000 175.000000 0.000000
45.000000 45.000000 165.000000 0.000000
45.000000 45.000000 155.000000 0.000000
45.000000 45.000000 145.000000 0.000000
45.000000 45.000000 135.000000 0.000000
45.000000 45.000000 104.999992 0.000000
45.000000 45.000000 95.000000 0.000000
45.000000 45.000000 65.000000 0.000000
45.000000 45.000000 55.000000 0.000000
45.000000 45.000000 45.000000 0.000000
125.000000 45.000000 245.000000 0.186000
125.000000 45.000000 234.999985 0.268700
125.000000 45.000000 215.000015 0.287200
125.000000 45.000000 205.000000 0.411300
125.000000 45.000000 195.000000 0.469600
125.000000 45.000000 185.000000 0.655400
125.000000 45.000000 175.000000 0.735200
125.000000 45.000000 155.000000 0.983300
125.000000 45.000000 145.000000 1.156400
125.000000 45.000000 135.000000 1.142100
125.000000 45.000000 125.000000 1.179400
125.000000 45.000000 115.000000 1.116300
125.000000 45.000000 104.999992 1.040100
125.000000 45.000000 95.000000 1.046700
125.000000 45.000000 75.000000 0.694400
125.000000 45.000000 65.000000 0.590900
125.000000 45.000000 55.000000 0.512000
125.000000 45.000000 35.000000 0.302100
125.000000 45.000000 25.000000 0.301500
125.000000 45.000000 15.000001 0.248100
205.000000 45.000000 245.000000 0.585300
205.000000 45.000000 234.999985 0.632500
205.000000 45.000000 225.000000 0.590100
205.000000 45.000000 215.000015 0.689100
205.000000 45.000000 205.000000 0.776400
205.000000 45.000000 185.000000 1.007500
205.000000 45.000000 175.000000 1.123000
205.000000 45.000000 165.000000 1.215300
205.000000 45.000000 145.000000 1.411400
205.000000 45.000000 125.000000 1.535200
205.000000 45.000000 115.000000 1.479500
205.000000 45.000000 104.999992 1.442400
205.000000 45.000000 95.000000 1.361600
205.000000 45.000000 85.000000 1.208800
205.000000 45.000000 75.000000 1.131100
205.000000 45.000000 65.000000 1.037200
205.000000 45.000000 55.000000 0.872600
205.000000 45.000000 45.000000 0.740800
205.000000 45.000000 35.000000 0.650700
205.000000 45.000000 25.000000 0.659200
205.000000 45.000000 15.000001 0.658400
285.000000 45.000000 245.000000 0.563400
285.000000 45.000000 234.999985 0.675400
285.000000 45.000000 205.000000 0.753400
285.000000 45.000000 195.000000 0.906800
285.000000 45.000000 185.000000 0.959100
285.000000 45.000000 175.000000 1.091300
285.000000 45.000000 165.000000 1.227800
285.000000 45.000000 155.000000 1.372900
285.000000 45.000000 145.000000 1.467600
285.000000 45.000000 135.000000 1.581200
285.000000 45.000000 125.000000 1.559200
285.000000 45.000000 115.000000 1.578300
285.000000 45.000000 104.999992 1.407300
285.000000 45.000000 95.000000 1.310600
285.000000 45.000000 85.000000 1.181100
285.000000 45.000000 75.000000 1.135300
285.000000 45.000000 45.000000 0.750600
285.000000 45.000000 35.000000 0.686800
285.000000 45.000000 25.000000 0.658600
285.000000 45.000000 15.000001 0.611000
365.000000 45.000000 245.000000 0.208900
365.000000 45.000000 234.999985 0.295700
365.000000 45.000000 225.000000 0.236200
365.000000 45.000000 215.000015 0.372000
365.000000 45.000000 205.000000 0.469100
365.000000 45.000000 195.000000 0.526300
365.000000 45.000000 185.000000 0.617100
365.000000 45.000000 165.000000 0.830300
365.000000 45.000000 155.000000 1.025600
365.000000 45.000000 145.000000 1.100400
365.000000 45.000000 135.000000 1.181300
365.000000 45.000000 115.000000 1.170800
365.000000 45.000000 104.999992 1.111400
365.000000 45.000000 85.000000 0.897900
365.000000 45.000000 75.000000 0.697400
365.000000 45.000000 65.000000 0.625500
365.000000 45.000000 35.000000 0.314600
365.000000 45.000000 25.000000 0.261300
365.000000 45.000000 15.000001 0.248100
444.999969 45.000000 245.000000 0.000000
444.999969 45.000000 234.999985 0.000000
444.999969 45.000000 225.000000 0.000000
444.999969 45.000000 215.000015 0.000000
444.999969 45.000000 205.000000 0.000000
444.999969 45.000000 195.000000 0.000000
444.999969 45.000000 185.000000 0.000000
444.999969 45.000000 175.000000 0.000000
444.999969 45.000000 165.000000 0.000000
444.999969 45.000000 155.000000 0.000000
444.999969 45.000000 145.000000 0.000000
444.999969 45.000000 135.000000 0.000000
444.999969 45.000000 125.000000 0.000000
444.999969 45.000000 115.000000 0.000000
444.999969 45.000000 104.999992 0.000000
444.999969 45.000000 75.000000 0.000000
444.999969 45.000000 65.000000 0.000000
444.999969 45.000000 55.000000 0.000000
444.999969 45.000000 45.000000 0.000000
444.999969 45.000000 35.000000 0.000000
444.999969 45.000000 15.000001 0.000000
45.000000 125.000000 245.000000 0.221100
45.000000 125.000000 234.999985 0.212400
45.000000 125.000000 225.000000 0.238600
45.000000 125.000000 215.000015 0.332500
45.000000 125.000000 205.000000 0.388400
45.000000 125.000000 195.000000 0.499600
45.000000 125.000000 185.000000 0.654400
45.000000 125.000000 165.000000 0.876400
45.000000 125.000000 155.000000 0.949900
45.000000 125.000000 145.000000 1.109500
45.000000 125.000000 135.000000 1.151300
45.000000 125.000000 125.000000 1.179600
45.000000 125.000000 115.000000 1.175300
45.000000 125.000000 95.000000 1.000100
45.000000 125.000000 85.000000 0.846800
45.000000 125.000000 65.000000 0.674500
45.000000 125.000000 55.000000 0.510900
45.000000 125.000000 45.000000 0.366700
45.000000 125.000000 35.000000 0.284200
45.000000 125.000000 25.000000 0.270900
45.000000 125.000000 15.000001 0.273300
125.000000 125.000000 245.000000 0.814300
125.000000 125.000000 234.999985 0.855300
125.000000 125.000000 225.000000 0.878500
125.000000 125.000000 215.000015 0.966500
125.000000 125.000000 195.000000 1.080900
125.000000 125.000000 185.000000 1.197700
125.000000 125.000000 175.000000 1.339200
125.000000 125.000000 155.000000 1.603200
125.000000 125.000000 145.000000 1.641600
125.000000 125.000000 125.000000 1.791000
125.000000 125.000000 115.000000 1.705700
125.000000 125.000000 104.999992 1.703800
125.000000 125.000000 95.000000 1.612300
125.000000 125.000000 85.000000 1.512200
125.000000 125.000000 75.000000 1.406800
125.000000 125.000000 65.000000 1.275700
125.000000 125.000000 55.000000 1.114000
125.000000 125.000000 45.000000 1.027400
125.000000 125.000000 35.000000 0.981000
125.000000 125.000000 25.000000 0.845900
125.000000 125.000000 15.000001 0.879500
205.000000 125.000000 245.000000 0.464400
205.000000 125.000000 234.999985 0.451700
205.000000 125.000000 225.000000 0.557900
205.000000 125.000000 215.000015 0.566700
205.000000 125.000000 205.000000 0.642400
205.000000 125.000000 195.000000 0.765400
205.000000 125.000000 185.000000 0.844300
205.000000 125.000000 165.000000 1.122400
205.000000 125.000000 135.000000 1.452600
205.000000 125.000000 125.000000 1.369000
205.000000 125.000000 115.000000 1.406400
205.000000 125.000000 95.000000 1.290100
205.000000 125.000000 85.000000 1.106900
205.000000 125.000000 65.000000 0.840300
205.000000 125.000000 55.000000 0.745000
205.000000 125.000000 45.000000 0.653900
205.000000 125.000000 35.000000 0.592200
285.000000 125.000000 245.000000 0.462600
285.000000 125.000000 225.000000 0.516200
285.000000 125.000000 215.000015 0.600800
285.000000 125.000000 205.000000 0.647100
285.000000 125.000000 185.000000 0.913100
285.000000 125.000000 175.000000 0.958500
285.000000 125.000000 155.000000 1.237100
285.000000 125.000000 145.000000 1.365700
285.000000 125.000000 135.000000 1.451600
285.000000 125.000000 104.999992 1.333800
285.000000 125.000000 85.000000 1.102000
285.000000 125.000000 75.000000 0.979300
285.000000 125.000000 65.000000 0.882400
285.000000 125.000000 55.000000 0.690500
285.000000 125.000000 45.000000 0.636500
285.000000 125.000000 35.000000 0.543900
285.000000 125.000000 25.000000 0.505500
285.000000 125.000000 15.000001 0.491300
365.000000 125.000000 245.000000 0.875400
365.000000 125.000000 234.999985 0.846900
365.000000 125.000000 225.000000 0.920500
365.000000 125.000000 205.000000 0.971000
365.000000 125.000000 195.000000 1.163600
365.000000 125.000000 185.000000 1.271600
365.000000 125.000000 165.000000 1.526800
365.000000 125.000000 155.000000 1.659800
365.000000 125.000000 135.000000 1.807100
365.000000 125.000000 125.000000 1.776300
365.000000 125.000000 115.000000 1.818200
365.000000 125.000000 104.999992 1.721600
365.000000 125.000000 85.000000 1.474000
365.000000 125.000000 75.000000 1.355800
365.000000 125.000000 65.000000 1.184700
365.000000 125.000000 55.000000 1.134400
365.000000 125.000000 45.000000 0.998200
365.000000 125.000000 35.000000 0.939400
365.000000 125.000000 25.000000 0.826200
365.000000 125.000000 15.000001 0.865000
444.999969 125.000000 245.000000 0.160800
444.999969 125.000000 234.999985 0.228900
444.999969 125.000000 225.000000 0.307500
444.999969 125.000000 185.000000 0.577600
444.999969 125.000000 175.000000 0.774600
444.999969 125.000000 165.000000 0.902100
444.999969 125.000000 155.000000 1.004300
444.999969 125.000000 145.000000 1.120700
444.999969 125.000000 135.000000 1.126900
444.999969 125.000000 125.000000 1.114200
444.999969 125.000000 115.000000 1.134300
444.999969 125.000000 104.999992 1.126400
444.999969 125.000000 95.000000 0.964200
444.999969 125.000000 85.000000 0.935300
444.999969 125.000000 75.000000 0.744700
444.999969 125.000000 65.000000 0.596800
444.999969 125.000000 55.000000 0.474700
444.999969 125.000000 45.000000 0.393200
444.999969 125.000000 35.000000 0.335900
444.999969 125.000000 25.000000 0.244100
45.000000 205.000000 245.000000 0.608300
45.000000 205.000000 234.999985 0.616600
45.000000 205.000000 225.000000 0.634800
45.000000 205.000000 215.000015 0.701000
45.000000 205.000000 205.000000 0.769300
45.000000 205.000000 175.000000 1.151700
45.000000 205.000000 135.000000 1.535400
45.000000 205.000000 125.000000 1.594600
45.000000 205.000000 115.000000 1.529200
45.000000 205.000000 104.999992 1.502100
45.000000 205.000000 95.000000 1.335200
45.000000 205.000000 85.000000 1.287000
45.000000 205.000000 75.000000 1.120400
45.000000 205.000000 65.000000 0.994800
45.000000 205.000000 55.000000 0.849600
45.000000 205.000000 35.000000 0.683300
45.000000 205.000000 25.000000 0.706300
45.000000 205.000000 15.000001 0.622100
125.000000 205.000000 245.000000 0.464700
125.000000 205.000000 215.000015 0.559800
125.000000 205.000000 205.000000 0.629700
125.000000 205.000000 195.000000 0.711900
125.000000 205.000000 185.000000 0.832300
125.000000 205.000000 175.000000 0.948600
125.000000 205.000000 165.000000 1.103600
125.000000 205.000000 155.000000 1.201100
125.000000 205.000000 145.000000 1.351100
125.000000 205.000000 135.000000 1.431200
125.000000 205.000000 125.000000 1.437400
125.000000 205.000000 115.000000 1.388900
125.000000 205.000000 104.999992 1.314600
125.000000 205.000000 95.000000 1.266800
125.000000 205.000000 85.000000 1.101400
125.000000 205.000000 75.000000 0.991600
125.000000 205.000000 65.000000 0.909100
125.000000 205.000000 55.000000 0.765900
125.000000 205.000000 45.000000 0.689300
125.000000 205.000000 15.000001 0.496200
205.000000 205.000000 245.000000 0.000000
205.000000 205.000000 234.999985 0.000000
205.000000 205.000000 225.000000 0.000000
205.000000 205.000000 215.000015 0.000000
205.000000 205.000000 175.000000 0.000000
205.000000 205.000000 165.000000 0.000000
205.000000 205.000000 145.000000 0.000000
205.000000 205.000000 135.000000 0.000000
205.000000 205.000000 125.000000 0.000000
205.000000 205.000000 104.999992 0.000000
205.000000 205.000000 95.000000 0.000000
205.000000 205.000000 65.000000 0.000000
205.000000 205.000000 55.000000 0.000000
205.000000 205.000000 35.000000 0.000000
205.000000 205.000000 25.000000 0.000000
205.000000 205.000000 15.000001 0.000000
285.000000 205.000000 234.999985 0.000000
285.000000 205.000000 225.000000 0.000000
285.000000 205.000000 215.000015 0.000000
285.000000 205.000000 205.000000 0.000000
285.000000 205.000000 195.000000 0.000000
285.000000 205.000000 185.000000 0.000000
285.000000 205.000000 165.000000 0.000000
285.000000 205.000000 155.000000 0.000000
285.000000 205.000000 145.000000 0.000000
285.000000 205.000000 135.000000 0.000000
285.000000 205.000000 125.000000 0.000000
285.000000 205.000000 115.000000 0.000000
285.000000 205.000000 104.999992 0.000000
285.000000 205.000000 95.000000 0.000000
285.000000 205.000000 85.000000 0.000000
285.000000 205.000000 75.000000 0.000000
285.000000 205.000000 65.000000 0.000000
285.000000 205.000000 55.000000 0.000000
285.000000 205.000000 35.000000 0.000000
285.000000 205.000000 25.000000 0.000000
285.000000 205.000000 15.000001 0.000000
365.000000 205.000000 245.000000 0.504600
365.000000 205.000000 234.999985 0.541600
365.000000 205.000000 225.000000 0.600400
365.000000 205.000000 205.000000 0.752900
365.000000 205.000000 195.000000 0.839000
365.000000 205.000000 175.000000 1.054000
365.000000 205.000000 165.000000 1.163200
365.000000 205.000000 155.000000 1.344100
365.000000 205.000000 145.000000 1.350500
365.000000 205.000000 104.999992 1.394700
365.000000 205.000000 95.000000 1.325800
365.000000 205.000000 85.000000 1.192200
365.000000 205.000000 75.000000 1.035000
365.000000 205.000000 65.000000 0.920700
365.000000 205.000000 55.000000 0.810700
365.000000 205.000000 45.000000 0.758200
365.000000 205.000000 35.000000 0.644300
365.000000 205.000000 25.000000 0.631600
365.000000 205.000000 15.000001 0.561600
444.999969 205.000000 234.999985 0.543000
444.999969 205.000000 225.000000 0.578300
444.999969 205.000000 205.000000 0.723400
444.999969 205.000000 185.000000 0.914400
444.999969 205.000000 165.000000 1.194600
444.999969 205.000000 155.000000 1.307900
444.999969 205.000000 145.000000 1.365100
444.999969 205.000000 135.000000 1.412400
444.999969 205.000000 125.000000 1.478200
444.999969 205.000000 115.000000 1.458200
444.999969 205.000000 104.999992 1.395600
444.999969 205.000000 95.000000 1.303200
444.999969 205.000000 75.000000 1.016800
444.999969 205.000000 65.000000 0.967700
444.999969 205.000000 45.000000 0.676700
444.999969 205.000000 35.000000 0.655800
444.999969 205.000000 25.000000 0.547300
444.999969 205.000000 15.000001 0.540400
45.000000 285.000000 245.000000 0.587500
45.000000 285.000000 234.999985 0.652200
45.000000 285.000000 225.000000 0.656800
45.000000 285.000000 215.000015 0.716900
45.000000 285.000000 205.000000 0.822600
45.000000 285.000000 185.000000 1.040500
45.000000 285.000000 175.000000 1.060700
45.000000 285.000000 165.000000 1.285100
45.000000 285.000000 155.000000 1.366200
45.000000 285.000000 145.000000 1.495000
45.000000 285.000000 135.000000 1.534800
45.000000 285.000000 115.000000 1.533600
45.000000 285.000000 104.999992 1.474600
45.000000 285.000000 95.000000 1.346800
45.000000 285.000000 85.000000 1.208300
45.000000 285.000000 75.000000 1.121000
45.000000 285.000000 65.000000 1.017700
45.000000 285.000000 45.000000 0.751400
45.000000 285.000000 15.000001 0.571900
125.000000 285.000000 245.000000 0.453600
125.000000 285.000000 234.999985 0.487800
125.000000 285.000000 215.000015 0.541000
125.000000 285.000000 205.000000 0.676400
125.000000 285.000000 195.000000 0.818900
125.000000 285.000000 185.000000 0.878500
125.000000 285.000000 175.000000 1.011700
125.000000 285.000000 155.000000 1.290500
125.000000 285.000000 145.000000 1.371500
125.000000 285.000000 135.000000 1.377800
125.000000 285.000000 125.000000 1.444000
125.000000 285.000000 115.000000 1.430300
125.000000 285.000000 104.999992 1.323600
125.000000 285.000000 95.000000 1.179400
125.000000 285.000000 85.000000 1.108300
125.000000 285.000000 75.000000 0.989500
125.000000 285.000000 65.000000 0.855200
125.000000 285.000000 55.000000 0.785200
125.000000 285.000000 45.000000 0.659600
125.000000 285.000000 35.000000 0.585200
125.000000 285.000000 25.000000 0.565300
125.000000 285.000000 15.000001 0.475900
205.000000 285.000000 245.000000 0.000000
205.000000 285.000000 234.999985 0.000000
205.000000 285.000000 225.000000 0.000000
205.000000 285.000000 215.000015 0.000000
205.000000 285.000000 205.000000 0.000000
205.000000 285.000000 195.000000 0.000000
205.000000 285.000000 185.000000 0.000000
205.000000 285.000000 175.000000 0.000000
205.000000 285.000000 165.000000 0.000000
205.000000 285.000000 155.000000 0.000000
205.000000 285.000000 145.000000 0.000000
205.000000 285.000000 135.000000 0.000000
205.000000 285.000000 125.000000 0.000000
205.000000 285.000000 115.000000 0.000000
205.000000 285.000000 104.999992 0.000000
205.000000 285.000000 75.000000 0.000000
205.000000 285.000000 65.000000 0.000000
205.000000 285.000000 55.000000 0.000000
205.000000 285.000000 45.000000 0.000000
205.000000 285.000000 35.000000 0.000000
205.000000 285.000000 15.000001 0.000000
285.000000 285.000000 234.999985 0.000000
285.000000 285.000000 215.000015 0.000000
285.000000 285.000000 195.000000 0.000000
285.000000 285.000000 185.000000 0.000000
285.000000 285.000000 175.000000 0.000000
285.000000 285.000000 165.000000 0.000000
285.000000 285.000000 155.000000 0.000000
285.000000 285.000000 135.000000 0.000000
285.000000 285.000000 115.000000 0.000000
285.000000 285.000000 95.000000 0.000000
285.000000 285.000000 85.000000 0.000000
285.000000 285.000000 75.000000 0.000000
285.000000 285.000000 65.000000 0.000000
285.000000 285.000000 55.000000 0.000000
285.000000 285.000000 45.000000 0.000000
285.000000 285.000000 35.000000 0.000000
285.000000 285.000000 25.000000 0.000000
285.000000 285.000000 15.000001 0.000000
365.000000 285.000000 245.000000 0.546800
365.000000 285.000000 234.999985 0.541700
365.000000 285.000000 225.000000 0.576200
365.000000 285.000000 215.000015 0.628200
365.000000 285.000000 205.000000 0.765300
365.000000 285.000000 195.000000 0.802000
365.000000 285.000000 185.000000 0.913400
365.000000 285.000000 175.000000 1.039300
365.000000 285.000000 165.000000 1.217800
365.000000 285.000000 155.000000 1.334300
365.000000 285.000000 145.000000 1.384300
365.000000 285.000000 135.000000 1.492800
365.000000 285.000000 125.000000 1.452400
365.000000 285.000000 115.000000 1.469900
365.000000 285.000000 104.999992 1.384500
365.000000 285.000000 95.000000 1.296700
365.000000 285.000000 85.000000 1.189100
365.000000 285.000000 75.000000 1.062200
365.000000 285.000000 65.000000 0.943700
365.000000 285.000000 55.000000 0.829900
365.000000 285.000000 45.000000 0.682800
365.000000 285.000000 25.000000 0.591600
365.000000 285.000000 15.000001 0.572700
444.999969 285.000000 245.000000 0.478400
444.999969 285.000000 225.000000 0.614000
444.999969 285.000000 215.000015 0.644900
444.999969 285.000000 185.000000 0.937200
444.999969 285.000000 175.000000 1.110200
444.999969 285.000000 165.000000 1.157000
444.999969 285.000000 155.000000 1.293700
444.999969 285.000000 145.000000 1.459100
444.999969 285.000000 135.000000 1.496600
444.999969 285.000000 115.000000 1.418000
444.999969 285.000000 104.999992 1.377400
444.999969 285.000000 95.000000 1.369500
444.999969 285.000000 85.000000 1.183800
444.999969 285.000000 75.000000 1.053800
444.999969 285.000000 65.000000 0.873500
444.999969 285.000000 55.000000 0.823000
444.999969 285.000000 45.000000 0.714500
444.999969 285.000000 35.000000 0.630200
444.999969 285.000000 25.000000 0.644400
444.999969 285.000000 15.000001 0.549700
45.000000 365.000000 245.000000 0.202600
45.000000 365.000000 234.999985 0.234100
45.000000 365.000000 225.000000 0.261000
45.000000 365.000000 215.000015 0.307100
45.000000 365.000000 205.000000 0.433700
45.000000 365.000000 195.000000 0.506000
45.000000 365.000000 185.000000 0.657100
45.000000 365.000000 165.000000 0.848000
45.000000 365.000000 155.000000 0.929200
45.000000 365.000000 145.000000 1.082500
45.000000 365.000000 135.000000 1.107900
45.000000 365.000000 104.999992 1.109900
45.000000 365.000000 85.000000 0.918600
45.000000 365.000000 75.000000 0.730600
45.000000 365.000000 65.000000 0.674900
45.000000 365.000000 55.000000 0.454400
45.000000 365.000000 35.000000 0.310000
45.000000 365.000000 15.000001 0.207100
125.000000 365.000000 245.000000 0.798300
125.000000 365.000000 234.999985 0.894600
125.000000 365.000000 215.000015 0.907500
125.000000 365.000000 195.000000 1.129500
125.000000 365.000000 185.000000 1.200400
125.000000 365.000000 175.000000 1.339200
125.000000 365.000000 155.000000 1.620000
125.000000 365.000000 145.000000 1.696500
125.000000 365.000000 135.000000 1.727400
125.000000 365.000000 115.000000 1.777700
125.000000 365.000000 104.999992 1.714700
125.000000 365.000000 85.000000 1.491800
125.000000 365.000000 65.000000 1.206500
125.000000 365.000000 55.000000 1.124400
125.000000 365.000000 25.000000 0.946000
205.000000 365.000000 245.000000 0.535800
205.000000 365.000000 234.999985 0.529700
205.000000 365.000000 215.000015 0.686800
205.000000 365.000000 205.000000 0.709100
205.000000 365.000000 185.000000 0.986800
205.000000 365.000000 175.000000 1.017500
205.000000 365.000000 165.000000 1.167700
205.000000 365.000000 155.000000 1.266700
205.000000 365.000000 145.000000 1.361000
205.000000 365.000000 125.000000 1.482300
205.000000 365.000000 115.000000 1.473900
205.000000 365.000000 85.000000 1.139300
205.000000 365.000000 45.000000 0.718200
205.000000 365.000000 35.000000 0.681400
205.000000 365.000000 15.000001 0.584700
285.000000 365.000000 245.000000 0.545800
285.000000 365.000000 215.000015 0.637700
285.000000 365.000000 205.000000 0.720200
285.000000 365.000000 195.000000 0.826300
285.000000 365.000000 185.000000 0.937600
285.000000 365.000000 175.000000 1.052700
285.000000 365.000000 165.000000 1.183400
285.000000 365.000000 155.000000 1.341200
285.000000 365.000000 145.000000 1.375800
285.000000 365.000000 135.000000 1.415800
285.000000 365.000000 125.000000 1.498800
285.000000 365.000000 115.000000 1.481000
285.000000 365.000000 95.000000 1.292500
285.000000 365.000000 85.000000 1.197100
285.000000 365.000000 75.000000 1.034300
285.000000 365.000000 65.000000 0.870300
285.000000 365.000000 55.000000 0.839600
285.000000 365.000000 45.000000 0.712800
285.000000 365.000000 35.000000 0.644800
285.000000 365.000000 25.000000 0.564300
285.000000 365.000000 15.000001 0.544200
365.000000 365.000000 245.000000 0.818200
365.000000 365.000000 225.000000 0.847900
365.000000 365.000000 215.000015 0.945600
365.000000 365.000000 205.000000 1.035500
365.000000 365.000000 195.000000 1.122300
365.000000 365.000000 185.000000 1.198700
365.000000 365.000000 175.000000 1.376300
365.000000 365.000000 165.000000 1.525600
365.000000 365.000000 155.000000 1.635200
365.000000 365.000000 135.000000 1.741800
365.000000 365.000000 125.000000 1.788200
365.000000 365.000000 115.000000 1.811300
365.000000 365.000000 104.999992 1.698400
365.000000 365.000000 95.000000 1.588400
365.000000 365.000000 85.000000 1.478900
365.000000 365.000000 75.000000 1.351400
365.000000 365.000000 35.000000 0.911100
365.000000 365.000000 25.000000 0.914800
365.000000 365.000000 15.000001 0.806500
444.999969 365.000000 245.000000 0.197400
444.999969 365.000000 234.999985 0.221000
444.999969 365.000000 215.000015 0.286600
444.999969 365.000000 205.000000 0.400300
444.999969 365.000000 195.000000 0.469000
444.999969 365.000000 185.000000 0.556700
444.999969 365.000000 175.000000 0.738300
444.999969 365.000000 155.000000 0.906900
444.999969 365.000000 145.000000 1.042100
444.999969 365.000000 125.000000 1.153600
444.999969 365.000000 115.000000 1.092100
444.999969 365.000000 104.999992 1.025300
444.999969 365.000000 95.000000 0.960300
444.999969 365.000000 85.000000 0.805400
444.999969 365.000000 75.000000 0.731400
444.999969 365.000000 65.000000 0.560900
444.999969 365.000000 45.000000 0.382800
444.999969 365.000000 35.000000 0.250400
444.999969 365.000000 25.000000 0.216000
444.999969 365.000000 15.000001 0.191600
45.000000 444.999969 245.000000 0.000000
45.000000 444.999969 234.999985 0.000000
45.000000 444.999969 205.000000 0.000000
45.000000 444.999969 195.000000 0.000000
45.000000 444.999969 185.000000 0.000000
45.000000 444.999969 175.000000 0.000000
45.000000 444.999969 165.000000 0.000000
45.000000 444.999969 155.000000 0.000000
45.000000 444.999969 135.000000 0.000000
45.000000 444.999969 115.000000 0.000000
45.000000 444.999969 104.999992 0.000000
45.000000 444.999969 85.000000 0.000000
45.000000 444.999969 75.000000 0.000000
45.000000 444.999969 65.000000 0.000000
45.000000 444.999969 55.000000 0.000000
45.000000 444.999969 45.000000 0.000000
45.000000 444.999969 35.000000 0.000000
45.000000 444.999969 25.000000 0.000000
45.000000 444.999969 15.000001 0.000000
125.000000 444.999969 245.000000 0.176200
125.000000 444.999969 234.999985 0.228900
125.000000 444.999969 225.000000 0.292000
125.000000 444.999969 205.000000 0.403500
125.000000 444.999969 195.000000 0.487200
125.000000 444.999969 185.000000 0.609900
125.000000 444.999969 175.000000 0.738900
125.000000 444.999969 165.000000 0.903700
125.000000 444.999969 145.000000 1.083900
125.000000 444.999969 135.000000 1.153900
125.000000 444.999969 125.000000 1.208700
125.000000 444.999969 115.000000 1.150100
125.000000 444.999969 104.999992 1.086800
125.000000 444.999969 95.000000 0.982700
125.000000 444.999969 45.000000 0.430300
125.000000 444.999969 35.000000 0.356200
125.000000 444.999969 25.000000 0.277000
125.000000 444.999969 15.000001 0.264300
205.000000 444.999969 245.000000 0.550300
205.000000 444.999969 225.000000 0.593600
205.000000 444.999969 215.000015 0.639400
205.000000 444.999969 195.000000 0.797500
205.000000 444.999969 185.000000 0.923900
205.000000 444.999969 165.000000 1.193500
205.000000 444.999969 155.000000 1.338600
205.000000 444.999969 145.000000 1.439200
205.000000 444.999969 135.000000 1.504800
205.000000 444.999969 125.000000 1.482600
205.000000 444.999969 115.000000 1.460600
205.000000 444.999969 104.999992 1.374800
205.000000 444.999969 95.000000 1.320000
205.000000 444.999969 85.000000 1.221800
205.000000 444.999969 55.000000 0.810300
205.000000 444.999969 35.000000 0.650200
205.000000 444.999969 25.000000 0.578900
285.000000 444.999969 245.000000 0.538300
285.000000 444.999969 234.999985 0.552300
285.000000 444.999969 225.000000 0.601600
285.000000 444.999969 205.000000 0.718200
285.000000 444.999969 195.000000 0.814400
285.000000 444.999969 185.000000 0.892000
285.000000 444.999969 175.000000 1.065500
285.000000 444.999969 165.000000 1.174800
285.000000 444.999969 155.000000 1.263000
285.000000 444.999969 145.000000 1.397300
285.000000 444.999969 135.000000 1.523900
285.000000 444.999969 125.000000 1.493200
285.000000 444.999969 104.999992 1.420500
285.000000 444.999969 75.000000 1.103700
285.000000 444.999969 65.000000 0.946100
285.000000 444.999969 55.000000 0.783100
285.000000 444.999969 35.000000 0.619300
285.000000 444.999969 25.000000 0.600800
285.000000 444.999969 15.000001 0.571700
365.000000 444.999969 245.000000 0.127900
365.000000 444.999969 234.999985 0.185000
365.000000 444.999969 225.000000 0.190400
365.000000 444.999969 215.000015 0.278200
365.000000 444.999969 205.000000 0.350500
365.000000 444.999969 195.000000 0.428500
365.000000 444.999969 185.000000 0.613900
365.000000 444.999969 175.000000 0.714900
365.000000 444.999969 165.000000 0.877400
365.000000 444.999969 155.000000 0.967300
365.000000 444.999969 145.000000 1.047800
365.000000 444.999969 135.000000 1.082700
365.000000 444.999969 125.000000 1.158500
365.000000 444.999969 115.000000 1.126900
365.000000 444.999969 95.000000 0.960600
365.000000 444.999969 85.000000 0.878600
365.000000 444.999969 75.000000 0.661500
365.000000 444.999969 65.000000 0.599700
365.000000 444.999969 45.000000 0.336700
365.000000 444.999969 35.000000 0.252100
365.000000 444.999969 15.000001 0.208700
444.999969 444.999969 245.000000 0.000000
444.999969 444.999969 234.999985 0.000000
444.999969 444.999969 225.000000 0.000000
444.999969 444.999969 215.000015 0.000000
444.999969 444.999969 195.000000 0.000000
444.999969 444.999969 185.000000 0.000000
444.999969 444.999969 175.000000 0.000000
444.999969 444.999969 165.000000 0.000000
444.999969 444.999969 155.000000 0.000000
444.999969 444.999969 145.000000 0.000000
444.999969 444.999969 125.000000 0.000000
444.999969 444.999969 104.999992 0.000000
444.999969 444.999969 95.000000 0.000000
444.999969 444.999969 85.000000 0.000000
444.999969 444.999969 75.000000 0.000000
444.999969 444.999969 55.000000 0.000000
444.999969 444.999969 45.000000 0.000000
444.999969 444.999969 35.000000 0.000000
444.999969 444.999969 25.000000 0.000000
444.999969 444.999969 15.000001 0.000000
