pygeostat_saved_data
4
X
Y
Z
value
350.000000 160.000000 225.000000 1.509400
65.000000 350.000000 225.000000 3.829800
65.000000 444.999969 104.999992 1.297700
65.000000 160.000000 205.000000 0.600500
255.000000 160.000000 104.999992 0.361800
255.000000 350.000000 15.000001 2.227200
255.000000 350.000000 25.000000 2.331900
444.999969 65.000000 25.000000 0.062400
160.000000 160.000000 245.000000 0.108700
160.000000 350.000000 55.000000 0.038700
350.000000 350.000000 245.000000 0.091700
160.000000 255.000000 55.000000 2.742300
65.000000 65.000000 205.000000 0.453500
350.000000 65.000000 95.000000 0.471100
160.000000 255.000000 145.000000 0.199600
444.999969 444.999969 95.000000 0.257100
160.000000 160.000000 45.000000 0.025000
350.000000 444.999969 165.000000 0.128700
160.000000 255.000000 125.000000 0.245600
444.999969 444.999969 35.000000 0.442600
160.000000 65.000000 225.000000 0.208900
444.999969 160.000000 65.000000 17.140800
65.000000 444.999969 55.000000 0.384100
65.000000 160.000000 215.000015 0.481700
350.000000 444.999969 145.000000 0.188000
444.999969 160.000000 195.000000 1.044500
160.000000 444.999969 35.000000 1.521300
65.000000 444.999969 35.000000 0.523800
255.000000 444.999969 85.000000 0.238200
65.000000 350.000000 175.000000 2.108000
255.000000 444.999969 65.000000 0.403500
65.000000 350.000000 165.000000 2.492200
444.999969 350.000000 205.000000 0.038600
160.000000 65.000000 185.000000 0.351800
444.999969 350.000000 55.000000 0.423500
444.999969 160.000000 165.000000 0.299500
444.999969 160.000000 225.000000 4.955501
444.999969 255.000000 135.000000 0.194500
65.000000 255.000000 175.000000 1.192500
160.000000 160.000000 165.000000 2.725000
255.000000 444.999969 165.000000 1.692700
255.000000 255.000000 125.000000 0.483000
444.999969 444.999969 195.000000 0.260500
255.000000 444.999969 185.000000 0.284100
444.999969 444.999969 234.999985 2.021600
444.999969 65.000000 165.000000 0.453500
255.000000 65.000000 45.000000 0.436900
160.000000 444.999969 225.000000 5.664600
65.000000 65.000000 125.000000 1.177000
350.000000 255.000000 115.000000 0.443600
65.000000 444.999969 205.000000 0.354300
160.000000 255.000000 45.000000 1.607500
444.999969 444.999969 15.000001 0.423900
255.000000 160.000000 245.000000 0.609300
444.999969 65.000000 75.000000 0.201800
65.000000 255.000000 145.000000 0.890600
160.000000 350.000000 45.000000 0.042300
444.999969 160.000000 205.000000 2.045600
255.000000 350.000000 234.999985 0.828800
65.000000 255.000000 45.000000 0.340600
65.000000 65.000000 45.000000 0.245400
255.000000 160.000000 115.000000 0.345900
160.000000 160.000000 35.000000 0.050900
255.000000 444.999969 215.000015 0.110100
444.999969 444.999969 25.000000 0.462500
444.999969 255.000000 175.000000 0.443100
65.000000 160.000000 55.000000 2.525100
350.000000 255.000000 165.000000 0.236900
65.000000 350.000000 234.999985 3.215500
255.000000 350.000000 45.000000 2.028500
65.000000 444.999969 215.000015 0.213000
65.000000 350.000000 245.000000 2.367500
160.000000 65.000000 25.000000 0.138800
444.999969 65.000000 185.000000 0.797700
65.000000 444.999969 65.000000 0.296300
65.000000 160.000000 25.000000 10.670400
350.000000 350.000000 104.999992 0.247700
255.000000 444.999969 135.000000 1.349400
65.000000 160.000000 234.999985 0.240400
255.000000 160.000000 155.000000 0.420700
255.000000 65.000000 125.000000 1.114200
65.000000 444.999969 75.000000 0.315500
255.000000 65.000000 104.999992 1.105700
160.000000 444.999969 185.000000 7.826900
255.000000 255.000000 85.000000 0.199500
350.000000 255.000000 245.000000 1.086300
160.000000 350.000000 165.000000 0.506600
350.000000 160.000000 45.000000 0.199400
65.000000 65.000000 15.000001 0.201900
255.000000 350.000000 125.000000 0.069600
160.000000 255.000000 155.000000 0.210700
444.999969 65.000000 65.000000 0.049600
255.000000 255.000000 155.000000 0.507800
65.000000 255.000000 195.000000 0.857200
160.000000 160.000000 75.000000 0.064700
255.000000 350.000000 115.000000 0.061800
65.000000 444.999969 95.000000 0.815100
255.000000 65.000000 135.000000 0.784100
350.000000 255.000000 175.000000 0.380200
65.000000 160.000000 245.000000 0.175600
160.000000 444.999969 165.000000 6.145200
160.000000 255.000000 175.000000 0.209700
350.000000 350.000000 165.000000 0.301300
255.000000 350.000000 165.000000 0.858500
350.000000 160.000000 85.000000 0.083500
350.000000 255.000000 125.000000 0.345300
444.999969 160.000000 15.000001 0.070800
444.999969 65.000000 55.000000 0.053700
444.999969 444.999969 185.000000 0.127700
444.999969 350.000000 45.000000 0.988900
65.000000 255.000000 245.000000 0.170500
350.000000 65.000000 35.000000 0.286900
160.000000 160.000000 135.000000 5.001600
350.000000 350.000000 175.000000 0.454600
160.000000 444.999969 245.000000 2.691800
65.000000 65.000000 245.000000 0.361600
160.000000 255.000000 135.000000 0.240500
65.000000 444.999969 195.000000 0.565600
160.000000 160.000000 234.999985 0.189600
65.000000 65.000000 165.000000 0.147000
65.000000 65.000000 215.000015 0.616300
65.000000 255.000000 155.000000 0.978800
350.000000 444.999969 135.000000 0.135200
444.999969 444.999969 135.000000 1.055200
255.000000 444.999969 95.000000 0.248900
65.000000 350.000000 45.000000 1.244500
350.000000 160.000000 75.000000 0.060300
350.000000 350.000000 185.000000 0.602200
65.000000 160.000000 75.000000 0.854400
160.000000 65.000000 45.000000 0.072600
255.000000 255.000000 95.000000 0.183500
255.000000 160.000000 55.000000 0.588000
444.999969 350.000000 155.000000 0.312800
255.000000 350.000000 35.000000 2.429600
444.999969 255.000000 145.000000 0.131800
160.000000 255.000000 245.000000 0.701800
350.000000 444.999969 75.000000 0.188900
160.000000 160.000000 225.000000 0.515500
444.999969 350.000000 25.000000 0.559500
160.000000 160.000000 125.000000 2.486600
350.000000 160.000000 185.000000 3.348300
255.000000 65.000000 175.000000 0.487000
350.000000 65.000000 185.000000 0.119400
444.999969 160.000000 104.999992 7.831500
350.000000 444.999969 155.000000 0.205000
444.999969 444.999969 205.000000 0.413500
444.999969 160.000000 115.000000 3.659900
160.000000 350.000000 155.000000 0.244300
255.000000 255.000000 175.000000 0.500400
65.000000 255.000000 205.000000 0.538000
350.000000 65.000000 75.000000 0.329100
444.999969 444.999969 75.000000 0.181400
160.000000 350.000000 175.000000 1.518500
444.999969 255.000000 205.000000 0.808400
444.999969 255.000000 55.000000 0.288200
444.999969 255.000000 25.000000 0.111100
444.999969 160.000000 125.000000 2.034900
444.999969 65.000000 35.000000 0.039300
350.000000 350.000000 35.000000 0.838900
350.000000 65.000000 225.000000 0.118000
160.000000 65.000000 145.000000 0.543400
444.999969 350.000000 215.000015 0.073800
65.000000 444.999969 245.000000 0.123400
255.000000 444.999969 245.000000 0.102100
160.000000 444.999969 145.000000 1.934500
65.000000 255.000000 135.000000 0.504300
65.000000 350.000000 115.000000 1.413600
160.000000 160.000000 85.000000 0.074900
65.000000 65.000000 185.000000 0.170500
160.000000 65.000000 104.999992 0.208300
65.000000 255.000000 185.000000 1.052500
255.000000 255.000000 104.999992 0.237700
160.000000 160.000000 215.000015 0.939600
350.000000 444.999969 175.000000 0.063600
444.999969 65.000000 115.000000 1.358500
444.999969 350.000000 145.000000 0.625100
255.000000 65.000000 155.000000 0.534700
350.000000 255.000000 15.000001 0.230500
350.000000 160.000000 55.000000 0.102100
65.000000 160.000000 35.000000 6.558600
350.000000 255.000000 225.000000 0.872100
160.000000 444.999969 95.000000 0.831100
65.000000 350.000000 155.000000 2.028500
160.000000 350.000000 65.000000 0.037300
255.000000 255.000000 45.000000 2.188500
65.000000 350.000000 185.000000 2.742800
255.000000 350.000000 135.000000 0.094000
350.000000 444.999969 215.000015 0.071500
350.000000 255.000000 234.999985 1.029600
65.000000 160.000000 85.000000 1.099300
160.000000 444.999969 234.999985 3.736500
160.000000 444.999969 115.000000 0.615000
255.000000 255.000000 35.000000 2.866600
350.000000 255.000000 45.000000 0.396500
255.000000 65.000000 145.000000 0.443500
350.000000 65.000000 45.000000 0.317700
160.000000 255.000000 104.999992 0.441000
255.000000 160.000000 65.000000 0.624400
350.000000 65.000000 195.000000 0.102500
350.000000 65.000000 205.000000 0.078900
255.000000 350.000000 215.000015 0.784100
444.999969 350.000000 245.000000 1.438200
350.000000 350.000000 45.000000 0.504000
160.000000 255.000000 205.000000 0.639800
255.000000 65.000000 85.000000 1.109300
350.000000 444.999969 104.999992 0.101400
160.000000 350.000000 15.000001 0.031100
160.000000 255.000000 115.000000 0.346100
350.000000 444.999969 185.000000 0.046300
444.999969 65.000000 215.000015 1.537200
255.000000 444.999969 35.000000 0.957200
350.000000 255.000000 75.000000 1.059700
65.000000 160.000000 145.000000 0.213700
350.000000 160.000000 145.000000 5.771400
65.000000 160.000000 175.000000 0.270300
65.000000 160.000000 15.000001 7.799700
444.999969 255.000000 85.000000 0.386300
160.000000 255.000000 234.999985 0.717000
444.999969 444.999969 45.000000 0.297300
65.000000 255.000000 65.000000 0.111400
255.000000 444.999969 205.000000 0.140100
350.000000 160.000000 135.000000 2.563900
350.000000 255.000000 195.000000 0.512100
255.000000 444.999969 15.000001 1.818700
444.999969 444.999969 65.000000 0.191400
65.000000 65.000000 65.000000 0.346500
65.000000 255.000000 25.000000 0.199600
350.000000 444.999969 95.000000 0.097700
65.000000 255.000000 215.000015 0.349400
160.000000 160.000000 155.000000 5.732900
160.000000 65.000000 15.000001 0.473300
255.000000 160.000000 145.000000 0.391300
444.999969 65.000000 234.999985 2.825200
65.000000 65.000000 234.999985 0.463600
160.000000 160.000000 25.000000 0.142700
160.000000 350.000000 234.999985 0.928000
255.000000 255.000000 225.000000 0.648700
65.000000 444.999969 135.000000 3.265600
65.000000 65.000000 104.999992 0.751100
255.000000 255.000000 205.000000 0.520800
444.999969 255.000000 125.000000 0.306100
444.999969 160.000000 85.000000 28.437700
350.000000 160.000000 95.000000 0.133700
444.999969 444.999969 175.000000 0.133900
255.000000 255.000000 25.000000 2.727600
65.000000 160.000000 165.000000 0.251500
350.000000 160.000000 125.000000 1.177000
255.000000 350.000000 225.000000 0.909100
160.000000 444.999969 155.000000 3.896600
350.000000 350.000000 15.000001 3.173900
350.000000 255.000000 104.999992 0.571300
444.999969 255.000000 195.000000 0.894200
255.000000 160.000000 175.000000 0.235000
350.000000 65.000000 25.000000 0.272700
65.000000 444.999969 125.000000 4.183700
160.000000 444.999969 55.000000 1.306200
255.000000 255.000000 245.000000 0.662300
65.000000 350.000000 205.000000 4.012900
65.000000 444.999969 165.000000 1.676200
444.999969 350.000000 35.000000 0.908500
65.000000 65.000000 25.000000 0.326000
350.000000 160.000000 245.000000 0.626400
255.000000 444.999969 125.000000 0.626200
255.000000 65.000000 15.000001 0.273800
444.999969 160.000000 95.000000 13.688900
444.999969 255.000000 95.000000 0.470600
65.000000 350.000000 145.000000 2.291200
350.000000 350.000000 135.000000 0.100200
255.000000 255.000000 185.000000 0.509200
160.000000 255.000000 75.000000 3.051200
65.000000 65.000000 85.000000 0.509300
65.000000 444.999969 25.000000 0.635300
350.000000 65.000000 165.000000 0.336900
65.000000 255.000000 55.000000 0.199600
160.000000 255.000000 95.000000 1.173600
160.000000 350.000000 115.000000 0.082000
65.000000 444.999969 115.000000 2.894300
160.000000 65.000000 115.000000 0.212800
444.999969 350.000000 95.000000 0.248500
255.000000 65.000000 65.000000 1.196200
65.000000 255.000000 165.000000 1.512900
255.000000 65.000000 215.000015 1.482900
255.000000 255.000000 65.000000 0.801700
350.000000 350.000000 215.000015 0.462100
65.000000 65.000000 225.000000 0.942600
65.000000 65.000000 95.000000 0.575200
444.999969 350.000000 115.000000 0.603800
350.000000 350.000000 115.000000 0.246500
255.000000 350.000000 195.000000 0.911600
65.000000 65.000000 75.000000 0.518300
65.000000 255.000000 234.999985 0.213500
160.000000 65.000000 195.000000 0.269100
444.999969 160.000000 25.000000 0.172300
444.999969 444.999969 165.000000 0.200500
350.000000 444.999969 195.000000 0.037500
65.000000 160.000000 155.000000 0.183400
255.000000 255.000000 195.000000 0.519500
444.999969 160.000000 185.000000 0.349400
350.000000 160.000000 215.000015 1.627700
160.000000 444.999969 65.000000 0.848200
350.000000 160.000000 165.000000 5.347600
255.000000 160.000000 215.000015 0.386800
444.999969 350.000000 165.000000 0.178000
350.000000 444.999969 225.000000 0.146100
350.000000 160.000000 155.000000 5.523700
65.000000 255.000000 75.000000 0.078400
444.999969 350.000000 234.999985 0.605100
444.999969 350.000000 125.000000 0.644800
255.000000 160.000000 125.000000 0.366700
255.000000 350.000000 145.000000 0.295700
160.000000 65.000000 85.000000 0.223600
160.000000 65.000000 175.000000 0.469200
160.000000 350.000000 104.999992 0.039600
65.000000 350.000000 85.000000 0.363300
350.000000 444.999969 125.000000 0.073200
160.000000 444.999969 135.000000 1.253600
350.000000 255.000000 155.000000 0.152900
350.000000 444.999969 35.000000 0.240000
160.000000 444.999969 75.000000 0.837400
160.000000 350.000000 85.000000 0.022600
255.000000 65.000000 35.000000 0.325400
160.000000 444.999969 45.000000 2.355100
350.000000 65.000000 215.000015 0.090000
255.000000 65.000000 55.000000 0.922700
255.000000 65.000000 115.000000 0.919400
444.999969 444.999969 155.000000 0.518200
160.000000 255.000000 65.000000 3.311900
444.999969 350.000000 185.000000 0.029100
444.999969 350.000000 85.000000 0.148200
255.000000 350.000000 185.000000 1.105000
65.000000 350.000000 135.000000 1.772600
444.999969 255.000000 215.000015 0.540100
444.999969 444.999969 225.000000 1.665400
160.000000 160.000000 15.000001 0.239300
350.000000 65.000000 55.000000 0.276500
160.000000 444.999969 104.999992 0.803100
444.999969 160.000000 75.000000 33.133900
350.000000 65.000000 175.000000 0.136800
444.999969 65.000000 45.000000 0.034000
255.000000 444.999969 75.000000 0.307700
444.999969 65.000000 85.000000 0.375900
160.000000 65.000000 95.000000 0.200000
444.999969 350.000000 225.000000 0.220800
350.000000 160.000000 205.000000 1.657400
444.999969 65.000000 195.000000 1.052800
444.999969 444.999969 115.000000 0.798800
255.000000 65.000000 234.999985 2.390500
160.000000 65.000000 55.000000 0.140500
65.000000 65.000000 175.000000 0.087400
444.999969 444.999969 85.000000 0.217600
255.000000 444.999969 104.999992 0.214700
65.000000 160.000000 65.000000 1.268400
350.000000 255.000000 95.000000 0.737600
160.000000 255.000000 25.000000 1.070700
160.000000 160.000000 185.000000 2.230700
160.000000 160.000000 195.000000 1.442300
65.000000 444.999969 85.000000 0.467300
160.000000 160.000000 205.000000 1.669800
350.000000 65.000000 65.000000 0.261400
444.999969 255.000000 155.000000 0.186800
65.000000 160.000000 195.000000 0.684800
160.000000 350.000000 135.000000 0.093400
255.000000 65.000000 75.000000 1.006700
350.000000 350.000000 155.000000 0.126800
350.000000 350.000000 195.000000 0.641500
255.000000 444.999969 145.000000 2.731400
255.000000 444.999969 115.000000 0.327100
160.000000 65.000000 65.000000 0.201000
350.000000 350.000000 55.000000 0.458900
444.999969 350.000000 195.000000 0.026500
65.000000 350.000000 15.000001 3.031800
255.000000 160.000000 95.000000 0.308200
65.000000 65.000000 135.000000 0.942800
350.000000 350.000000 25.000000 2.465000
350.000000 160.000000 65.000000 0.072000
350.000000 65.000000 155.000000 0.344300
65.000000 444.999969 45.000000 0.498900
160.000000 65.000000 35.000000 0.092500
350.000000 160.000000 195.000000 1.449500
65.000000 160.000000 95.000000 1.519800
160.000000 255.000000 85.000000 3.300900
444.999969 255.000000 165.000000 0.188500
65.000000 160.000000 104.999992 1.308700
160.000000 65.000000 155.000000 0.657200
350.000000 444.999969 55.000000 0.199400
350.000000 444.999969 234.999985 0.298100
255.000000 350.000000 95.000000 0.199500
444.999969 65.000000 95.000000 0.732000
255.000000 350.000000 245.000000 1.076100
444.999969 65.000000 145.000000 0.502000
160.000000 65.000000 215.000015 0.224500
444.999969 255.000000 15.000001 0.116500
65.000000 255.000000 85.000000 0.051900
65.000000 350.000000 35.000000 2.963400
255.000000 444.999969 55.000000 0.514600
160.000000 255.000000 15.000001 1.151700
350.000000 160.000000 35.000000 0.579900
255.000000 160.000000 35.000000 0.774700
255.000000 444.999969 195.000000 0.153100
160.000000 350.000000 185.000000 3.381500
255.000000 350.000000 175.000000 1.327400
444.999969 255.000000 245.000000 0.168500
444.999969 160.000000 234.999985 6.255700
65.000000 255.000000 115.000000 0.118800
350.000000 444.999969 45.000000 0.225700
160.000000 255.000000 225.000000 1.011700
255.000000 350.000000 155.000000 0.555800
255.000000 160.000000 15.000001 1.021300
160.000000 65.000000 234.999985 0.178200
255.000000 160.000000 25.000000 0.951500
65.000000 444.999969 15.000001 0.747400
65.000000 65.000000 35.000000 0.271900
444.999969 350.000000 135.000000 0.902400
444.999969 444.999969 104.999992 0.537900
160.000000 350.000000 35.000000 0.058100
65.000000 255.000000 35.000000 0.325400
350.000000 65.000000 125.000000 0.606600
350.000000 255.000000 215.000015 0.776500
160.000000 444.999969 195.000000 8.475000
255.000000 160.000000 185.000000 0.225300
160.000000 350.000000 95.000000 0.034100
350.000000 350.000000 75.000000 0.415800
350.000000 255.000000 35.000000 0.301200
255.000000 255.000000 75.000000 0.348100
65.000000 444.999969 225.000000 0.185500
160.000000 255.000000 185.000000 0.378000
65.000000 65.000000 195.000000 0.371000
255.000000 255.000000 215.000015 0.460600
160.000000 255.000000 195.000000 0.521300
255.000000 444.999969 155.000000 2.762900
65.000000 350.000000 75.000000 0.278100
444.999969 65.000000 104.999992 1.300800
444.999969 65.000000 225.000000 1.916800
160.000000 444.999969 25.000000 1.161300
160.000000 65.000000 165.000000 0.413000
65.000000 444.999969 145.000000 3.421900
65.000000 350.000000 195.000000 3.411900
160.000000 255.000000 165.000000 0.171400
444.999969 444.999969 145.000000 0.786100
255.000000 255.000000 234.999985 0.696400
160.000000 350.000000 225.000000 1.374800
255.000000 350.000000 75.000000 0.435400
160.000000 350.000000 145.000000 0.105400
350.000000 444.999969 245.000000 0.487100
350.000000 255.000000 185.000000 0.539500
255.000000 255.000000 55.000000 1.832000
160.000000 444.999969 125.000000 0.913400
160.000000 65.000000 135.000000 0.338400
255.000000 65.000000 245.000000 2.964200
350.000000 65.000000 115.000000 0.674100
444.999969 444.999969 245.000000 1.348200
255.000000 255.000000 115.000000 0.298500
160.000000 444.999969 85.000000 0.639800
65.000000 160.000000 185.000000 0.381400
160.000000 160.000000 104.999992 0.419600
160.000000 160.000000 115.000000 1.456800
160.000000 160.000000 95.000000 0.235900
444.999969 65.000000 15.000001 0.128800
444.999969 65.000000 175.000000 0.673600
65.000000 255.000000 95.000000 0.052800
160.000000 350.000000 205.000000 3.681400
65.000000 350.000000 65.000000 0.359200
65.000000 350.000000 125.000000 1.896900
350.000000 350.000000 65.000000 0.484200
444.999969 255.000000 75.000000 0.413500
255.000000 255.000000 165.000000 0.537100
444.999969 160.000000 55.000000 6.338000
65.000000 350.000000 95.000000 0.596200
350.000000 160.000000 15.000001 2.180000
255.000000 65.000000 195.000000 0.683700
444.999969 350.000000 75.000000 0.161300
65.000000 350.000000 104.999992 0.793300
350.000000 444.999969 115.000000 0.088800
160.000000 350.000000 75.000000 0.038600
255.000000 160.000000 234.999985 0.859700
255.000000 255.000000 135.000000 0.633900
160.000000 350.000000 125.000000 0.102100
444.999969 350.000000 104.999992 0.355200
255.000000 444.999969 225.000000 0.117500
444.999969 350.000000 175.000000 0.066000
