pygeostat_saved_data
4
X
Y
Z
value
350.000000 65.000000 85.000000 0.186200
255.000000 255.000000 205.000000 2.376000
160.000000 160.000000 85.000000 0.641900
255.000000 160.000000 75.000000 0.453700
350.000000 444.999969 125.000000 0.165300
255.000000 160.000000 125.000000 1.090600
444.999969 160.000000 215.000015 7.222700
255.000000 444.999969 35.000000 2.857900
444.999969 255.000000 245.000000 0.259900
65.000000 350.000000 35.000000 1.843600
350.000000 65.000000 45.000000 0.264100
255.000000 255.000000 234.999985 1.629900
65.000000 255.000000 65.000000 0.955000
65.000000 255.000000 85.000000 1.243500
444.999969 350.000000 145.000000 2.212300
255.000000 444.999969 195.000000 0.286200
65.000000 65.000000 25.000000 0.378800
444.999969 350.000000 225.000000 0.171200
444.999969 65.000000 185.000000 0.620800
255.000000 65.000000 215.000015 0.169500
350.000000 444.999969 205.000000 0.061500
160.000000 444.999969 85.000000 0.116200
255.000000 444.999969 65.000000 0.577500
160.000000 350.000000 175.000000 2.582400
444.999969 160.000000 234.999985 4.551500
255.000000 350.000000 85.000000 0.320300
160.000000 160.000000 125.000000 11.561800
255.000000 255.000000 175.000000 0.565700
65.000000 350.000000 185.000000 2.640900
350.000000 350.000000 215.000015 0.294000
444.999969 255.000000 205.000000 0.591700
350.000000 255.000000 115.000000 0.253600
444.999969 444.999969 165.000000 0.336200
350.000000 255.000000 145.000000 0.067100
65.000000 160.000000 135.000000 5.585300
255.000000 160.000000 25.000000 1.155000
444.999969 255.000000 165.000000 0.085300
444.999969 444.999969 215.000015 0.155000
350.000000 255.000000 165.000000 0.121400
65.000000 444.999969 55.000000 1.910200
65.000000 444.999969 234.999985 0.582800
350.000000 444.999969 45.000000 0.681800
350.000000 160.000000 25.000000 0.162400
350.000000 160.000000 205.000000 11.655100
65.000000 255.000000 205.000000 0.276600
444.999969 65.000000 175.000000 0.554200
160.000000 444.999969 145.000000 0.209000
160.000000 160.000000 155.000000 2.037600
255.000000 444.999969 175.000000 0.617300
65.000000 160.000000 205.000000 0.567500
65.000000 444.999969 135.000000 1.119300
444.999969 160.000000 85.000000 6.885800
160.000000 160.000000 65.000000 0.126500
350.000000 444.999969 95.000000 0.143300
65.000000 444.999969 165.000000 2.614400
444.999969 350.000000 35.000000 1.319200
350.000000 444.999969 65.000000 0.410100
65.000000 255.000000 35.000000 0.878800
160.000000 255.000000 25.000000 1.224800
350.000000 255.000000 245.000000 0.757300
444.999969 255.000000 45.000000 0.585600
350.000000 65.000000 225.000000 0.932100
350.000000 160.000000 245.000000 6.470100
350.000000 255.000000 215.000015 1.557500
255.000000 350.000000 234.999985 0.630500
350.000000 65.000000 245.000000 0.716000
444.999969 255.000000 75.000000 0.691100
160.000000 350.000000 95.000000 0.049900
350.000000 255.000000 104.999992 0.294100
160.000000 350.000000 45.000000 0.178700
350.000000 350.000000 245.000000 0.191600
444.999969 65.000000 165.000000 0.359400
160.000000 350.000000 234.999985 1.076600
65.000000 65.000000 104.999992 2.252900
65.000000 444.999969 95.000000 0.616700
350.000000 160.000000 55.000000 0.434400
160.000000 160.000000 15.000001 0.985800
65.000000 444.999969 175.000000 2.839800
160.000000 160.000000 165.000000 0.651000
444.999969 160.000000 155.000000 0.258100
255.000000 350.000000 225.000000 1.892100
160.000000 350.000000 155.000000 0.313500
444.999969 65.000000 15.000001 0.053900
255.000000 255.000000 215.000015 2.001900
160.000000 65.000000 75.000000 0.420300
350.000000 255.000000 25.000000 1.086200
350.000000 65.000000 205.000000 1.085100
444.999969 255.000000 195.000000 0.575300
160.000000 444.999969 234.999985 0.502600
350.000000 65.000000 25.000000 0.173900
350.000000 444.999969 85.000000 0.213200
255.000000 444.999969 245.000000 0.068500
160.000000 444.999969 165.000000 0.551300
255.000000 444.999969 185.000000 0.378700
255.000000 65.000000 175.000000 0.122000
444.999969 444.999969 35.000000 0.337100
350.000000 160.000000 75.000000 0.556100
350.000000 350.000000 155.000000 0.608900
160.000000 350.000000 104.999992 0.057900
255.000000 350.000000 155.000000 0.710000
350.000000 350.000000 234.999985 0.207400
160.000000 65.000000 185.000000 0.526500
65.000000 350.000000 15.000001 0.826800
255.000000 444.999969 234.999985 0.092100
444.999969 350.000000 85.000000 0.236400
160.000000 65.000000 225.000000 0.486800
160.000000 65.000000 104.999992 2.570300
160.000000 444.999969 15.000001 1.075700
255.000000 160.000000 115.000000 1.391200
160.000000 350.000000 125.000000 0.118200
350.000000 65.000000 155.000000 0.401100
65.000000 255.000000 195.000000 0.365600
444.999969 255.000000 135.000000 0.188200
255.000000 255.000000 35.000000 4.856300
444.999969 65.000000 25.000000 0.043200
65.000000 65.000000 205.000000 0.876800
65.000000 350.000000 145.000000 1.638600
65.000000 160.000000 185.000000 0.412900
255.000000 160.000000 35.000000 0.777500
65.000000 350.000000 165.000000 2.262200
255.000000 350.000000 175.000000 3.857100
444.999969 65.000000 85.000000 1.083000
444.999969 350.000000 65.000000 0.342800
255.000000 444.999969 55.000000 1.092500
444.999969 350.000000 195.000000 0.099700
444.999969 255.000000 215.000015 0.561800
350.000000 350.000000 145.000000 0.452000
255.000000 65.000000 145.000000 0.420200
65.000000 255.000000 95.000000 1.632100
160.000000 255.000000 215.000015 0.994000
255.000000 160.000000 155.000000 0.849200
65.000000 255.000000 125.000000 1.807000
65.000000 350.000000 45.000000 1.026400
160.000000 444.999969 95.000000 0.148000
255.000000 65.000000 45.000000 0.565200
160.000000 444.999969 215.000015 1.621300
444.999969 444.999969 115.000000 0.276600
255.000000 444.999969 165.000000 0.789500
350.000000 255.000000 15.000001 1.254600
444.999969 255.000000 145.000000 0.097600
65.000000 350.000000 215.000015 1.873300
255.000000 350.000000 185.000000 6.247900
444.999969 350.000000 95.000000 0.316300
160.000000 444.999969 245.000000 0.343100
255.000000 350.000000 145.000000 0.345800
65.000000 350.000000 65.000000 0.401300
160.000000 350.000000 85.000000 0.031100
444.999969 160.000000 115.000000 2.190100
350.000000 350.000000 205.000000 0.593500
255.000000 255.000000 185.000000 1.030100
160.000000 255.000000 155.000000 0.447400
65.000000 65.000000 155.000000 0.301600
160.000000 255.000000 35.000000 1.489800
255.000000 65.000000 195.000000 0.105700
255.000000 350.000000 215.000015 3.646500
255.000000 444.999969 75.000000 0.303800
444.999969 160.000000 245.000000 2.490000
350.000000 65.000000 95.000000 0.192500
160.000000 444.999969 205.000000 1.732900
444.999969 255.000000 125.000000 0.315300
350.000000 444.999969 55.000000 0.504800
255.000000 65.000000 205.000000 0.137100
350.000000 444.999969 145.000000 1.096200
65.000000 160.000000 115.000000 20.036400
444.999969 444.999969 225.000000 0.553100
350.000000 160.000000 45.000000 0.284300
444.999969 255.000000 234.999985 0.361900
255.000000 65.000000 245.000000 0.646800
160.000000 160.000000 75.000000 0.390300
65.000000 160.000000 35.000000 0.940000
444.999969 255.000000 225.000000 0.404000
160.000000 160.000000 185.000000 0.338100
444.999969 65.000000 155.000000 0.476200
255.000000 255.000000 104.999992 0.664700
444.999969 255.000000 15.000001 0.414300
65.000000 350.000000 175.000000 2.282700
160.000000 160.000000 135.000000 7.685100
255.000000 444.999969 215.000015 0.227000
444.999969 255.000000 104.999992 0.734100
255.000000 160.000000 135.000000 1.277000
350.000000 255.000000 65.000000 0.840700
160.000000 255.000000 45.000000 0.990000
444.999969 444.999969 195.000000 0.060200
350.000000 255.000000 185.000000 0.831600
255.000000 255.000000 125.000000 0.387600
160.000000 255.000000 55.000000 0.783500
65.000000 350.000000 25.000000 1.898500
350.000000 160.000000 65.000000 0.585800
65.000000 160.000000 45.000000 0.859100
160.000000 444.999969 55.000000 0.627100
444.999969 160.000000 75.000000 7.464600
160.000000 65.000000 145.000000 1.648300
444.999969 350.000000 205.000000 0.076600
160.000000 65.000000 165.000000 0.609500
255.000000 444.999969 155.000000 0.913300
444.999969 350.000000 165.000000 1.549300
160.000000 255.000000 95.000000 1.325800
444.999969 65.000000 195.000000 0.953800
160.000000 160.000000 175.000000 0.391900
65.000000 444.999969 45.000000 2.934000
444.999969 444.999969 45.000000 0.215400
350.000000 160.000000 175.000000 0.906700
444.999969 65.000000 225.000000 1.728200
350.000000 160.000000 155.000000 0.541800
65.000000 65.000000 75.000000 0.778800
350.000000 444.999969 75.000000 0.292500
255.000000 255.000000 145.000000 0.242400
444.999969 255.000000 85.000000 0.471100
350.000000 160.000000 234.999985 9.334900
160.000000 65.000000 175.000000 0.634400
65.000000 350.000000 95.000000 0.477400
65.000000 160.000000 155.000000 0.749000
65.000000 65.000000 55.000000 0.257800
444.999969 444.999969 15.000001 0.253800
255.000000 160.000000 104.999992 0.988700
444.999969 160.000000 25.000000 0.208600
65.000000 65.000000 45.000000 0.423900
444.999969 160.000000 175.000000 0.290200
350.000000 65.000000 165.000000 0.576900
65.000000 444.999969 75.000000 0.553200
350.000000 350.000000 115.000000 0.148500
350.000000 444.999969 15.000001 0.950300
65.000000 65.000000 135.000000 1.167600
160.000000 350.000000 135.000000 0.107700
444.999969 444.999969 135.000000 0.833100
255.000000 160.000000 45.000000 0.672200
255.000000 65.000000 165.000000 0.129700
160.000000 350.000000 115.000000 0.106900
444.999969 350.000000 104.999992 0.363600
444.999969 160.000000 135.000000 0.724100
65.000000 160.000000 145.000000 1.281200
350.000000 65.000000 195.000000 0.998300
255.000000 65.000000 35.000000 0.801400
350.000000 255.000000 135.000000 0.109700
350.000000 444.999969 175.000000 0.333200
65.000000 255.000000 145.000000 1.081400
350.000000 65.000000 125.000000 0.281000
160.000000 444.999969 65.000000 0.277600
65.000000 350.000000 75.000000 0.341600
65.000000 350.000000 125.000000 1.064700
160.000000 65.000000 215.000015 0.567800
65.000000 160.000000 85.000000 2.295700
350.000000 350.000000 75.000000 0.427600
444.999969 444.999969 55.000000 0.248300
255.000000 65.000000 125.000000 2.130800
350.000000 255.000000 35.000000 0.827200
444.999969 255.000000 55.000000 0.634000
444.999969 160.000000 205.000000 3.881100
65.000000 255.000000 104.999992 1.720300
350.000000 444.999969 165.000000 1.092200
255.000000 444.999969 45.000000 2.544600
255.000000 444.999969 104.999992 0.127500
160.000000 255.000000 234.999985 0.554500
350.000000 444.999969 245.000000 0.659900
160.000000 160.000000 205.000000 0.337500
65.000000 255.000000 25.000000 0.382200
65.000000 65.000000 175.000000 0.166600
65.000000 65.000000 145.000000 0.630300
160.000000 65.000000 135.000000 2.075700
255.000000 350.000000 135.000000 0.114600
160.000000 255.000000 185.000000 0.630800
65.000000 255.000000 155.000000 0.923100
350.000000 65.000000 115.000000 0.282700
65.000000 444.999969 155.000000 2.351300
160.000000 350.000000 55.000000 0.088900
160.000000 255.000000 135.000000 0.814100
444.999969 160.000000 15.000001 0.106300
255.000000 255.000000 15.000001 2.406900
255.000000 350.000000 125.000000 0.092600
444.999969 255.000000 95.000000 0.487400
160.000000 65.000000 65.000000 0.204200
444.999969 255.000000 35.000000 0.412700
444.999969 160.000000 165.000000 0.195100
350.000000 444.999969 35.000000 0.961400
65.000000 160.000000 15.000001 0.853300
65.000000 255.000000 215.000015 0.236100
444.999969 444.999969 95.000000 0.118100
350.000000 65.000000 55.000000 0.241600
160.000000 65.000000 35.000000 0.131700
160.000000 255.000000 165.000000 0.367100
65.000000 160.000000 215.000015 0.455900
160.000000 350.000000 225.000000 2.200900
65.000000 65.000000 195.000000 0.804900
65.000000 160.000000 245.000000 0.175700
65.000000 444.999969 195.000000 3.493300
444.999969 255.000000 155.000000 0.109500
444.999969 65.000000 234.999985 1.841800
160.000000 444.999969 135.000000 0.195200
350.000000 350.000000 65.000000 0.741000
255.000000 65.000000 234.999985 0.407200
350.000000 255.000000 95.000000 0.299400
160.000000 160.000000 225.000000 0.378100
65.000000 444.999969 225.000000 0.947400
255.000000 255.000000 55.000000 5.355600
65.000000 350.000000 195.000000 2.569400
65.000000 444.999969 15.000001 2.406300
65.000000 65.000000 215.000015 0.925000
444.999969 160.000000 185.000000 0.527900
65.000000 444.999969 205.000000 2.243800
444.999969 444.999969 234.999985 1.974500
160.000000 350.000000 185.000000 8.760800
65.000000 255.000000 75.000000 1.194000
350.000000 255.000000 195.000000 1.429900
255.000000 444.999969 115.000000 0.157000
65.000000 65.000000 65.000000 0.440000
255.000000 350.000000 45.000000 3.865500
444.999969 350.000000 25.000000 1.046000
444.999969 444.999969 65.000000 0.171700
255.000000 255.000000 95.000000 0.875200
65.000000 160.000000 125.000000 13.929500
160.000000 65.000000 55.000000 0.180900
255.000000 65.000000 25.000000 1.142800
255.000000 65.000000 15.000001 1.464100
350.000000 160.000000 115.000000 0.273600
255.000000 160.000000 234.999985 1.528500
350.000000 65.000000 35.000000 0.218300
65.000000 255.000000 185.000000 0.457300
350.000000 65.000000 104.999992 0.222000
255.000000 65.000000 155.000000 0.333000
350.000000 350.000000 135.000000 0.201100
350.000000 350.000000 15.000001 10.319599
255.000000 444.999969 135.000000 0.349700
65.000000 255.000000 225.000000 0.204200
160.000000 65.000000 25.000000 0.144700
65.000000 444.999969 25.000000 3.169900
255.000000 255.000000 45.000000 4.348200
65.000000 350.000000 205.000000 2.026800
255.000000 350.000000 195.000000 8.252400
255.000000 350.000000 35.000000 5.147300
444.999969 444.999969 205.000000 0.071100
255.000000 350.000000 55.000000 1.664000
65.000000 65.000000 225.000000 1.056200
444.999969 65.000000 115.000000 1.128300
160.000000 255.000000 225.000000 1.036100
444.999969 255.000000 65.000000 0.868200
160.000000 65.000000 45.000000 0.107300
350.000000 350.000000 35.000000 2.156800
350.000000 444.999969 155.000000 1.607400
350.000000 444.999969 185.000000 0.154800
160.000000 255.000000 125.000000 1.014000
160.000000 350.000000 35.000000 0.340900
65.000000 444.999969 215.000015 1.249800
65.000000 160.000000 65.000000 0.576000
255.000000 350.000000 65.000000 0.834500
160.000000 160.000000 25.000000 0.633100
444.999969 350.000000 215.000015 0.089200
160.000000 444.999969 195.000000 2.499100
444.999969 65.000000 65.000000 0.298700
444.999969 444.999969 155.000000 1.121300
444.999969 350.000000 55.000000 0.502700
350.000000 160.000000 35.000000 0.340700
65.000000 444.999969 145.000000 1.486700
255.000000 350.000000 115.000000 0.110700
350.000000 160.000000 95.000000 0.275500
160.000000 65.000000 245.000000 0.337600
350.000000 160.000000 165.000000 0.717500
255.000000 160.000000 195.000000 0.160000
255.000000 160.000000 165.000000 0.416300
160.000000 255.000000 195.000000 0.958200
444.999969 255.000000 185.000000 0.343700
255.000000 255.000000 65.000000 2.863700
160.000000 444.999969 35.000000 1.471600
444.999969 65.000000 75.000000 0.913800
160.000000 255.000000 205.000000 0.922600
444.999969 160.000000 55.000000 1.955600
350.000000 350.000000 45.000000 1.269200
350.000000 444.999969 234.999985 0.390200
444.999969 350.000000 155.000000 1.959600
444.999969 444.999969 125.000000 0.409700
160.000000 160.000000 104.999992 6.367199
255.000000 160.000000 175.000000 0.270700
160.000000 160.000000 195.000000 0.229900
65.000000 160.000000 55.000000 0.637500
350.000000 255.000000 125.000000 0.187000
160.000000 350.000000 215.000015 6.299700
255.000000 350.000000 245.000000 0.299000
255.000000 350.000000 15.000001 4.244500
350.000000 160.000000 195.000000 3.884800
65.000000 350.000000 85.000000 0.362600
160.000000 65.000000 85.000000 0.570900
444.999969 350.000000 175.000000 0.611500
65.000000 350.000000 245.000000 0.941800
160.000000 444.999969 185.000000 1.538400
160.000000 255.000000 245.000000 0.409000
444.999969 444.999969 245.000000 3.946600
255.000000 65.000000 65.000000 0.537400
65.000000 444.999969 185.000000 3.044300
255.000000 65.000000 115.000000 1.717400
350.000000 160.000000 85.000000 0.436200
255.000000 444.999969 145.000000 0.756200
444.999969 65.000000 245.000000 0.902700
160.000000 350.000000 145.000000 0.132600
350.000000 65.000000 145.000000 0.287800
65.000000 255.000000 115.000000 1.654000
65.000000 65.000000 95.000000 1.731500
444.999969 160.000000 45.000000 0.592500
444.999969 160.000000 125.000000 1.297800
444.999969 160.000000 195.000000 1.811600
255.000000 444.999969 225.000000 0.185000
350.000000 65.000000 135.000000 0.291300
350.000000 444.999969 195.000000 0.072100
444.999969 444.999969 104.999992 0.209200
65.000000 444.999969 125.000000 1.612300
255.000000 255.000000 75.000000 1.431000
65.000000 160.000000 165.000000 0.682900
350.000000 444.999969 135.000000 0.428100
255.000000 255.000000 195.000000 1.745500
350.000000 350.000000 85.000000 0.266400
65.000000 65.000000 115.000000 2.769000
160.000000 444.999969 225.000000 0.883500
255.000000 65.000000 185.000000 0.090800
65.000000 65.000000 15.000001 0.141700
255.000000 65.000000 75.000000 0.397900
444.999969 65.000000 104.999992 1.425800
160.000000 350.000000 195.000000 13.619000
65.000000 444.999969 85.000000 0.536200
65.000000 160.000000 175.000000 0.470000
444.999969 65.000000 95.000000 1.216500
160.000000 160.000000 55.000000 0.112900
65.000000 255.000000 15.000001 0.288900
444.999969 444.999969 25.000000 0.331400
160.000000 160.000000 95.000000 2.868700
350.000000 160.000000 185.000000 2.675200
160.000000 350.000000 205.000000 12.449300
160.000000 444.999969 155.000000 0.345000
255.000000 255.000000 165.000000 0.351000
65.000000 444.999969 65.000000 0.970600
255.000000 160.000000 65.000000 0.466900
65.000000 160.000000 225.000000 0.383800
350.000000 65.000000 215.000015 1.140800
255.000000 444.999969 25.000000 3.970100
350.000000 350.000000 125.000000 0.159800
255.000000 65.000000 104.999992 1.699800
255.000000 160.000000 245.000000 1.125100
444.999969 350.000000 245.000000 1.001800
444.999969 160.000000 35.000000 0.242300
65.000000 350.000000 104.999992 0.546300
255.000000 160.000000 95.000000 0.432500
350.000000 160.000000 215.000015 16.391899
255.000000 350.000000 104.999992 0.197400
255.000000 65.000000 85.000000 0.619200
444.999969 350.000000 125.000000 0.754700
160.000000 65.000000 205.000000 0.648900
350.000000 160.000000 15.000001 0.260900
255.000000 160.000000 215.000015 0.420300
444.999969 160.000000 65.000000 3.905900
350.000000 255.000000 55.000000 0.885600
65.000000 350.000000 55.000000 0.758100
255.000000 444.999969 125.000000 0.212900
65.000000 255.000000 45.000000 1.096800
444.999969 160.000000 104.999992 3.862100
65.000000 160.000000 234.999985 0.250200
65.000000 255.000000 175.000000 0.571900
160.000000 350.000000 25.000000 0.348400
160.000000 350.000000 15.000001 0.187700
160.000000 350.000000 165.000000 0.776000
160.000000 255.000000 104.999992 1.105400
65.000000 255.000000 234.999985 0.198400
160.000000 255.000000 115.000000 1.392000
160.000000 255.000000 85.000000 1.573700
65.000000 65.000000 165.000000 0.208600
255.000000 444.999969 95.000000 0.149600
65.000000 160.000000 75.000000 0.749500
255.000000 444.999969 15.000001 2.991200
444.999969 350.000000 185.000000 0.184600
160.000000 350.000000 75.000000 0.046300
444.999969 65.000000 125.000000 0.722600
350.000000 160.000000 225.000000 19.689800
350.000000 444.999969 115.000000 0.184400
65.000000 444.999969 245.000000 0.416300
444.999969 65.000000 145.000000 0.340800
444.999969 444.999969 175.000000 0.124300
160.000000 65.000000 15.000001 0.270900
65.000000 255.000000 55.000000 1.035600
444.999969 350.000000 15.000001 1.297100
350.000000 350.000000 195.000000 0.836500
160.000000 444.999969 25.000000 1.587700
255.000000 160.000000 205.000000 0.259900
65.000000 160.000000 95.000000 7.393000
444.999969 65.000000 135.000000 0.452600
