pygeostat_saved_data
4
X
Y
Z
value
160.000000 65.000000 125.000000 0.750400
350.000000 350.000000 195.000000 1.989100
160.000000 160.000000 185.000000 1.394100
444.999969 255.000000 175.000000 0.296400
160.000000 255.000000 35.000000 2.269500
444.999969 65.000000 205.000000 0.739700
255.000000 65.000000 115.000000 1.671400
65.000000 65.000000 75.000000 0.880600
65.000000 65.000000 55.000000 0.335000
65.000000 255.000000 45.000000 0.782000
350.000000 350.000000 115.000000 0.233200
160.000000 255.000000 175.000000 0.221400
350.000000 350.000000 225.000000 0.525100
350.000000 444.999969 155.000000 0.642900
255.000000 350.000000 95.000000 0.271600
444.999969 65.000000 35.000000 0.045200
65.000000 444.999969 45.000000 0.818700
255.000000 65.000000 165.000000 0.231000
160.000000 350.000000 215.000015 3.837900
350.000000 160.000000 165.000000 4.645400
350.000000 350.000000 85.000000 0.299800
255.000000 350.000000 165.000000 1.795000
350.000000 160.000000 35.000000 0.358300
255.000000 255.000000 175.000000 0.423700
160.000000 65.000000 145.000000 0.805000
444.999969 160.000000 135.000000 2.550300
65.000000 444.999969 234.999985 0.375900
65.000000 444.999969 135.000000 4.193900
444.999969 65.000000 104.999992 1.868800
255.000000 444.999969 115.000000 0.472400
65.000000 255.000000 25.000000 0.285600
350.000000 444.999969 95.000000 0.125300
350.000000 160.000000 95.000000 0.218500
255.000000 255.000000 215.000015 0.839500
444.999969 160.000000 65.000000 15.230900
255.000000 160.000000 234.999985 0.638700
160.000000 255.000000 75.000000 2.573800
65.000000 255.000000 245.000000 0.171900
444.999969 350.000000 195.000000 0.033700
65.000000 255.000000 155.000000 0.866100
65.000000 255.000000 115.000000 0.250100
444.999969 444.999969 155.000000 0.558100
160.000000 65.000000 245.000000 0.245200
350.000000 444.999969 15.000001 0.271300
65.000000 444.999969 195.000000 1.882000
65.000000 444.999969 245.000000 0.303200
255.000000 65.000000 175.000000 0.286400
444.999969 160.000000 175.000000 0.201600
350.000000 255.000000 115.000000 0.395900
65.000000 444.999969 215.000015 0.642600
160.000000 444.999969 205.000000 6.468300
160.000000 160.000000 125.000000 5.610600
65.000000 160.000000 95.000000 3.421200
65.000000 160.000000 104.999992 4.420500
350.000000 350.000000 65.000000 0.718900
350.000000 350.000000 175.000000 2.662200
444.999969 255.000000 35.000000 0.215400
65.000000 65.000000 165.000000 0.134500
160.000000 350.000000 55.000000 0.009200
255.000000 350.000000 185.000000 3.324400
444.999969 350.000000 95.000000 0.242300
65.000000 444.999969 25.000000 0.797600
160.000000 65.000000 155.000000 0.869600
444.999969 255.000000 25.000000 0.200900
444.999969 65.000000 155.000000 0.495600
444.999969 65.000000 195.000000 0.586600
160.000000 255.000000 45.000000 2.128600
444.999969 350.000000 165.000000 0.885600
255.000000 444.999969 155.000000 2.876000
444.999969 160.000000 115.000000 7.497400
160.000000 65.000000 55.000000 0.138200
255.000000 255.000000 15.000001 2.405400
65.000000 444.999969 225.000000 0.532300
444.999969 350.000000 15.000001 1.166000
65.000000 255.000000 135.000000 0.499900
350.000000 255.000000 65.000000 0.641800
350.000000 444.999969 234.999985 0.440200
65.000000 65.000000 95.000000 1.317700
160.000000 444.999969 234.999985 3.211000
255.000000 65.000000 155.000000 0.468800
255.000000 65.000000 25.000000 0.821700
350.000000 65.000000 104.999992 0.383200
444.999969 160.000000 155.000000 0.632400
160.000000 255.000000 245.000000 0.745600
65.000000 160.000000 115.000000 5.635300
444.999969 160.000000 104.999992 14.365900
444.999969 255.000000 215.000015 0.787400
350.000000 444.999969 75.000000 0.234000
444.999969 255.000000 104.999992 1.062900
255.000000 65.000000 185.000000 0.235800
444.999969 444.999969 115.000000 0.514100
65.000000 350.000000 35.000000 2.644700
444.999969 350.000000 215.000015 0.032900
444.999969 65.000000 75.000000 0.403500
350.000000 65.000000 15.000001 0.463000
350.000000 65.000000 185.000000 0.455700
65.000000 255.000000 195.000000 0.457700
255.000000 444.999969 165.000000 1.755500
255.000000 255.000000 205.000000 0.955600
444.999969 255.000000 155.000000 0.159600
444.999969 160.000000 95.000000 22.217800
65.000000 350.000000 104.999992 0.521600
350.000000 444.999969 65.000000 0.279000
255.000000 255.000000 55.000000 5.788600
350.000000 65.000000 85.000000 0.217900
65.000000 160.000000 175.000000 0.310900
444.999969 444.999969 215.000015 0.318500
255.000000 65.000000 135.000000 1.259000
350.000000 444.999969 45.000000 0.325000
65.000000 160.000000 145.000000 0.600200
160.000000 350.000000 95.000000 0.011800
255.000000 444.999969 45.000000 1.417100
444.999969 65.000000 225.000000 1.233200
255.000000 160.000000 155.000000 1.106900
350.000000 255.000000 234.999985 0.613700
160.000000 65.000000 205.000000 0.282100
255.000000 350.000000 195.000000 2.934900
255.000000 444.999969 205.000000 0.088600
65.000000 444.999969 15.000001 0.787500
160.000000 350.000000 165.000000 0.408700
350.000000 65.000000 65.000000 0.206600
444.999969 444.999969 85.000000 0.142800
255.000000 444.999969 55.000000 0.735800
444.999969 350.000000 205.000000 0.025600
350.000000 255.000000 35.000000 0.311300
65.000000 65.000000 45.000000 0.477800
350.000000 444.999969 104.999992 0.142800
444.999969 255.000000 75.000000 0.759200
444.999969 65.000000 115.000000 1.759600
65.000000 444.999969 165.000000 4.129700
255.000000 65.000000 225.000000 0.663600
444.999969 350.000000 225.000000 0.083400
65.000000 255.000000 35.000000 0.625400
160.000000 255.000000 234.999985 0.849700
160.000000 255.000000 205.000000 0.597800
444.999969 444.999969 145.000000 0.742000
255.000000 65.000000 145.000000 0.515100
255.000000 65.000000 45.000000 0.667700
65.000000 350.000000 234.999985 2.511900
255.000000 350.000000 15.000001 3.302900
160.000000 160.000000 35.000000 0.111500
160.000000 160.000000 234.999985 0.281200
444.999969 65.000000 65.000000 0.098700
255.000000 255.000000 115.000000 0.660000
350.000000 160.000000 104.999992 0.425200
65.000000 350.000000 65.000000 0.407800
160.000000 350.000000 15.000001 0.024500
350.000000 160.000000 15.000001 0.579700
350.000000 350.000000 234.999985 0.191800
444.999969 255.000000 135.000000 0.239600
160.000000 255.000000 25.000000 1.566500
255.000000 444.999969 25.000000 2.248700
65.000000 255.000000 104.999992 0.217800
255.000000 444.999969 225.000000 0.063800
160.000000 255.000000 145.000000 0.251000
65.000000 160.000000 75.000000 0.998900
350.000000 65.000000 75.000000 0.229500
350.000000 255.000000 245.000000 0.645300
160.000000 160.000000 15.000001 0.583100
160.000000 65.000000 35.000000 0.093100
255.000000 444.999969 175.000000 0.811100
160.000000 160.000000 45.000000 0.043000
160.000000 444.999969 45.000000 1.685600
255.000000 160.000000 55.000000 0.717100
444.999969 160.000000 145.000000 1.323200
160.000000 255.000000 15.000001 1.446200
160.000000 350.000000 185.000000 4.114300
255.000000 160.000000 25.000000 0.972800
255.000000 444.999969 75.000000 0.325100
444.999969 255.000000 145.000000 0.133400
255.000000 65.000000 215.000015 0.478500
350.000000 65.000000 245.000000 0.409800
444.999969 255.000000 45.000000 0.372600
255.000000 160.000000 185.000000 0.314100
160.000000 350.000000 125.000000 0.050800
444.999969 444.999969 75.000000 0.137000
444.999969 350.000000 104.999992 0.366500
160.000000 255.000000 135.000000 0.340200
444.999969 160.000000 225.000000 3.601700
65.000000 160.000000 65.000000 1.228500
350.000000 160.000000 55.000000 0.195700
160.000000 444.999969 175.000000 4.341200
444.999969 160.000000 15.000001 0.102900
444.999969 255.000000 165.000000 0.133600
65.000000 160.000000 215.000015 0.488600
255.000000 350.000000 175.000000 3.224500
255.000000 160.000000 195.000000 0.178200
444.999969 160.000000 234.999985 3.669300
65.000000 160.000000 205.000000 0.620000
160.000000 160.000000 195.000000 0.948700
350.000000 65.000000 145.000000 0.493900
65.000000 350.000000 125.000000 1.497400
65.000000 65.000000 15.000001 0.167800
65.000000 444.999969 104.999992 1.295700
160.000000 255.000000 115.000000 0.517700
444.999969 160.000000 185.000000 0.259000
350.000000 350.000000 25.000000 3.847500
350.000000 255.000000 195.000000 0.452500
160.000000 350.000000 175.000000 1.425100
444.999969 255.000000 95.000000 0.704400
255.000000 65.000000 85.000000 1.147500
160.000000 160.000000 65.000000 0.049700
255.000000 255.000000 245.000000 0.655200
160.000000 65.000000 215.000015 0.250900
350.000000 65.000000 135.000000 0.466000
444.999969 160.000000 195.000000 0.771200
444.999969 160.000000 25.000000 0.245800
350.000000 350.000000 215.000015 0.666000
444.999969 350.000000 85.000000 0.149900
160.000000 444.999969 165.000000 2.211400
160.000000 65.000000 75.000000 0.369100
160.000000 160.000000 104.999992 1.034400
444.999969 255.000000 65.000000 0.838700
160.000000 444.999969 215.000015 7.155900
255.000000 255.000000 125.000000 0.653800
255.000000 444.999969 104.999992 0.270100
350.000000 255.000000 135.000000 0.165300
444.999969 444.999969 245.000000 2.480500
444.999969 255.000000 185.000000 0.630400
65.000000 255.000000 15.000001 0.205200
65.000000 160.000000 225.000000 0.358100
65.000000 350.000000 215.000015 2.851900
444.999969 65.000000 45.000000 0.048900
444.999969 444.999969 225.000000 0.910100
160.000000 255.000000 215.000015 0.860200
444.999969 444.999969 205.000000 0.142400
255.000000 160.000000 145.000000 1.026700
65.000000 350.000000 135.000000 1.748900
444.999969 65.000000 175.000000 0.476100
255.000000 350.000000 234.999985 0.710500
160.000000 350.000000 195.000000 6.403500
255.000000 444.999969 234.999985 0.047000
255.000000 65.000000 234.999985 0.878000
255.000000 65.000000 205.000000 0.401000
255.000000 160.000000 45.000000 0.889200
160.000000 350.000000 155.000000 0.180100
350.000000 160.000000 205.000000 5.711400
350.000000 350.000000 245.000000 0.095100
255.000000 255.000000 135.000000 0.591400
350.000000 65.000000 175.000000 0.444600
255.000000 255.000000 85.000000 0.901900
160.000000 444.999969 85.000000 0.276800
160.000000 160.000000 165.000000 2.206500
255.000000 255.000000 145.000000 0.383000
255.000000 350.000000 35.000000 3.856200
350.000000 444.999969 145.000000 0.508500
444.999969 255.000000 15.000001 0.209500
65.000000 160.000000 155.000000 0.369900
444.999969 350.000000 135.000000 2.145500
444.999969 160.000000 45.000000 1.340700
255.000000 160.000000 175.000000 0.388200
160.000000 255.000000 185.000000 0.332800
255.000000 65.000000 125.000000 2.007100
444.999969 444.999969 135.000000 0.960000
160.000000 350.000000 45.000000 0.013500
444.999969 350.000000 45.000000 1.499100
255.000000 65.000000 195.000000 0.315800
160.000000 444.999969 135.000000 0.591700
255.000000 444.999969 195.000000 0.129900
65.000000 350.000000 205.000000 2.480600
444.999969 350.000000 65.000000 0.303800
255.000000 255.000000 75.000000 1.414200
65.000000 160.000000 35.000000 7.103700
65.000000 160.000000 234.999985 0.235000
350.000000 350.000000 55.000000 0.668800
160.000000 444.999969 115.000000 0.391400
444.999969 350.000000 25.000000 1.262700
350.000000 255.000000 25.000000 0.315300
65.000000 65.000000 225.000000 0.937700
255.000000 255.000000 225.000000 1.032000
65.000000 255.000000 175.000000 0.806300
255.000000 65.000000 55.000000 1.069700
65.000000 444.999969 175.000000 2.813200
65.000000 350.000000 195.000000 2.571900
65.000000 444.999969 145.000000 5.160400
255.000000 350.000000 25.000000 3.672900
160.000000 444.999969 125.000000 0.560000
160.000000 444.999969 145.000000 0.699000
65.000000 65.000000 35.000000 0.444000
65.000000 255.000000 145.000000 0.772000
255.000000 160.000000 205.000000 0.200000
65.000000 65.000000 205.000000 0.455200
65.000000 160.000000 25.000000 11.807600
160.000000 160.000000 55.000000 0.046900
65.000000 350.000000 45.000000 1.354400
65.000000 255.000000 65.000000 0.381100
444.999969 255.000000 125.000000 0.428400
444.999969 160.000000 55.000000 5.919100
255.000000 255.000000 165.000000 0.346500
444.999969 350.000000 234.999985 0.242600
160.000000 350.000000 145.000000 0.073600
444.999969 255.000000 234.999985 0.403800
65.000000 65.000000 145.000000 0.724600
160.000000 255.000000 125.000000 0.358300
350.000000 65.000000 165.000000 0.838500
160.000000 255.000000 195.000000 0.499200
350.000000 65.000000 35.000000 0.282500
444.999969 255.000000 55.000000 0.533800
350.000000 350.000000 125.000000 0.246700
65.000000 160.000000 195.000000 0.701600
65.000000 65.000000 195.000000 0.353400
255.000000 444.999969 245.000000 0.057400
444.999969 255.000000 85.000000 0.627200
160.000000 444.999969 25.000000 1.281000
350.000000 255.000000 175.000000 0.222800
350.000000 65.000000 215.000015 0.251400
255.000000 160.000000 15.000001 1.035900
160.000000 255.000000 104.999992 0.578100
160.000000 350.000000 245.000000 0.231300
160.000000 444.999969 104.999992 0.456000
255.000000 350.000000 75.000000 0.420900
65.000000 255.000000 95.000000 0.195000
160.000000 65.000000 135.000000 0.650200
350.000000 350.000000 145.000000 0.430800
160.000000 65.000000 85.000000 0.342500
255.000000 350.000000 65.000000 0.764400
255.000000 444.999969 135.000000 1.500600
350.000000 350.000000 135.000000 0.260300
255.000000 350.000000 55.000000 1.430600
160.000000 65.000000 104.999992 0.470800
350.000000 160.000000 155.000000 4.171900
160.000000 65.000000 195.000000 0.246500
65.000000 65.000000 185.000000 0.146500
160.000000 350.000000 35.000000 0.025500
350.000000 65.000000 225.000000 0.246700
65.000000 350.000000 15.000001 2.056300
255.000000 160.000000 115.000000 0.791000
255.000000 255.000000 65.000000 3.073400
255.000000 350.000000 225.000000 1.290000
444.999969 444.999969 234.999985 2.024400
255.000000 65.000000 104.999992 1.822900
350.000000 255.000000 215.000015 0.557600
160.000000 444.999969 75.000000 0.369400
65.000000 350.000000 225.000000 2.468900
350.000000 444.999969 55.000000 0.277200
160.000000 160.000000 155.000000 5.889400
350.000000 444.999969 175.000000 0.169500
65.000000 65.000000 135.000000 1.527600
65.000000 255.000000 125.000000 0.423000
350.000000 444.999969 125.000000 0.133600
255.000000 350.000000 245.000000 0.532900
350.000000 160.000000 25.000000 0.269000
444.999969 160.000000 35.000000 0.397700
255.000000 65.000000 95.000000 1.404000
350.000000 255.000000 85.000000 0.750900
65.000000 350.000000 25.000000 3.156600
444.999969 350.000000 75.000000 0.165800
65.000000 65.000000 115.000000 2.697800
255.000000 255.000000 185.000000 0.592600
444.999969 350.000000 185.000000 0.067600
65.000000 65.000000 125.000000 2.548400
160.000000 444.999969 195.000000 8.303100
350.000000 160.000000 125.000000 0.833900
350.000000 350.000000 205.000000 1.649800
255.000000 255.000000 234.999985 0.920900
160.000000 350.000000 104.999992 0.015800
350.000000 444.999969 165.000000 0.411100
444.999969 350.000000 175.000000 0.266900
255.000000 255.000000 104.999992 0.781300
350.000000 160.000000 195.000000 3.127600
350.000000 160.000000 115.000000 0.566000
160.000000 65.000000 175.000000 0.433000
444.999969 350.000000 125.000000 1.023000
444.999969 444.999969 195.000000 0.098200
65.000000 255.000000 185.000000 0.612600
160.000000 255.000000 155.000000 0.250000
350.000000 444.999969 215.000015 0.088500
350.000000 65.000000 45.000000 0.289400
444.999969 444.999969 35.000000 0.297500
160.000000 350.000000 75.000000 0.009000
255.000000 444.999969 215.000015 0.063300
160.000000 444.999969 15.000001 0.805600
255.000000 350.000000 125.000000 0.132200
444.999969 350.000000 155.000000 1.475200
350.000000 255.000000 145.000000 0.097100
350.000000 160.000000 225.000000 7.802000
160.000000 65.000000 65.000000 0.205100
160.000000 65.000000 25.000000 0.144300
160.000000 65.000000 45.000000 0.071600
160.000000 65.000000 115.000000 0.501100
160.000000 350.000000 205.000000 6.317100
444.999969 65.000000 25.000000 0.057000
160.000000 350.000000 65.000000 0.007900
160.000000 444.999969 185.000000 5.750600
160.000000 65.000000 225.000000 0.244000
65.000000 255.000000 215.000015 0.254500
350.000000 160.000000 135.000000 1.690000
444.999969 444.999969 175.000000 0.097000
160.000000 444.999969 65.000000 0.410200
65.000000 160.000000 45.000000 4.438100
444.999969 350.000000 55.000000 0.599800
444.999969 255.000000 245.000000 0.230000
65.000000 350.000000 165.000000 2.683300
444.999969 65.000000 125.000000 1.262000
65.000000 65.000000 65.000000 0.608700
255.000000 444.999969 35.000000 1.536100
160.000000 65.000000 185.000000 0.300200
350.000000 255.000000 125.000000 0.265100
444.999969 65.000000 85.000000 0.679500
160.000000 160.000000 135.000000 8.950400
160.000000 160.000000 175.000000 1.516100
65.000000 65.000000 155.000000 0.266300
160.000000 444.999969 245.000000 2.342200
160.000000 160.000000 85.000000 0.159700
65.000000 255.000000 234.999985 0.210500
65.000000 65.000000 25.000000 0.424400
444.999969 350.000000 245.000000 0.798400
160.000000 255.000000 225.000000 1.215100
444.999969 255.000000 195.000000 0.878100
255.000000 160.000000 35.000000 0.767800
350.000000 255.000000 155.000000 0.071200
444.999969 444.999969 55.000000 0.200200
350.000000 160.000000 185.000000 4.759100
255.000000 65.000000 15.000001 0.933700
444.999969 444.999969 104.999992 0.344300
444.999969 160.000000 165.000000 0.250100
350.000000 350.000000 155.000000 0.622400
255.000000 160.000000 75.000000 0.893600
350.000000 350.000000 35.000000 1.105500
350.000000 65.000000 195.000000 0.392200
160.000000 255.000000 55.000000 2.873000
255.000000 65.000000 65.000000 1.070900
160.000000 350.000000 25.000000 0.031000
350.000000 65.000000 205.000000 0.274700
444.999969 65.000000 145.000000 0.480800
65.000000 350.000000 115.000000 0.972400
350.000000 444.999969 25.000000 0.296500
444.999969 444.999969 65.000000 0.136000
350.000000 350.000000 45.000000 0.742300
65.000000 65.000000 85.000000 0.937000
160.000000 350.000000 234.999985 0.766100
350.000000 160.000000 175.000000 3.466900
65.000000 350.000000 85.000000 0.293900
444.999969 350.000000 115.000000 0.663300
255.000000 160.000000 85.000000 0.780600
350.000000 255.000000 75.000000 0.734100
255.000000 160.000000 125.000000 0.849100
65.000000 65.000000 175.000000 0.079000
255.000000 350.000000 135.000000 0.161700
65.000000 350.000000 95.000000 0.397300
255.000000 65.000000 245.000000 1.341700
160.000000 65.000000 95.000000 0.415900
160.000000 255.000000 65.000000 2.771500
350.000000 255.000000 205.000000 0.506800
255.000000 255.000000 95.000000 0.795900
444.999969 444.999969 165.000000 0.193200
350.000000 255.000000 55.000000 0.549500
65.000000 350.000000 245.000000 2.374400
160.000000 160.000000 115.000000 3.636100
350.000000 255.000000 225.000000 0.538200
350.000000 444.999969 135.000000 0.296700
444.999969 160.000000 215.000015 3.466600
65.000000 444.999969 115.000000 3.020700
350.000000 65.000000 95.000000 0.313300
65.000000 444.999969 155.000000 5.431600
350.000000 65.000000 234.999985 0.346900
350.000000 444.999969 85.000000 0.175900
350.000000 444.999969 185.000000 0.095900
350.000000 160.000000 245.000000 2.267300
65.000000 160.000000 245.000000 0.181100
444.999969 65.000000 234.999985 1.621800
350.000000 65.000000 25.000000 0.290300
350.000000 350.000000 15.000001 5.646700
160.000000 350.000000 225.000000 1.474000
255.000000 255.000000 155.000000 0.319000
444.999969 350.000000 145.000000 2.208800
255.000000 65.000000 35.000000 0.735100
160.000000 444.999969 95.000000 0.407300
255.000000 444.999969 145.000000 2.843900
160.000000 444.999969 35.000000 1.341100
255.000000 350.000000 45.000000 3.066400
255.000000 160.000000 225.000000 0.348800
350.000000 255.000000 165.000000 0.116100
65.000000 350.000000 145.000000 2.385300
350.000000 350.000000 185.000000 2.733200
350.000000 350.000000 75.000000 0.536100
350.000000 160.000000 75.000000 0.182000
350.000000 65.000000 125.000000 0.472900
65.000000 160.000000 15.000001 9.512800
444.999969 65.000000 215.000015 0.904000
