pygeostat_saved_data
4
X
Y
Z
value
444.999969 65.000000 65.000000 0.257000
65.000000 160.000000 155.000000 0.701700
444.999969 255.000000 45.000000 0.573100
160.000000 255.000000 35.000000 1.597900
255.000000 255.000000 215.000015 1.833500
65.000000 350.000000 245.000000 1.162400
350.000000 160.000000 95.000000 0.276500
160.000000 255.000000 215.000015 0.904700
255.000000 160.000000 175.000000 0.320900
65.000000 350.000000 225.000000 1.465900
255.000000 65.000000 85.000000 0.720800
350.000000 444.999969 155.000000 1.468800
65.000000 255.000000 195.000000 0.298200
444.999969 350.000000 245.000000 0.836600
160.000000 160.000000 35.000000 0.235800
350.000000 255.000000 65.000000 0.789200
255.000000 350.000000 25.000000 4.329400
350.000000 160.000000 145.000000 0.799100
255.000000 65.000000 135.000000 1.214400
255.000000 444.999969 175.000000 0.635100
444.999969 255.000000 135.000000 0.188000
444.999969 255.000000 25.000000 0.400500
444.999969 350.000000 25.000000 1.091100
65.000000 160.000000 95.000000 7.145400
65.000000 255.000000 135.000000 0.955200
160.000000 160.000000 95.000000 2.388500
350.000000 444.999969 115.000000 0.184800
160.000000 160.000000 234.999985 0.247500
350.000000 255.000000 85.000000 0.522300
65.000000 255.000000 185.000000 0.367800
255.000000 255.000000 205.000000 2.202700
160.000000 350.000000 135.000000 0.086600
160.000000 444.999969 205.000000 1.967000
160.000000 255.000000 155.000000 0.393000
255.000000 350.000000 145.000000 0.379100
160.000000 444.999969 155.000000 0.403200
160.000000 65.000000 85.000000 0.562400
65.000000 65.000000 35.000000 0.427800
65.000000 160.000000 75.000000 0.778400
65.000000 255.000000 85.000000 1.080600
350.000000 444.999969 205.000000 0.055400
444.999969 65.000000 15.000001 0.057800
65.000000 444.999969 215.000015 1.353400
255.000000 255.000000 135.000000 0.428500
255.000000 160.000000 55.000000 0.490800
255.000000 255.000000 165.000000 0.368400
350.000000 350.000000 234.999985 0.196600
65.000000 350.000000 35.000000 1.838700
160.000000 160.000000 165.000000 0.756500
350.000000 350.000000 195.000000 0.959700
255.000000 160.000000 25.000000 1.128800
444.999969 255.000000 75.000000 0.780600
444.999969 350.000000 95.000000 0.324800
160.000000 160.000000 145.000000 7.918500
350.000000 444.999969 15.000001 0.807000
160.000000 444.999969 95.000000 0.147600
350.000000 65.000000 145.000000 0.323500
160.000000 444.999969 145.000000 0.242200
65.000000 350.000000 115.000000 0.781400
160.000000 444.999969 225.000000 1.068600
65.000000 444.999969 135.000000 1.547600
65.000000 65.000000 185.000000 0.265600
160.000000 65.000000 95.000000 1.163800
350.000000 444.999969 175.000000 0.305300
255.000000 65.000000 65.000000 0.600900
350.000000 444.999969 135.000000 0.484000
350.000000 255.000000 195.000000 1.072600
160.000000 160.000000 205.000000 0.394700
350.000000 160.000000 215.000015 17.415001
255.000000 350.000000 185.000000 6.609100
255.000000 444.999969 75.000000 0.325700
350.000000 65.000000 135.000000 0.324400
160.000000 160.000000 45.000000 0.088400
65.000000 160.000000 245.000000 0.182300
350.000000 255.000000 95.000000 0.331600
444.999969 444.999969 75.000000 0.156400
160.000000 350.000000 55.000000 0.050900
255.000000 65.000000 155.000000 0.319000
444.999969 350.000000 55.000000 0.482800
350.000000 160.000000 35.000000 0.317000
350.000000 255.000000 75.000000 0.688400
65.000000 255.000000 15.000001 0.301500
255.000000 160.000000 145.000000 1.103600
444.999969 160.000000 155.000000 0.323000
444.999969 160.000000 195.000000 1.616800
444.999969 255.000000 145.000000 0.100100
350.000000 255.000000 225.000000 0.944800
350.000000 444.999969 215.000015 0.079000
444.999969 444.999969 234.999985 1.932100
444.999969 65.000000 185.000000 0.574000
255.000000 160.000000 195.000000 0.158400
444.999969 255.000000 195.000000 0.564600
65.000000 444.999969 55.000000 1.627600
255.000000 65.000000 125.000000 2.189700
65.000000 65.000000 75.000000 0.869300
160.000000 444.999969 35.000000 1.355700
255.000000 160.000000 45.000000 0.638300
65.000000 160.000000 15.000001 1.348900
255.000000 444.999969 215.000015 0.177400
350.000000 160.000000 15.000001 0.264800
255.000000 350.000000 165.000000 1.631500
160.000000 65.000000 25.000000 0.172000
65.000000 160.000000 195.000000 0.616600
444.999969 444.999969 135.000000 0.850900
350.000000 350.000000 85.000000 0.257300
65.000000 160.000000 175.000000 0.368500
255.000000 444.999969 115.000000 0.186800
255.000000 160.000000 245.000000 1.004700
444.999969 65.000000 145.000000 0.368500
65.000000 160.000000 165.000000 0.549400
160.000000 350.000000 195.000000 14.646000
444.999969 65.000000 25.000000 0.044300
444.999969 160.000000 95.000000 7.971600
65.000000 255.000000 245.000000 0.170600
444.999969 350.000000 85.000000 0.236300
350.000000 444.999969 234.999985 0.402100
65.000000 255.000000 35.000000 0.889100
255.000000 160.000000 104.999992 0.921100
444.999969 65.000000 115.000000 1.276000
255.000000 350.000000 65.000000 0.847000
350.000000 160.000000 65.000000 0.554100
350.000000 160.000000 85.000000 0.433100
255.000000 444.999969 165.000000 0.875400
350.000000 160.000000 125.000000 0.277900
444.999969 444.999969 25.000000 0.300400
444.999969 350.000000 45.000000 1.063300
65.000000 65.000000 195.000000 0.640300
444.999969 160.000000 234.999985 4.715300
444.999969 350.000000 165.000000 1.708700
65.000000 350.000000 175.000000 2.349900
350.000000 255.000000 145.000000 0.067900
444.999969 444.999969 175.000000 0.105800
350.000000 65.000000 104.999992 0.230300
160.000000 255.000000 175.000000 0.336900
255.000000 444.999969 65.000000 0.600400
350.000000 65.000000 55.000000 0.242200
65.000000 65.000000 15.000001 0.144300
65.000000 255.000000 115.000000 1.274900
255.000000 255.000000 115.000000 0.536700
350.000000 350.000000 45.000000 1.083500
350.000000 444.999969 125.000000 0.183000
65.000000 350.000000 165.000000 2.443900
444.999969 160.000000 55.000000 2.513800
65.000000 255.000000 165.000000 0.960500
444.999969 160.000000 15.000001 0.112600
444.999969 65.000000 95.000000 1.250200
350.000000 444.999969 145.000000 1.121500
350.000000 160.000000 55.000000 0.414700
255.000000 160.000000 75.000000 0.465200
160.000000 255.000000 104.999992 0.937200
160.000000 350.000000 125.000000 0.092900
65.000000 160.000000 85.000000 2.261400
160.000000 255.000000 225.000000 1.021000
444.999969 65.000000 75.000000 0.845800
65.000000 444.999969 165.000000 3.431200
160.000000 350.000000 155.000000 0.283300
160.000000 65.000000 165.000000 0.575400
444.999969 255.000000 205.000000 0.572300
65.000000 444.999969 95.000000 0.661800
65.000000 444.999969 155.000000 3.103100
444.999969 350.000000 185.000000 0.170500
65.000000 350.000000 85.000000 0.336300
255.000000 65.000000 145.000000 0.423700
444.999969 444.999969 125.000000 0.452300
350.000000 255.000000 215.000015 1.202400
65.000000 350.000000 25.000000 1.988000
350.000000 350.000000 245.000000 0.170000
444.999969 65.000000 205.000000 1.078900
350.000000 350.000000 104.999992 0.159400
255.000000 350.000000 245.000000 0.320900
160.000000 65.000000 245.000000 0.305900
255.000000 444.999969 195.000000 0.247100
444.999969 255.000000 15.000001 0.372500
65.000000 160.000000 35.000000 1.293700
160.000000 65.000000 115.000000 2.614100
65.000000 65.000000 145.000000 0.635500
255.000000 255.000000 55.000000 6.147400
255.000000 444.999969 104.999992 0.142000
350.000000 350.000000 65.000000 0.745600
160.000000 65.000000 65.000000 0.203900
255.000000 255.000000 185.000000 1.001400
255.000000 255.000000 45.000000 4.715100
350.000000 255.000000 185.000000 0.665100
255.000000 65.000000 75.000000 0.455000
350.000000 65.000000 155.000000 0.470900
65.000000 444.999969 125.000000 2.129300
255.000000 444.999969 55.000000 1.068700
350.000000 350.000000 155.000000 0.682700
444.999969 350.000000 135.000000 2.009500
444.999969 65.000000 125.000000 0.838500
444.999969 444.999969 165.000000 0.276500
444.999969 255.000000 155.000000 0.111600
350.000000 350.000000 15.000001 9.710400
160.000000 350.000000 185.000000 8.999000
160.000000 160.000000 55.000000 0.098100
65.000000 255.000000 234.999985 0.193300
350.000000 160.000000 205.000000 12.441600
444.999969 160.000000 185.000000 0.490300
160.000000 255.000000 115.000000 1.141500
65.000000 350.000000 45.000000 0.979400
65.000000 65.000000 25.000000 0.394300
444.999969 160.000000 225.000000 5.807600
160.000000 255.000000 185.000000 0.469200
255.000000 350.000000 45.000000 3.643700
65.000000 255.000000 205.000000 0.229300
255.000000 65.000000 234.999985 0.385000
255.000000 160.000000 65.000000 0.477500
255.000000 65.000000 115.000000 1.859100
444.999969 350.000000 175.000000 0.609800
255.000000 160.000000 115.000000 1.311500
160.000000 350.000000 104.999992 0.038900
255.000000 160.000000 225.000000 0.619700
350.000000 65.000000 215.000015 1.042000
255.000000 255.000000 245.000000 0.825500
65.000000 255.000000 225.000000 0.186300
255.000000 65.000000 15.000001 2.321000
65.000000 65.000000 225.000000 1.040400
444.999969 255.000000 245.000000 0.253600
350.000000 350.000000 145.000000 0.495300
255.000000 160.000000 234.999985 1.288200
160.000000 160.000000 155.000000 2.515000
255.000000 444.999969 125.000000 0.268800
65.000000 65.000000 245.000000 0.413100
160.000000 350.000000 65.000000 0.031500
160.000000 255.000000 65.000000 0.787200
160.000000 65.000000 234.999985 0.343300
255.000000 255.000000 85.000000 1.136500
65.000000 65.000000 95.000000 1.729900
350.000000 444.999969 55.000000 0.456800
350.000000 350.000000 35.000000 1.867200
255.000000 65.000000 215.000015 0.160100
160.000000 350.000000 205.000000 13.721200
255.000000 160.000000 125.000000 1.115000
255.000000 255.000000 195.000000 1.615600
65.000000 255.000000 75.000000 1.187100
160.000000 444.999969 165.000000 0.657600
255.000000 444.999969 135.000000 0.454100
350.000000 255.000000 155.000000 0.053100
255.000000 65.000000 225.000000 0.252100
350.000000 350.000000 225.000000 0.331600
255.000000 444.999969 234.999985 0.079700
444.999969 160.000000 104.999992 5.575000
65.000000 255.000000 175.000000 0.472900
444.999969 255.000000 225.000000 0.395500
444.999969 65.000000 165.000000 0.375800
65.000000 65.000000 55.000000 0.305300
255.000000 160.000000 155.000000 1.079100
444.999969 65.000000 225.000000 1.522000
350.000000 160.000000 165.000000 1.078300
160.000000 65.000000 45.000000 0.099700
444.999969 444.999969 65.000000 0.154000
65.000000 444.999969 205.000000 2.438200
65.000000 160.000000 115.000000 20.733299
65.000000 65.000000 104.999992 2.317700
65.000000 65.000000 165.000000 0.174700
350.000000 255.000000 135.000000 0.111600
444.999969 444.999969 225.000000 0.567000
65.000000 160.000000 234.999985 0.252700
444.999969 160.000000 65.000000 5.312500
255.000000 350.000000 75.000000 0.460400
255.000000 160.000000 185.000000 0.275000
160.000000 65.000000 125.000000 3.304300
444.999969 444.999969 55.000000 0.217500
350.000000 350.000000 55.000000 0.860000
160.000000 160.000000 215.000015 0.409700
65.000000 160.000000 225.000000 0.388800
160.000000 350.000000 15.000001 0.111700
255.000000 350.000000 35.000000 4.675400
350.000000 444.999969 45.000000 0.600600
255.000000 65.000000 185.000000 0.084100
444.999969 160.000000 45.000000 0.730000
160.000000 160.000000 25.000000 0.650700
444.999969 65.000000 245.000000 0.872800
255.000000 350.000000 234.999985 0.684200
444.999969 255.000000 85.000000 0.553200
350.000000 444.999969 165.000000 0.962500
444.999969 160.000000 25.000000 0.228200
65.000000 350.000000 215.000015 2.128500
160.000000 444.999969 15.000001 0.991100
160.000000 255.000000 75.000000 0.901900
444.999969 444.999969 195.000000 0.059500
350.000000 65.000000 75.000000 0.214800
444.999969 444.999969 245.000000 3.783700
65.000000 160.000000 65.000000 0.649400
350.000000 65.000000 115.000000 0.299800
255.000000 444.999969 85.000000 0.189900
255.000000 444.999969 35.000000 2.523500
160.000000 160.000000 125.000000 12.290000
444.999969 160.000000 215.000015 6.855100
444.999969 255.000000 35.000000 0.390900
255.000000 350.000000 195.000000 8.342900
65.000000 350.000000 95.000000 0.435000
160.000000 160.000000 15.000001 1.115100
444.999969 65.000000 104.999992 1.530100
160.000000 255.000000 245.000000 0.436000
350.000000 65.000000 225.000000 0.832000
350.000000 160.000000 75.000000 0.535600
160.000000 350.000000 75.000000 0.028700
255.000000 350.000000 104.999992 0.210700
350.000000 160.000000 234.999985 9.481500
255.000000 444.999969 145.000000 0.965500
444.999969 444.999969 95.000000 0.116500
444.999969 65.000000 55.000000 0.245600
255.000000 160.000000 35.000000 0.741800
350.000000 444.999969 245.000000 0.733500
350.000000 160.000000 115.000000 0.284900
444.999969 350.000000 145.000000 2.746800
65.000000 65.000000 115.000000 2.896900
160.000000 65.000000 215.000015 0.543000
65.000000 444.999969 35.000000 2.833900
65.000000 65.000000 175.000000 0.132800
444.999969 160.000000 135.000000 0.968100
255.000000 255.000000 25.000000 3.542800
160.000000 444.999969 175.000000 1.292900
350.000000 160.000000 155.000000 0.835300
444.999969 350.000000 234.999985 0.298500
255.000000 255.000000 225.000000 2.249500
255.000000 160.000000 95.000000 0.441600
350.000000 444.999969 25.000000 0.755100
65.000000 65.000000 155.000000 0.276800
160.000000 350.000000 45.000000 0.097300
350.000000 444.999969 95.000000 0.137700
160.000000 65.000000 75.000000 0.425000
444.999969 255.000000 95.000000 0.584000
350.000000 255.000000 175.000000 0.283000
160.000000 350.000000 145.000000 0.112000
160.000000 160.000000 75.000000 0.347600
255.000000 444.999969 95.000000 0.163800
65.000000 65.000000 215.000015 0.873100
65.000000 444.999969 75.000000 0.511200
350.000000 255.000000 165.000000 0.116700
65.000000 255.000000 65.000000 1.003100
65.000000 160.000000 104.999992 14.360301
444.999969 444.999969 115.000000 0.305800
444.999969 255.000000 185.000000 0.351700
350.000000 350.000000 25.000000 7.308801
444.999969 65.000000 135.000000 0.522000
444.999969 350.000000 125.000000 0.893700
255.000000 350.000000 175.000000 4.203200
350.000000 160.000000 225.000000 20.411699
65.000000 444.999969 45.000000 2.439300
444.999969 444.999969 85.000000 0.141200
350.000000 350.000000 165.000000 1.711200
65.000000 444.999969 195.000000 3.884900
255.000000 65.000000 165.000000 0.122400
255.000000 255.000000 125.000000 0.456700
444.999969 160.000000 85.000000 10.442600
444.999969 350.000000 205.000000 0.061200
160.000000 444.999969 245.000000 0.423200
444.999969 444.999969 35.000000 0.311700
255.000000 160.000000 135.000000 1.389600
160.000000 65.000000 175.000000 0.568800
350.000000 255.000000 25.000000 0.848400
160.000000 255.000000 55.000000 0.899100
444.999969 255.000000 234.999985 0.357200
444.999969 255.000000 215.000015 0.547000
350.000000 65.000000 234.999985 0.861200
350.000000 255.000000 245.000000 0.732600
255.000000 350.000000 55.000000 1.651300
65.000000 255.000000 155.000000 0.892300
350.000000 65.000000 185.000000 0.692100
65.000000 65.000000 85.000000 1.060100
255.000000 350.000000 225.000000 2.000600
444.999969 444.999969 45.000000 0.196600
444.999969 160.000000 205.000000 3.533700
444.999969 350.000000 65.000000 0.320500
255.000000 65.000000 245.000000 0.616000
160.000000 350.000000 175.000000 2.515700
255.000000 350.000000 155.000000 0.775100
444.999969 350.000000 215.000015 0.072400
444.999969 255.000000 175.000000 0.185800
444.999969 160.000000 125.000000 1.746100
350.000000 255.000000 125.000000 0.196400
444.999969 350.000000 15.000001 1.305200
160.000000 160.000000 185.000000 0.384100
160.000000 160.000000 135.000000 9.643200
160.000000 444.999969 135.000000 0.226600
255.000000 255.000000 75.000000 1.704600
160.000000 160.000000 175.000000 0.436300
160.000000 350.000000 85.000000 0.019200
65.000000 255.000000 215.000015 0.209000
444.999969 350.000000 104.999992 0.390500
255.000000 65.000000 45.000000 0.672700
350.000000 65.000000 165.000000 0.664200
350.000000 65.000000 65.000000 0.208300
65.000000 255.000000 125.000000 1.538800
160.000000 65.000000 145.000000 1.667400
160.000000 160.000000 195.000000 0.274700
350.000000 65.000000 205.000000 0.998100
255.000000 65.000000 95.000000 1.097700
160.000000 255.000000 135.000000 0.734800
350.000000 160.000000 195.000000 4.250300
444.999969 65.000000 195.000000 0.800400
255.000000 65.000000 205.000000 0.131300
350.000000 255.000000 234.999985 0.824900
160.000000 350.000000 115.000000 0.078400
65.000000 255.000000 95.000000 1.293500
350.000000 65.000000 15.000001 0.259500
350.000000 350.000000 75.000000 0.452700
444.999969 160.000000 165.000000 0.217900
160.000000 160.000000 245.000000 0.196600
255.000000 444.999969 45.000000 2.376500
160.000000 255.000000 165.000000 0.287400
65.000000 160.000000 45.000000 1.095000
160.000000 350.000000 25.000000 0.198100
65.000000 444.999969 15.000001 2.117800
65.000000 350.000000 145.000000 1.804600
160.000000 444.999969 104.999992 0.154600
350.000000 350.000000 175.000000 1.735200
255.000000 350.000000 85.000000 0.344400
444.999969 255.000000 104.999992 0.811000
160.000000 255.000000 25.000000 1.352300
160.000000 444.999969 234.999985 0.622800
350.000000 255.000000 35.000000 0.668600
350.000000 65.000000 245.000000 0.610000
444.999969 65.000000 234.999985 1.722900
160.000000 255.000000 45.000000 1.084900
350.000000 350.000000 215.000015 0.312600
65.000000 444.999969 104.999992 0.804300
65.000000 444.999969 65.000000 0.847800
444.999969 444.999969 15.000001 0.226600
255.000000 255.000000 155.000000 0.265000
255.000000 65.000000 25.000000 1.617700
350.000000 350.000000 205.000000 0.659500
350.000000 65.000000 195.000000 0.967800
350.000000 444.999969 35.000000 0.816000
444.999969 65.000000 45.000000 0.094200
160.000000 444.999969 125.000000 0.236200
65.000000 350.000000 185.000000 2.754100
255.000000 444.999969 155.000000 1.121300
160.000000 65.000000 195.000000 0.503800
255.000000 444.999969 185.000000 0.353400
65.000000 65.000000 234.999985 0.532000
444.999969 444.999969 215.000015 0.160300
255.000000 350.000000 135.000000 0.124100
65.000000 444.999969 85.000000 0.531800
444.999969 160.000000 35.000000 0.278200
160.000000 160.000000 115.000000 13.703100
65.000000 350.000000 15.000001 0.902100
255.000000 444.999969 225.000000 0.148200
160.000000 350.000000 95.000000 0.031600
160.000000 350.000000 245.000000 0.289500
444.999969 255.000000 165.000000 0.089800
65.000000 444.999969 25.000000 2.672300
444.999969 350.000000 225.000000 0.142400
444.999969 255.000000 125.000000 0.312700
350.000000 65.000000 125.000000 0.303000
444.999969 444.999969 155.000000 0.939900
255.000000 255.000000 145.000000 0.280700
160.000000 160.000000 225.000000 0.392900
350.000000 350.000000 115.000000 0.162000
160.000000 444.999969 75.000000 0.175000
255.000000 255.000000 15.000001 2.560500
350.000000 444.999969 195.000000 0.068000
444.999969 65.000000 85.000000 1.028600
255.000000 444.999969 245.000000 0.064100
444.999969 65.000000 215.000015 1.279300
160.000000 444.999969 55.000000 0.584100
65.000000 160.000000 125.000000 14.195600
65.000000 444.999969 175.000000 3.528300
160.000000 255.000000 15.000001 1.033700
160.000000 444.999969 195.000000 2.905800
255.000000 160.000000 15.000001 1.364100
350.000000 350.000000 95.000000 0.202800
350.000000 65.000000 35.000000 0.235700
350.000000 444.999969 104.999992 0.166200
350.000000 65.000000 95.000000 0.193800
160.000000 444.999969 65.000000 0.264700
160.000000 160.000000 65.000000 0.112300
255.000000 65.000000 175.000000 0.112300
160.000000 65.000000 35.000000 0.132200
350.000000 255.000000 205.000000 1.378800
160.000000 65.000000 155.000000 1.108100
65.000000 65.000000 205.000000 0.737300
255.000000 255.000000 35.000000 5.105700
350.000000 255.000000 104.999992 0.319700
160.000000 350.000000 35.000000 0.187600
65.000000 444.999969 245.000000 0.449100
444.999969 255.000000 65.000000 0.915000
160.000000 444.999969 115.000000 0.147800
