pygeostat_saved_data
4
X
Y
Z
value
160.000000 350.000000 15.000001 0.084500
160.000000 350.000000 75.000000 0.174000
65.000000 65.000000 234.999985 0.432600
255.000000 255.000000 155.000000 0.584500
444.999969 444.999969 35.000000 0.540100
350.000000 65.000000 45.000000 0.343800
65.000000 255.000000 75.000000 0.071400
350.000000 160.000000 215.000015 0.739500
65.000000 444.999969 155.000000 1.544400
444.999969 65.000000 25.000000 0.065400
255.000000 65.000000 145.000000 0.293500
444.999969 65.000000 35.000000 0.040900
65.000000 350.000000 245.000000 1.791800
350.000000 350.000000 55.000000 0.371600
160.000000 350.000000 205.000000 2.887300
160.000000 255.000000 104.999992 0.275100
65.000000 350.000000 25.000000 3.155100
65.000000 65.000000 125.000000 0.739900
255.000000 444.999969 155.000000 1.755800
65.000000 65.000000 225.000000 0.827400
65.000000 350.000000 104.999992 1.209700
255.000000 255.000000 25.000000 2.008200
65.000000 444.999969 85.000000 0.381700
444.999969 350.000000 165.000000 0.128600
255.000000 350.000000 165.000000 0.445100
255.000000 160.000000 175.000000 0.223800
65.000000 65.000000 185.000000 0.233500
255.000000 160.000000 125.000000 0.240000
255.000000 444.999969 135.000000 0.837600
255.000000 160.000000 234.999985 1.667400
444.999969 350.000000 15.000001 0.227900
350.000000 255.000000 95.000000 0.752400
160.000000 444.999969 35.000000 1.538100
350.000000 255.000000 55.000000 1.139400
160.000000 65.000000 95.000000 0.144900
350.000000 160.000000 125.000000 1.032700
255.000000 255.000000 55.000000 0.687200
160.000000 255.000000 175.000000 0.370900
255.000000 160.000000 115.000000 0.229600
444.999969 160.000000 185.000000 0.529400
160.000000 255.000000 205.000000 0.816200
160.000000 160.000000 95.000000 0.195200
160.000000 160.000000 205.000000 1.266700
444.999969 444.999969 65.000000 0.222100
65.000000 444.999969 175.000000 0.464200
444.999969 444.999969 95.000000 0.430500
350.000000 350.000000 145.000000 0.033800
160.000000 255.000000 165.000000 0.277800
160.000000 350.000000 115.000000 0.171400
350.000000 255.000000 145.000000 0.263800
65.000000 350.000000 225.000000 3.674800
65.000000 255.000000 35.000000 0.390600
65.000000 160.000000 245.000000 0.161500
350.000000 255.000000 205.000000 0.493600
255.000000 255.000000 15.000001 1.705300
350.000000 160.000000 55.000000 0.077700
444.999969 350.000000 35.000000 0.338600
350.000000 65.000000 234.999985 0.237300
350.000000 160.000000 175.000000 3.106500
65.000000 255.000000 175.000000 1.880100
65.000000 160.000000 215.000015 0.547700
65.000000 160.000000 234.999985 0.267600
160.000000 65.000000 15.000001 0.595200
160.000000 160.000000 85.000000 0.061300
444.999969 255.000000 75.000000 0.256900
65.000000 255.000000 245.000000 0.189300
160.000000 350.000000 104.999992 0.099100
444.999969 160.000000 145.000000 0.463100
65.000000 160.000000 15.000001 3.005500
65.000000 65.000000 165.000000 0.166700
160.000000 160.000000 65.000000 0.025700
160.000000 444.999969 85.000000 0.805300
255.000000 65.000000 165.000000 0.231200
444.999969 444.999969 155.000000 0.596300
65.000000 350.000000 35.000000 2.296500
350.000000 444.999969 175.000000 0.035400
160.000000 255.000000 245.000000 0.656600
350.000000 255.000000 195.000000 0.505800
444.999969 65.000000 195.000000 1.167200
444.999969 444.999969 55.000000 0.345200
350.000000 350.000000 65.000000 0.386700
160.000000 160.000000 75.000000 0.056600
350.000000 350.000000 165.000000 0.062200
255.000000 160.000000 25.000000 1.096800
444.999969 444.999969 225.000000 1.641500
350.000000 65.000000 165.000000 0.172400
350.000000 65.000000 15.000001 0.238200
444.999969 255.000000 175.000000 0.409500
65.000000 160.000000 85.000000 0.736300
160.000000 160.000000 25.000000 0.076500
65.000000 255.000000 104.999992 0.055700
160.000000 160.000000 234.999985 0.119700
444.999969 350.000000 65.000000 0.234100
65.000000 65.000000 35.000000 0.225500
160.000000 65.000000 195.000000 0.387800
255.000000 65.000000 25.000000 0.179100
160.000000 65.000000 45.000000 0.075300
444.999969 255.000000 135.000000 0.221100
255.000000 160.000000 95.000000 0.205900
65.000000 65.000000 175.000000 0.111000
255.000000 444.999969 55.000000 0.674600
65.000000 65.000000 104.999992 0.451000
65.000000 255.000000 185.000000 1.625800
65.000000 65.000000 55.000000 0.147300
255.000000 255.000000 85.000000 0.056000
65.000000 255.000000 195.000000 1.191000
255.000000 65.000000 35.000000 0.239100
255.000000 350.000000 65.000000 0.810000
160.000000 444.999969 45.000000 2.726100
160.000000 255.000000 125.000000 0.229900
65.000000 65.000000 135.000000 0.720200
350.000000 65.000000 205.000000 0.044300
350.000000 444.999969 205.000000 0.034000
160.000000 160.000000 155.000000 4.420700
160.000000 444.999969 65.000000 1.124400
444.999969 444.999969 115.000000 1.286600
255.000000 65.000000 234.999985 3.581500
160.000000 350.000000 145.000000 0.152300
255.000000 65.000000 215.000015 2.002200
350.000000 444.999969 115.000000 0.079700
255.000000 160.000000 195.000000 0.270200
350.000000 255.000000 165.000000 0.435600
65.000000 65.000000 25.000000 0.310700
65.000000 350.000000 15.000001 2.509700
65.000000 160.000000 185.000000 0.453200
444.999969 255.000000 65.000000 0.317600
65.000000 160.000000 155.000000 0.198200
444.999969 255.000000 205.000000 0.651500
350.000000 65.000000 65.000000 0.297100
160.000000 65.000000 185.000000 0.587400
255.000000 350.000000 25.000000 1.330900
65.000000 444.999969 45.000000 0.362100
65.000000 255.000000 165.000000 2.449800
160.000000 444.999969 195.000000 4.594200
444.999969 160.000000 115.000000 1.975800
350.000000 444.999969 215.000015 0.064900
255.000000 255.000000 135.000000 0.422400
160.000000 255.000000 45.000000 1.005400
350.000000 444.999969 195.000000 0.031600
444.999969 350.000000 145.000000 0.468300
255.000000 444.999969 175.000000 0.652900
65.000000 444.999969 234.999985 0.086900
255.000000 444.999969 215.000015 0.159800
350.000000 160.000000 195.000000 0.858900
444.999969 350.000000 95.000000 0.318700
255.000000 255.000000 165.000000 0.668800
160.000000 65.000000 135.000000 0.289500
255.000000 160.000000 104.999992 0.227200
255.000000 350.000000 125.000000 0.050500
444.999969 65.000000 245.000000 3.499300
160.000000 350.000000 65.000000 0.175000
444.999969 444.999969 85.000000 0.326800
65.000000 255.000000 145.000000 1.277900
444.999969 255.000000 85.000000 0.224500
160.000000 65.000000 55.000000 0.129200
160.000000 350.000000 245.000000 0.445900
65.000000 160.000000 104.999992 0.779600
350.000000 350.000000 104.999992 0.320100
444.999969 350.000000 75.000000 0.180200
65.000000 444.999969 215.000015 0.116500
444.999969 350.000000 245.000000 2.554400
444.999969 444.999969 234.999985 1.413500
255.000000 444.999969 145.000000 1.660500
160.000000 350.000000 35.000000 0.212500
160.000000 444.999969 25.000000 1.001700
444.999969 160.000000 135.000000 0.689200
255.000000 444.999969 165.000000 1.215500
444.999969 160.000000 225.000000 5.901200
160.000000 160.000000 225.000000 0.307400
160.000000 444.999969 15.000001 0.472200
255.000000 350.000000 175.000000 0.798000
160.000000 65.000000 65.000000 0.161100
255.000000 65.000000 15.000001 0.150100
160.000000 444.999969 165.000000 5.430100
350.000000 160.000000 45.000000 0.163500
255.000000 255.000000 35.000000 1.716800
350.000000 65.000000 35.000000 0.275700
444.999969 444.999969 45.000000 0.350800
160.000000 255.000000 85.000000 1.665800
350.000000 65.000000 95.000000 0.522800
444.999969 65.000000 115.000000 1.362000
65.000000 160.000000 145.000000 0.212100
350.000000 255.000000 15.000001 0.214800
444.999969 65.000000 65.000000 0.052200
160.000000 350.000000 55.000000 0.183800
444.999969 255.000000 125.000000 0.316200
160.000000 160.000000 104.999992 0.358300
255.000000 444.999969 35.000000 0.973500
350.000000 160.000000 205.000000 0.844700
160.000000 255.000000 145.000000 0.255400
255.000000 255.000000 234.999985 0.966600
160.000000 65.000000 215.000015 0.214500
350.000000 350.000000 35.000000 0.771800
444.999969 160.000000 245.000000 8.320500
350.000000 255.000000 185.000000 0.697600
255.000000 65.000000 85.000000 0.913200
160.000000 350.000000 165.000000 0.536000
350.000000 350.000000 245.000000 0.114300
65.000000 350.000000 185.000000 2.398500
350.000000 444.999969 95.000000 0.092500
160.000000 350.000000 185.000000 2.676200
350.000000 160.000000 25.000000 0.696600
444.999969 350.000000 25.000000 0.200500
350.000000 255.000000 135.000000 0.300200
444.999969 444.999969 245.000000 0.719100
350.000000 65.000000 125.000000 0.652300
444.999969 65.000000 234.999985 3.257300
160.000000 444.999969 125.000000 0.922900
255.000000 160.000000 55.000000 0.552700
350.000000 444.999969 75.000000 0.185400
350.000000 65.000000 145.000000 0.292700
65.000000 65.000000 145.000000 0.507200
160.000000 160.000000 115.000000 1.296100
65.000000 350.000000 115.000000 1.901800
255.000000 350.000000 215.000015 0.939200
160.000000 444.999969 215.000015 3.439000
444.999969 255.000000 165.000000 0.186200
255.000000 160.000000 145.000000 0.283500
255.000000 350.000000 75.000000 0.474300
65.000000 160.000000 205.000000 0.652700
444.999969 444.999969 75.000000 0.239900
350.000000 444.999969 55.000000 0.187200
255.000000 65.000000 125.000000 0.741900
350.000000 444.999969 245.000000 0.354700
160.000000 65.000000 234.999985 0.167500
160.000000 255.000000 135.000000 0.279000
255.000000 350.000000 195.000000 0.804200
65.000000 444.999969 185.000000 0.278300
160.000000 65.000000 245.000000 0.197700
350.000000 255.000000 234.999985 1.139100
444.999969 444.999969 195.000000 0.539600
65.000000 160.000000 125.000000 0.502800
444.999969 350.000000 135.000000 0.803700
255.000000 160.000000 155.000000 0.312100
350.000000 160.000000 35.000000 0.508600
65.000000 65.000000 195.000000 0.428500
255.000000 160.000000 35.000000 0.827200
65.000000 65.000000 15.000001 0.265400
444.999969 350.000000 85.000000 0.188500
255.000000 255.000000 185.000000 0.664200
444.999969 160.000000 205.000000 2.441600
350.000000 160.000000 104.999992 0.291300
65.000000 255.000000 65.000000 0.103000
255.000000 444.999969 15.000001 1.524100
65.000000 255.000000 115.000000 0.103600
255.000000 444.999969 65.000000 0.578400
350.000000 255.000000 25.000000 0.255000
350.000000 444.999969 135.000000 0.095800
444.999969 255.000000 234.999985 0.180700
444.999969 65.000000 95.000000 0.714200
444.999969 65.000000 75.000000 0.194300
444.999969 444.999969 135.000000 1.165300
350.000000 350.000000 234.999985 0.194600
350.000000 444.999969 125.000000 0.061700
65.000000 444.999969 195.000000 0.260700
65.000000 255.000000 45.000000 0.369200
255.000000 160.000000 165.000000 0.229300
350.000000 160.000000 115.000000 0.567800
444.999969 65.000000 45.000000 0.035000
444.999969 65.000000 215.000015 1.560400
160.000000 350.000000 85.000000 0.089900
255.000000 65.000000 135.000000 0.524400
65.000000 444.999969 245.000000 0.080200
444.999969 444.999969 125.000000 1.124700
350.000000 160.000000 245.000000 0.423400
444.999969 160.000000 155.000000 0.395000
350.000000 65.000000 135.000000 0.513800
350.000000 160.000000 225.000000 0.677400
255.000000 350.000000 85.000000 0.295200
65.000000 444.999969 75.000000 0.250500
160.000000 65.000000 145.000000 0.518000
444.999969 65.000000 135.000000 1.068300
350.000000 350.000000 45.000000 0.450700
350.000000 350.000000 135.000000 0.045100
65.000000 160.000000 115.000000 0.758800
255.000000 350.000000 35.000000 1.771800
160.000000 65.000000 205.000000 0.316300
350.000000 65.000000 104.999992 0.627300
255.000000 255.000000 225.000000 0.844900
255.000000 65.000000 55.000000 0.926200
255.000000 160.000000 225.000000 1.026400
444.999969 65.000000 175.000000 0.641700
255.000000 444.999969 115.000000 0.267800
255.000000 255.000000 115.000000 0.108500
65.000000 444.999969 104.999992 1.050600
444.999969 350.000000 45.000000 0.435400
444.999969 444.999969 205.000000 0.792700
160.000000 444.999969 234.999985 1.783300
444.999969 65.000000 55.000000 0.059300
65.000000 350.000000 155.000000 1.587900
65.000000 160.000000 195.000000 0.791500
444.999969 65.000000 145.000000 0.569100
160.000000 444.999969 95.000000 0.929200
160.000000 350.000000 215.000015 2.139600
350.000000 444.999969 85.000000 0.140500
160.000000 350.000000 155.000000 0.305400
160.000000 350.000000 225.000000 1.305400
350.000000 255.000000 225.000000 0.876100
255.000000 255.000000 175.000000 0.668700
444.999969 255.000000 104.999992 0.546600
160.000000 444.999969 55.000000 1.668600
65.000000 65.000000 245.000000 0.333600
350.000000 65.000000 155.000000 0.195800
255.000000 444.999969 85.000000 0.363300
160.000000 65.000000 104.999992 0.162100
255.000000 444.999969 205.000000 0.202200
350.000000 350.000000 125.000000 0.109900
255.000000 350.000000 234.999985 1.425100
255.000000 350.000000 95.000000 0.195000
255.000000 160.000000 85.000000 0.397600
65.000000 65.000000 215.000015 0.551500
255.000000 444.999969 185.000000 0.278200
444.999969 160.000000 25.000000 0.190300
65.000000 65.000000 205.000000 0.452500
160.000000 444.999969 104.999992 0.792500
255.000000 160.000000 185.000000 0.283800
65.000000 444.999969 15.000001 0.679300
350.000000 350.000000 215.000015 0.203500
444.999969 444.999969 215.000015 1.091800
255.000000 65.000000 104.999992 0.777200
255.000000 350.000000 145.000000 0.169300
160.000000 65.000000 115.000000 0.178100
444.999969 160.000000 125.000000 0.998300
160.000000 255.000000 155.000000 0.295700
65.000000 350.000000 125.000000 2.075900
444.999969 160.000000 15.000001 0.078100
160.000000 65.000000 25.000000 0.171600
255.000000 65.000000 75.000000 0.990800
444.999969 65.000000 165.000000 0.446200
444.999969 160.000000 85.000000 21.778900
350.000000 444.999969 15.000001 0.281300
255.000000 160.000000 205.000000 0.456300
255.000000 350.000000 225.000000 1.293800
255.000000 255.000000 125.000000 0.229900
65.000000 444.999969 135.000000 2.367700
65.000000 65.000000 65.000000 0.266800
350.000000 255.000000 245.000000 1.320000
350.000000 65.000000 245.000000 0.465100
160.000000 65.000000 35.000000 0.105500
65.000000 444.999969 95.000000 0.669100
160.000000 350.000000 125.000000 0.180500
160.000000 350.000000 95.000000 0.112900
444.999969 160.000000 234.999985 7.928801
65.000000 255.000000 205.000000 0.666400
65.000000 160.000000 95.000000 0.863700
160.000000 160.000000 245.000000 0.074500
350.000000 444.999969 35.000000 0.220600
255.000000 444.999969 125.000000 0.434800
444.999969 255.000000 95.000000 0.293400
255.000000 255.000000 195.000000 0.666100
444.999969 65.000000 185.000000 0.840900
444.999969 65.000000 125.000000 1.330700
160.000000 255.000000 195.000000 0.818600
160.000000 65.000000 165.000000 0.578800
65.000000 350.000000 145.000000 1.821700
255.000000 65.000000 65.000000 1.251900
444.999969 255.000000 55.000000 0.222900
350.000000 350.000000 225.000000 0.270300
255.000000 350.000000 245.000000 2.104100
255.000000 65.000000 205.000000 1.224200
350.000000 255.000000 65.000000 1.293500
350.000000 444.999969 65.000000 0.200200
65.000000 160.000000 165.000000 0.293400
255.000000 160.000000 135.000000 0.335400
160.000000 350.000000 234.999985 1.021400
350.000000 350.000000 205.000000 0.232800
350.000000 444.999969 185.000000 0.031200
255.000000 160.000000 75.000000 0.448800
255.000000 444.999969 234.999985 0.117000
255.000000 350.000000 104.999992 0.104400
444.999969 65.000000 15.000001 0.134600
65.000000 444.999969 125.000000 3.186700
65.000000 350.000000 175.000000 1.782700
65.000000 160.000000 25.000000 4.300200
255.000000 65.000000 195.000000 0.646600
350.000000 444.999969 145.000000 0.111700
160.000000 160.000000 55.000000 0.027000
350.000000 65.000000 75.000000 0.373500
255.000000 65.000000 175.000000 0.362800
255.000000 255.000000 75.000000 0.104100
160.000000 65.000000 155.000000 0.714100
65.000000 350.000000 165.000000 2.039500
160.000000 160.000000 125.000000 1.836700
350.000000 350.000000 155.000000 0.038500
444.999969 255.000000 35.000000 0.096600
255.000000 350.000000 135.000000 0.064300
444.999969 444.999969 15.000001 0.533400
65.000000 350.000000 234.999985 2.857300
160.000000 444.999969 115.000000 0.641600
444.999969 350.000000 234.999985 1.427800
444.999969 255.000000 45.000000 0.176500
65.000000 255.000000 125.000000 0.315600
160.000000 255.000000 65.000000 2.042700
160.000000 65.000000 225.000000 0.191800
160.000000 255.000000 25.000000 0.667200
255.000000 444.999969 95.000000 0.326300
444.999969 350.000000 175.000000 0.054900
160.000000 350.000000 135.000000 0.155300
160.000000 255.000000 15.000001 0.839900
160.000000 444.999969 155.000000 3.853700
350.000000 255.000000 75.000000 1.416200
160.000000 255.000000 35.000000 0.969600
444.999969 444.999969 104.999992 0.984400
65.000000 255.000000 215.000015 0.370400
350.000000 255.000000 35.000000 0.376800
160.000000 160.000000 195.000000 1.227300
255.000000 65.000000 245.000000 4.118900
444.999969 65.000000 104.999992 1.258700
160.000000 160.000000 15.000001 0.092900
160.000000 160.000000 145.000000 5.249200
444.999969 255.000000 15.000001 0.059100
65.000000 350.000000 75.000000 0.311100
350.000000 255.000000 215.000015 0.658400
350.000000 444.999969 104.999992 0.090600
65.000000 350.000000 135.000000 1.638800
350.000000 160.000000 185.000000 2.436600
255.000000 160.000000 215.000015 0.731100
255.000000 444.999969 45.000000 0.999700
255.000000 160.000000 65.000000 0.505300
444.999969 255.000000 215.000015 0.414500
350.000000 160.000000 15.000001 1.751400
160.000000 65.000000 85.000000 0.160100
255.000000 444.999969 104.999992 0.212100
255.000000 255.000000 45.000000 0.990000
160.000000 255.000000 225.000000 0.887700
350.000000 160.000000 95.000000 0.089600
255.000000 444.999969 75.000000 0.486100
160.000000 65.000000 175.000000 0.750700
255.000000 65.000000 95.000000 0.741700
255.000000 350.000000 155.000000 0.280700
255.000000 65.000000 155.000000 0.368700
65.000000 255.000000 225.000000 0.224800
444.999969 444.999969 175.000000 0.229800
444.999969 65.000000 85.000000 0.353500
444.999969 160.000000 45.000000 1.609100
160.000000 160.000000 135.000000 3.390400
65.000000 350.000000 45.000000 0.933700
65.000000 160.000000 55.000000 1.543100
350.000000 444.999969 45.000000 0.213700
255.000000 350.000000 55.000000 1.240400
444.999969 350.000000 104.999992 0.462600
160.000000 444.999969 145.000000 1.952000
65.000000 65.000000 155.000000 0.246900
350.000000 255.000000 115.000000 0.398500
65.000000 65.000000 85.000000 0.372000
350.000000 350.000000 75.000000 0.366000
350.000000 444.999969 155.000000 0.107300
350.000000 255.000000 45.000000 0.528900
255.000000 350.000000 45.000000 1.897200
444.999969 444.999969 25.000000 0.566900
65.000000 444.999969 65.000000 0.220400
65.000000 160.000000 225.000000 0.437400
65.000000 350.000000 205.000000 3.940200
350.000000 350.000000 95.000000 0.339700
350.000000 65.000000 85.000000 0.379100
65.000000 65.000000 45.000000 0.176200
160.000000 444.999969 225.000000 2.770200
444.999969 65.000000 225.000000 1.989900
444.999969 255.000000 225.000000 0.238200
255.000000 255.000000 245.000000 1.027500
160.000000 255.000000 215.000015 0.871700
160.000000 65.000000 75.000000 0.228200
65.000000 444.999969 35.000000 0.412000
65.000000 255.000000 95.000000 0.039500
65.000000 160.000000 135.000000 0.425600
350.000000 65.000000 25.000000 0.212000
444.999969 255.000000 25.000000 0.068000
160.000000 350.000000 45.000000 0.185200
255.000000 444.999969 245.000000 0.115700
444.999969 65.000000 155.000000 0.539900
444.999969 160.000000 55.000000 7.322800
350.000000 160.000000 85.000000 0.050900
65.000000 160.000000 175.000000 0.315600
65.000000 160.000000 35.000000 3.008100
444.999969 350.000000 225.000000 0.609800
65.000000 160.000000 65.000000 0.886800
350.000000 65.000000 195.000000 0.053400
65.000000 444.999969 225.000000 0.105900
65.000000 444.999969 145.000000 2.118900
444.999969 255.000000 155.000000 0.195900
