pygeostat_saved_data
4
X
Y
Z
value
255.000000 255.000000 155.000000 0.277600
160.000000 160.000000 15.000001 1.042600
160.000000 350.000000 15.000001 0.064500
350.000000 160.000000 95.000000 0.256600
350.000000 65.000000 35.000000 0.253200
255.000000 350.000000 55.000000 1.541500
160.000000 65.000000 225.000000 0.403600
160.000000 160.000000 195.000000 0.308400
65.000000 350.000000 245.000000 1.428500
350.000000 160.000000 115.000000 0.288200
444.999969 65.000000 25.000000 0.043100
65.000000 444.999969 155.000000 4.005400
65.000000 65.000000 125.000000 2.467100
350.000000 65.000000 125.000000 0.334100
444.999969 65.000000 185.000000 0.528900
65.000000 255.000000 115.000000 0.901400
444.999969 160.000000 25.000000 0.262100
255.000000 350.000000 155.000000 0.846300
350.000000 160.000000 25.000000 0.149900
65.000000 160.000000 175.000000 0.363700
444.999969 444.999969 85.000000 0.130700
350.000000 65.000000 165.000000 0.741000
255.000000 255.000000 205.000000 1.865000
160.000000 350.000000 215.000015 6.912200
350.000000 65.000000 185.000000 0.735300
255.000000 65.000000 125.000000 2.214500
350.000000 65.000000 85.000000 0.172900
65.000000 350.000000 35.000000 1.890600
65.000000 65.000000 104.999992 2.648400
160.000000 65.000000 165.000000 0.571900
350.000000 350.000000 195.000000 1.103400
65.000000 160.000000 245.000000 0.168400
160.000000 160.000000 115.000000 11.243600
255.000000 444.999969 125.000000 0.367100
65.000000 444.999969 135.000000 2.025300
444.999969 160.000000 215.000015 5.331800
255.000000 444.999969 155.000000 1.365100
350.000000 160.000000 135.000000 0.489000
444.999969 444.999969 95.000000 0.117400
444.999969 255.000000 215.000015 0.531500
350.000000 350.000000 25.000000 5.946200
65.000000 444.999969 175.000000 3.882300
255.000000 255.000000 125.000000 0.502200
255.000000 350.000000 175.000000 4.369200
350.000000 444.999969 95.000000 0.130800
65.000000 444.999969 25.000000 1.867000
255.000000 350.000000 205.000000 7.073800
160.000000 444.999969 125.000000 0.247500
444.999969 350.000000 115.000000 0.615600
444.999969 350.000000 35.000000 1.425300
255.000000 350.000000 125.000000 0.106200
444.999969 350.000000 215.000015 0.057100
444.999969 160.000000 85.000000 15.904200
255.000000 65.000000 65.000000 0.715700
160.000000 444.999969 234.999985 0.832100
255.000000 350.000000 165.000000 1.802100
350.000000 444.999969 45.000000 0.548300
350.000000 444.999969 195.000000 0.066300
65.000000 444.999969 55.000000 1.301900
350.000000 350.000000 85.000000 0.274400
255.000000 65.000000 135.000000 1.215500
65.000000 65.000000 65.000000 0.539300
160.000000 350.000000 104.999992 0.027000
255.000000 255.000000 145.000000 0.275600
444.999969 255.000000 125.000000 0.350200
160.000000 255.000000 115.000000 0.965400
350.000000 65.000000 55.000000 0.231200
255.000000 65.000000 95.000000 1.194100
255.000000 160.000000 25.000000 1.147900
350.000000 255.000000 15.000001 0.695400
444.999969 160.000000 55.000000 3.433300
350.000000 350.000000 135.000000 0.258500
444.999969 255.000000 45.000000 0.537300
350.000000 444.999969 234.999985 0.427400
160.000000 444.999969 25.000000 1.385600
65.000000 160.000000 195.000000 0.685500
350.000000 444.999969 85.000000 0.193600
255.000000 444.999969 35.000000 2.488800
65.000000 255.000000 95.000000 0.979600
350.000000 444.999969 225.000000 0.181300
65.000000 255.000000 135.000000 0.766500
255.000000 444.999969 25.000000 3.210400
444.999969 65.000000 215.000015 1.038200
160.000000 160.000000 155.000000 3.185300
350.000000 160.000000 45.000000 0.265200
255.000000 350.000000 185.000000 6.522600
160.000000 65.000000 65.000000 0.197900
65.000000 65.000000 205.000000 0.642600
444.999969 65.000000 165.000000 0.387400
65.000000 350.000000 15.000001 0.948000
65.000000 65.000000 95.000000 2.007500
255.000000 255.000000 135.000000 0.437900
444.999969 160.000000 165.000000 0.227300
444.999969 350.000000 65.000000 0.298600
65.000000 160.000000 115.000000 19.732700
65.000000 444.999969 205.000000 2.477300
350.000000 255.000000 225.000000 0.766800
160.000000 350.000000 95.000000 0.020900
350.000000 255.000000 215.000015 0.926900
255.000000 444.999969 75.000000 0.357300
444.999969 160.000000 35.000000 0.348800
350.000000 350.000000 45.000000 0.917000
444.999969 444.999969 65.000000 0.139200
350.000000 350.000000 145.000000 0.541100
444.999969 255.000000 104.999992 0.888700
160.000000 350.000000 135.000000 0.065000
160.000000 350.000000 85.000000 0.012300
160.000000 65.000000 95.000000 0.979400
160.000000 350.000000 225.000000 2.370000
444.999969 350.000000 145.000000 3.439300
444.999969 160.000000 145.000000 0.698800
350.000000 65.000000 15.000001 0.316800
444.999969 255.000000 25.000000 0.360900
350.000000 444.999969 15.000001 0.603000
444.999969 350.000000 55.000000 0.467900
160.000000 444.999969 35.000000 1.296800
160.000000 160.000000 85.000000 0.476900
350.000000 444.999969 245.000000 0.772100
65.000000 350.000000 85.000000 0.324200
444.999969 160.000000 155.000000 0.401100
350.000000 160.000000 195.000000 4.492400
65.000000 255.000000 15.000001 0.306000
65.000000 255.000000 85.000000 0.895300
444.999969 444.999969 234.999985 1.873600
65.000000 444.999969 165.000000 4.091400
444.999969 160.000000 95.000000 11.644900
350.000000 255.000000 155.000000 0.054500
255.000000 160.000000 55.000000 0.527600
444.999969 350.000000 175.000000 0.585000
160.000000 255.000000 215.000015 0.791500
160.000000 65.000000 115.000000 1.925700
444.999969 65.000000 75.000000 0.772400
65.000000 350.000000 145.000000 1.946200
444.999969 444.999969 245.000000 3.539000
65.000000 255.000000 245.000000 0.159300
255.000000 350.000000 145.000000 0.395000
444.999969 160.000000 104.999992 8.121200
255.000000 160.000000 155.000000 1.265000
65.000000 255.000000 65.000000 0.960100
255.000000 65.000000 115.000000 1.885900
350.000000 160.000000 104.999992 0.313000
65.000000 65.000000 15.000001 0.171600
160.000000 160.000000 55.000000 0.078600
160.000000 65.000000 175.000000 0.556100
160.000000 350.000000 234.999985 1.117000
255.000000 444.999969 104.999992 0.169300
65.000000 350.000000 215.000015 2.143200
65.000000 444.999969 225.000000 1.016600
444.999969 160.000000 234.999985 4.527500
255.000000 255.000000 234.999985 1.492800
444.999969 350.000000 165.000000 1.821500
255.000000 255.000000 55.000000 7.334100
65.000000 160.000000 145.000000 1.236300
65.000000 255.000000 104.999992 0.930200
255.000000 255.000000 225.000000 1.896200
444.999969 444.999969 225.000000 0.566500
160.000000 444.999969 195.000000 3.906800
65.000000 444.999969 15.000001 1.534100
65.000000 350.000000 195.000000 2.653600
65.000000 444.999969 215.000015 1.331200
444.999969 350.000000 185.000000 0.148600
444.999969 350.000000 95.000000 0.315200
160.000000 444.999969 205.000000 2.688000
65.000000 350.000000 115.000000 0.767400
350.000000 255.000000 234.999985 0.720900
444.999969 444.999969 104.999992 0.238300
160.000000 444.999969 15.000001 0.943400
255.000000 160.000000 195.000000 0.145200
65.000000 65.000000 85.000000 1.215400
350.000000 350.000000 245.000000 0.152200
350.000000 255.000000 185.000000 0.574500
350.000000 160.000000 234.999985 9.040700
444.999969 65.000000 145.000000 0.386300
350.000000 255.000000 55.000000 0.641600
65.000000 350.000000 104.999992 0.482900
65.000000 65.000000 234.999985 0.539400
160.000000 65.000000 125.000000 2.510000
160.000000 255.000000 195.000000 0.580800
65.000000 255.000000 145.000000 0.927000
255.000000 160.000000 85.000000 0.483500
160.000000 160.000000 225.000000 0.401900
160.000000 444.999969 104.999992 0.181100
444.999969 350.000000 75.000000 0.208900
350.000000 160.000000 155.000000 1.283000
444.999969 160.000000 135.000000 1.435400
444.999969 255.000000 115.000000 0.475300
160.000000 444.999969 175.000000 1.716300
255.000000 444.999969 234.999985 0.065900
65.000000 350.000000 205.000000 2.194000
444.999969 160.000000 245.000000 2.730400
65.000000 65.000000 155.000000 0.270300
160.000000 350.000000 185.000000 8.481100
444.999969 255.000000 245.000000 0.253900
160.000000 65.000000 55.000000 0.157600
444.999969 350.000000 125.000000 1.074400
160.000000 350.000000 25.000000 0.105500
255.000000 65.000000 234.999985 0.394200
350.000000 160.000000 145.000000 1.120800
444.999969 65.000000 115.000000 1.426400
255.000000 65.000000 75.000000 0.520800
160.000000 65.000000 145.000000 1.415800
255.000000 65.000000 185.000000 0.089900
160.000000 65.000000 215.000015 0.463300
444.999969 65.000000 104.999992 1.734000
255.000000 255.000000 245.000000 0.870400
160.000000 65.000000 135.000000 1.584500
444.999969 444.999969 145.000000 0.846700
160.000000 444.999969 165.000000 0.811400
444.999969 65.000000 205.000000 0.889400
350.000000 444.999969 175.000000 0.287300
160.000000 160.000000 65.000000 0.091100
350.000000 350.000000 115.000000 0.179000
350.000000 65.000000 75.000000 0.200400
160.000000 350.000000 45.000000 0.050600
444.999969 255.000000 85.000000 0.614700
65.000000 444.999969 75.000000 0.470100
160.000000 255.000000 185.000000 0.402200
160.000000 444.999969 115.000000 0.165100
65.000000 65.000000 115.000000 3.123400
444.999969 65.000000 175.000000 0.531700
65.000000 65.000000 35.000000 0.438600
65.000000 350.000000 95.000000 0.422800
350.000000 255.000000 85.000000 0.559200
444.999969 160.000000 195.000000 1.203300
444.999969 65.000000 125.000000 0.911300
65.000000 444.999969 234.999985 0.645500
255.000000 160.000000 215.000015 0.276700
255.000000 350.000000 135.000000 0.130100
350.000000 350.000000 35.000000 1.592700
255.000000 350.000000 45.000000 3.454500
160.000000 160.000000 95.000000 2.084400
444.999969 444.999969 185.000000 0.050300
255.000000 444.999969 135.000000 0.629800
350.000000 444.999969 104.999992 0.158500
255.000000 65.000000 205.000000 0.134900
255.000000 444.999969 115.000000 0.235100
350.000000 350.000000 65.000000 0.676600
255.000000 255.000000 85.000000 1.309200
255.000000 65.000000 45.000000 0.785900
65.000000 444.999969 95.000000 0.715200
255.000000 255.000000 45.000000 5.676100
255.000000 255.000000 95.000000 1.067500
444.999969 444.999969 15.000001 0.186700
444.999969 65.000000 45.000000 0.082000
350.000000 255.000000 195.000000 0.854900
160.000000 350.000000 75.000000 0.018000
65.000000 160.000000 135.000000 5.156300
160.000000 255.000000 234.999985 0.597200
255.000000 444.999969 145.000000 1.242500
444.999969 65.000000 245.000000 0.924600
255.000000 444.999969 245.000000 0.055700
350.000000 444.999969 215.000015 0.080400
350.000000 350.000000 155.000000 0.750200
350.000000 444.999969 165.000000 0.841000
444.999969 350.000000 155.000000 2.703100
160.000000 350.000000 165.000000 0.684400
160.000000 160.000000 45.000000 0.072300
444.999969 255.000000 195.000000 0.537600
160.000000 444.999969 65.000000 0.253200
255.000000 160.000000 45.000000 0.681600
255.000000 160.000000 145.000000 1.178400
255.000000 255.000000 115.000000 0.617200
255.000000 65.000000 175.000000 0.125500
65.000000 160.000000 225.000000 0.405300
160.000000 65.000000 75.000000 0.420300
65.000000 65.000000 75.000000 0.941400
65.000000 350.000000 75.000000 0.317000
255.000000 65.000000 215.000015 0.167300
255.000000 160.000000 234.999985 1.032800
65.000000 255.000000 75.000000 1.076000
255.000000 350.000000 234.999985 0.699700
255.000000 444.999969 205.000000 0.185000
160.000000 444.999969 55.000000 0.542600
444.999969 350.000000 234.999985 0.263300
444.999969 65.000000 65.000000 0.222200
65.000000 160.000000 75.000000 0.853700
65.000000 444.999969 104.999992 0.952300
160.000000 160.000000 185.000000 0.450700
160.000000 255.000000 65.000000 1.042100
255.000000 444.999969 175.000000 0.631300
444.999969 160.000000 125.000000 2.517900
350.000000 65.000000 145.000000 0.356100
444.999969 160.000000 185.000000 0.377500
160.000000 444.999969 75.000000 0.174200
444.999969 350.000000 104.999992 0.408500
65.000000 350.000000 175.000000 2.522400
255.000000 350.000000 225.000000 1.985600
160.000000 444.999969 185.000000 2.517000
65.000000 255.000000 185.000000 0.378900
255.000000 65.000000 104.999992 1.982100
65.000000 65.000000 165.000000 0.166000
160.000000 160.000000 215.000015 0.424000
350.000000 65.000000 225.000000 0.686000
444.999969 255.000000 55.000000 0.651400
160.000000 350.000000 205.000000 13.127400
255.000000 444.999969 225.000000 0.119300
444.999969 255.000000 75.000000 0.838700
350.000000 350.000000 104.999992 0.173700
444.999969 65.000000 135.000000 0.558400
444.999969 444.999969 35.000000 0.278300
350.000000 350.000000 175.000000 2.000500
160.000000 255.000000 135.000000 0.653600
255.000000 160.000000 104.999992 0.880900
65.000000 65.000000 135.000000 1.226600
350.000000 160.000000 175.000000 1.822100
160.000000 255.000000 245.000000 0.479600
350.000000 444.999969 25.000000 0.608200
255.000000 444.999969 15.000001 2.307400
160.000000 160.000000 125.000000 11.091600
255.000000 65.000000 155.000000 0.336000
65.000000 444.999969 145.000000 2.615000
350.000000 444.999969 205.000000 0.054500
255.000000 255.000000 185.000000 1.006300
444.999969 65.000000 55.000000 0.205000
65.000000 350.000000 225.000000 1.592300
444.999969 65.000000 35.000000 0.053000
65.000000 255.000000 35.000000 0.863300
444.999969 350.000000 195.000000 0.070800
160.000000 160.000000 245.000000 0.199600
255.000000 350.000000 85.000000 0.363900
255.000000 65.000000 195.000000 0.108700
65.000000 160.000000 55.000000 0.876000
350.000000 255.000000 115.000000 0.298300
65.000000 160.000000 95.000000 8.000600
160.000000 444.999969 95.000000 0.160600
350.000000 160.000000 125.000000 0.314300
65.000000 444.999969 115.000000 1.811400
65.000000 255.000000 195.000000 0.307600
255.000000 65.000000 165.000000 0.132100
255.000000 160.000000 205.000000 0.189500
350.000000 255.000000 145.000000 0.069700
255.000000 444.999969 65.000000 0.662900
350.000000 350.000000 125.000000 0.204600
65.000000 350.000000 65.000000 0.391800
444.999969 255.000000 135.000000 0.211500
160.000000 255.000000 55.000000 1.196800
160.000000 255.000000 225.000000 0.978300
65.000000 160.000000 125.000000 12.218300
65.000000 255.000000 55.000000 1.062700
444.999969 160.000000 15.000001 0.118700
65.000000 65.000000 55.000000 0.304900
160.000000 350.000000 195.000000 13.953600
255.000000 160.000000 175.000000 0.386600
255.000000 350.000000 15.000001 3.406500
160.000000 255.000000 125.000000 0.728500
65.000000 65.000000 215.000015 0.786300
65.000000 160.000000 155.000000 0.653500
160.000000 350.000000 155.000000 0.253400
350.000000 444.999969 55.000000 0.425200
160.000000 255.000000 165.000000 0.259500
350.000000 444.999969 155.000000 1.311900
444.999969 255.000000 234.999985 0.358000
160.000000 160.000000 75.000000 0.289800
160.000000 350.000000 55.000000 0.028100
160.000000 65.000000 25.000000 0.179800
350.000000 255.000000 245.000000 0.689100
65.000000 160.000000 234.999985 0.251200
65.000000 65.000000 45.000000 0.464700
160.000000 255.000000 175.000000 0.295600
255.000000 65.000000 145.000000 0.432600
255.000000 255.000000 25.000000 4.149500
350.000000 160.000000 185.000000 4.179900
444.999969 65.000000 155.000000 0.510400
350.000000 65.000000 95.000000 0.201700
160.000000 160.000000 25.000000 0.603200
255.000000 160.000000 165.000000 0.662200
444.999969 350.000000 205.000000 0.048000
255.000000 255.000000 175.000000 0.622300
65.000000 160.000000 35.000000 1.963900
65.000000 65.000000 245.000000 0.439000
444.999969 65.000000 195.000000 0.668000
65.000000 160.000000 85.000000 2.541000
65.000000 65.000000 225.000000 1.019800
350.000000 160.000000 215.000015 16.829901
350.000000 255.000000 75.000000 0.687900
65.000000 444.999969 35.000000 2.054800
160.000000 255.000000 35.000000 1.767600
444.999969 255.000000 165.000000 0.094800
255.000000 65.000000 35.000000 1.153400
160.000000 160.000000 175.000000 0.537700
255.000000 160.000000 225.000000 0.479000
160.000000 65.000000 15.000001 0.470200
444.999969 160.000000 75.000000 15.671900
255.000000 350.000000 245.000000 0.352600
160.000000 255.000000 15.000001 1.184800
350.000000 444.999969 185.000000 0.138100
160.000000 255.000000 205.000000 0.614500
160.000000 350.000000 175.000000 2.558900
444.999969 444.999969 135.000000 0.810200
255.000000 65.000000 245.000000 0.667000
350.000000 65.000000 205.000000 0.869300
350.000000 350.000000 95.000000 0.226900
160.000000 444.999969 135.000000 0.238100
65.000000 65.000000 175.000000 0.119000
350.000000 444.999969 75.000000 0.273200
65.000000 255.000000 215.000015 0.223000
444.999969 444.999969 45.000000 0.179700
65.000000 65.000000 145.000000 0.619000
160.000000 444.999969 85.000000 0.120400
255.000000 350.000000 95.000000 0.365500
350.000000 350.000000 55.000000 0.737300
444.999969 65.000000 15.000001 0.060400
160.000000 65.000000 185.000000 0.475200
255.000000 444.999969 55.000000 1.141900
255.000000 255.000000 104.999992 0.869700
350.000000 350.000000 225.000000 0.345700
65.000000 350.000000 165.000000 2.691200
350.000000 350.000000 15.000001 8.052400
65.000000 255.000000 155.000000 0.819000
65.000000 160.000000 205.000000 0.642000
255.000000 255.000000 215.000015 1.524100
350.000000 160.000000 85.000000 0.381600
444.999969 255.000000 95.000000 0.652900
350.000000 444.999969 125.000000 0.176900
444.999969 350.000000 245.000000 0.778100
444.999969 255.000000 35.000000 0.352100
65.000000 160.000000 15.000001 2.449700
65.000000 350.000000 185.000000 2.784200
160.000000 65.000000 234.999985 0.313000
444.999969 444.999969 25.000000 0.258900
350.000000 65.000000 234.999985 0.735800
255.000000 65.000000 225.000000 0.252800
444.999969 350.000000 25.000000 1.143000
444.999969 350.000000 15.000001 1.272000
350.000000 65.000000 25.000000 0.235100
444.999969 255.000000 155.000000 0.121700
160.000000 444.999969 245.000000 0.581500
350.000000 65.000000 45.000000 0.279500
444.999969 160.000000 115.000000 4.291700
255.000000 65.000000 15.000001 2.669900
65.000000 444.999969 65.000000 0.719600
350.000000 444.999969 135.000000 0.468300
350.000000 160.000000 165.000000 1.720200
444.999969 444.999969 115.000000 0.347900
255.000000 65.000000 25.000000 1.834100
65.000000 160.000000 165.000000 0.530300
255.000000 160.000000 125.000000 1.081200
350.000000 255.000000 175.000000 0.266600
350.000000 255.000000 104.999992 0.353000
350.000000 255.000000 45.000000 0.407600
160.000000 65.000000 35.000000 0.129300
160.000000 444.999969 155.000000 0.485300
65.000000 350.000000 155.000000 1.974400
444.999969 255.000000 65.000000 0.950600
444.999969 350.000000 45.000000 1.083900
160.000000 350.000000 115.000000 0.056700
65.000000 350.000000 45.000000 1.000600
255.000000 160.000000 245.000000 0.881400
255.000000 255.000000 15.000001 2.831100
255.000000 255.000000 165.000000 0.402900
65.000000 444.999969 45.000000 1.826100
350.000000 255.000000 35.000000 0.489000
444.999969 65.000000 95.000000 1.343500
65.000000 444.999969 185.000000 3.694500
255.000000 350.000000 65.000000 0.798000
350.000000 255.000000 165.000000 0.116000
350.000000 350.000000 75.000000 0.469500
160.000000 255.000000 155.000000 0.359600
255.000000 350.000000 115.000000 0.124000
350.000000 255.000000 135.000000 0.120700
350.000000 160.000000 55.000000 0.376200
255.000000 160.000000 95.000000 0.458800
255.000000 255.000000 195.000000 1.498300
350.000000 65.000000 175.000000 0.489900
65.000000 160.000000 45.000000 1.401900
65.000000 255.000000 45.000000 1.106500
444.999969 444.999969 175.000000 0.093900
65.000000 350.000000 125.000000 1.129200
350.000000 444.999969 145.000000 0.986700
444.999969 255.000000 185.000000 0.362600
350.000000 65.000000 135.000000 0.335100
160.000000 444.999969 145.000000 0.269100
160.000000 350.000000 35.000000 0.096600
65.000000 444.999969 195.000000 3.798300
65.000000 255.000000 225.000000 0.193500
160.000000 444.999969 225.000000 1.422900
444.999969 255.000000 145.000000 0.109800
160.000000 160.000000 234.999985 0.247900
444.999969 255.000000 175.000000 0.188700
444.999969 444.999969 55.000000 0.199800
