pygeostat_saved_data
4
X
Y
Z
value
350.000000 65.000000 215.000015 0.631900
160.000000 160.000000 75.000000 0.238600
65.000000 65.000000 65.000000 0.580900
444.999969 255.000000 25.000000 0.323700
255.000000 65.000000 25.000000 1.654600
444.999969 65.000000 175.000000 0.470500
65.000000 65.000000 85.000000 1.213300
444.999969 65.000000 45.000000 0.073200
255.000000 65.000000 145.000000 0.434800
444.999969 255.000000 205.000000 0.623200
444.999969 160.000000 155.000000 0.486900
255.000000 160.000000 115.000000 1.145800
255.000000 65.000000 15.000001 2.194300
65.000000 65.000000 185.000000 0.192100
65.000000 350.000000 115.000000 0.811600
255.000000 65.000000 195.000000 0.135700
255.000000 255.000000 104.999992 0.837200
444.999969 444.999969 25.000000 0.267500
350.000000 350.000000 225.000000 0.370700
350.000000 350.000000 215.000015 0.404600
65.000000 255.000000 45.000000 1.161400
255.000000 160.000000 185.000000 0.289200
350.000000 444.999969 75.000000 0.279500
65.000000 444.999969 104.999992 1.071800
350.000000 160.000000 195.000000 4.992600
160.000000 160.000000 175.000000 0.716800
65.000000 350.000000 75.000000 0.299200
65.000000 255.000000 245.000000 0.167600
65.000000 444.999969 85.000000 0.527400
65.000000 350.000000 155.000000 2.192700
160.000000 255.000000 185.000000 0.370700
444.999969 444.999969 145.000000 0.806900
65.000000 65.000000 165.000000 0.153900
160.000000 350.000000 45.000000 0.026600
160.000000 160.000000 85.000000 0.358400
65.000000 65.000000 175.000000 0.101100
444.999969 160.000000 85.000000 23.000900
255.000000 65.000000 185.000000 0.104700
350.000000 255.000000 115.000000 0.324300
160.000000 160.000000 225.000000 0.483700
444.999969 444.999969 234.999985 1.887600
65.000000 65.000000 155.000000 0.267700
65.000000 255.000000 215.000015 0.226300
255.000000 350.000000 205.000000 5.082500
160.000000 160.000000 15.000001 0.913500
444.999969 160.000000 35.000000 0.420300
160.000000 350.000000 145.000000 0.079400
350.000000 350.000000 104.999992 0.194000
160.000000 65.000000 95.000000 0.849500
65.000000 65.000000 234.999985 0.535900
160.000000 65.000000 165.000000 0.546200
160.000000 255.000000 155.000000 0.321100
255.000000 350.000000 35.000000 4.682300
350.000000 160.000000 185.000000 4.982700
350.000000 444.999969 225.000000 0.180000
444.999969 444.999969 65.000000 0.132100
160.000000 255.000000 145.000000 0.355300
255.000000 444.999969 35.000000 2.183200
350.000000 350.000000 65.000000 0.759700
160.000000 255.000000 45.000000 1.557600
255.000000 444.999969 15.000001 2.009600
350.000000 255.000000 245.000000 0.621600
65.000000 444.999969 25.000000 1.399500
160.000000 255.000000 125.000000 0.615700
255.000000 444.999969 195.000000 0.183200
444.999969 444.999969 135.000000 0.834700
255.000000 255.000000 155.000000 0.327800
255.000000 255.000000 215.000015 1.386200
160.000000 255.000000 115.000000 0.816600
160.000000 444.999969 115.000000 0.200500
65.000000 255.000000 15.000001 0.287700
160.000000 350.000000 95.000000 0.015000
160.000000 65.000000 245.000000 0.274000
160.000000 65.000000 104.999992 1.250000
444.999969 350.000000 85.000000 0.192600
350.000000 255.000000 15.000001 0.473200
350.000000 160.000000 85.000000 0.311100
444.999969 65.000000 195.000000 0.572300
255.000000 350.000000 245.000000 0.418400
444.999969 444.999969 104.999992 0.249800
65.000000 444.999969 155.000000 4.974500
65.000000 65.000000 35.000000 0.479600
255.000000 350.000000 185.000000 6.261400
350.000000 255.000000 185.000000 0.457700
65.000000 255.000000 145.000000 0.859500
350.000000 160.000000 155.000000 1.976400
255.000000 160.000000 95.000000 0.454400
160.000000 160.000000 65.000000 0.077600
255.000000 160.000000 45.000000 0.760300
350.000000 160.000000 205.000000 11.678400
444.999969 350.000000 65.000000 0.268600
444.999969 65.000000 245.000000 0.936200
160.000000 255.000000 75.000000 1.393000
255.000000 444.999969 225.000000 0.089100
350.000000 160.000000 95.000000 0.227000
160.000000 444.999969 185.000000 3.391800
160.000000 444.999969 205.000000 3.705400
255.000000 444.999969 185.000000 0.311000
160.000000 444.999969 95.000000 0.187500
350.000000 350.000000 195.000000 1.384200
160.000000 160.000000 245.000000 0.204000
65.000000 255.000000 25.000000 0.386800
444.999969 350.000000 145.000000 3.534000
350.000000 444.999969 165.000000 0.703300
444.999969 444.999969 225.000000 0.639300
444.999969 444.999969 55.000000 0.199200
65.000000 65.000000 135.000000 1.381900
65.000000 65.000000 25.000000 0.487400
350.000000 65.000000 234.999985 0.584900
65.000000 444.999969 65.000000 0.592900
444.999969 160.000000 125.000000 3.426100
444.999969 255.000000 55.000000 0.653300
160.000000 65.000000 15.000001 0.487500
350.000000 160.000000 55.000000 0.324700
255.000000 160.000000 25.000000 1.054500
255.000000 65.000000 85.000000 0.939700
160.000000 65.000000 195.000000 0.378100
160.000000 255.000000 135.000000 0.542500
444.999969 444.999969 195.000000 0.070400
444.999969 350.000000 205.000000 0.035000
65.000000 444.999969 15.000001 1.226500
65.000000 65.000000 225.000000 1.005200
160.000000 160.000000 155.000000 4.077600
350.000000 350.000000 205.000000 0.982300
255.000000 444.999969 135.000000 0.975700
350.000000 350.000000 55.000000 0.776300
444.999969 160.000000 65.000000 10.871300
160.000000 350.000000 215.000015 5.870900
160.000000 65.000000 75.000000 0.412700
160.000000 160.000000 185.000000 0.642000
65.000000 444.999969 95.000000 0.759600
65.000000 160.000000 55.000000 1.199100
255.000000 444.999969 125.000000 0.543300
444.999969 350.000000 25.000000 1.209200
255.000000 160.000000 234.999985 0.852800
160.000000 65.000000 115.000000 1.391300
160.000000 444.999969 155.000000 0.633600
255.000000 65.000000 225.000000 0.305800
350.000000 350.000000 35.000000 1.510600
160.000000 255.000000 95.000000 1.230200
444.999969 255.000000 135.000000 0.234400
65.000000 444.999969 195.000000 3.352600
160.000000 65.000000 55.000000 0.147100
160.000000 65.000000 125.000000 1.819700
65.000000 255.000000 195.000000 0.340400
65.000000 444.999969 245.000000 0.441300
444.999969 65.000000 205.000000 0.763100
65.000000 255.000000 135.000000 0.615900
350.000000 444.999969 205.000000 0.050200
65.000000 350.000000 104.999992 0.455800
350.000000 444.999969 104.999992 0.151600
160.000000 255.000000 195.000000 0.559100
160.000000 444.999969 165.000000 1.087600
444.999969 160.000000 225.000000 4.399100
350.000000 65.000000 175.000000 0.553700
350.000000 65.000000 225.000000 0.521300
444.999969 255.000000 125.000000 0.394100
160.000000 65.000000 85.000000 0.486700
255.000000 255.000000 35.000000 6.084300
65.000000 160.000000 155.000000 0.590000
65.000000 255.000000 55.000000 1.088000
444.999969 444.999969 75.000000 0.129200
350.000000 65.000000 15.000001 0.372700
444.999969 160.000000 95.000000 15.898700
160.000000 350.000000 245.000000 0.290200
65.000000 255.000000 115.000000 0.563100
255.000000 255.000000 75.000000 2.070900
350.000000 65.000000 245.000000 0.494700
65.000000 160.000000 25.000000 5.369200
255.000000 160.000000 85.000000 0.546800
444.999969 160.000000 75.000000 23.935900
65.000000 160.000000 115.000000 14.530100
65.000000 350.000000 15.000001 1.205600
160.000000 350.000000 104.999992 0.020500
444.999969 65.000000 15.000001 0.062900
160.000000 444.999969 85.000000 0.133600
160.000000 65.000000 145.000000 1.247000
160.000000 255.000000 85.000000 2.100000
255.000000 160.000000 125.000000 1.135600
160.000000 255.000000 205.000000 0.613100
65.000000 255.000000 65.000000 0.890900
444.999969 255.000000 145.000000 0.127400
65.000000 255.000000 95.000000 0.613300
160.000000 444.999969 25.000000 1.385900
65.000000 160.000000 145.000000 1.085500
255.000000 350.000000 85.000000 0.352200
65.000000 350.000000 175.000000 2.511700
350.000000 255.000000 135.000000 0.127000
444.999969 160.000000 45.000000 1.286400
255.000000 255.000000 65.000000 4.438400
350.000000 255.000000 104.999992 0.386700
65.000000 350.000000 25.000000 2.281900
255.000000 444.999969 45.000000 2.158400
350.000000 160.000000 245.000000 4.984500
255.000000 65.000000 65.000000 0.870000
65.000000 160.000000 215.000015 0.506300
350.000000 444.999969 55.000000 0.399600
160.000000 160.000000 145.000000 10.876300
65.000000 65.000000 145.000000 0.662600
255.000000 65.000000 115.000000 1.844400
350.000000 350.000000 125.000000 0.214300
65.000000 444.999969 205.000000 2.194700
160.000000 65.000000 215.000015 0.391200
350.000000 255.000000 55.000000 0.620300
160.000000 160.000000 35.000000 0.179300
350.000000 444.999969 155.000000 1.109900
444.999969 255.000000 75.000000 0.831800
160.000000 65.000000 25.000000 0.170100
160.000000 160.000000 165.000000 1.203600
255.000000 255.000000 45.000000 6.227700
444.999969 350.000000 175.000000 0.534400
444.999969 444.999969 15.000001 0.194500
160.000000 65.000000 45.000000 0.088800
65.000000 160.000000 104.999992 10.334900
444.999969 65.000000 35.000000 0.048400
444.999969 65.000000 225.000000 1.189800
160.000000 160.000000 195.000000 0.451300
65.000000 160.000000 245.000000 0.171500
160.000000 65.000000 225.000000 0.349100
65.000000 444.999969 55.000000 0.968000
160.000000 444.999969 234.999985 1.253400
444.999969 255.000000 155.000000 0.148700
255.000000 160.000000 245.000000 0.760600
350.000000 65.000000 65.000000 0.190000
65.000000 350.000000 185.000000 2.806300
444.999969 255.000000 35.000000 0.322700
350.000000 444.999969 45.000000 0.495600
255.000000 350.000000 225.000000 1.605500
350.000000 255.000000 225.000000 0.630300
65.000000 255.000000 185.000000 0.422100
444.999969 255.000000 234.999985 0.384900
444.999969 65.000000 215.000015 0.920500
65.000000 350.000000 145.000000 2.192300
65.000000 350.000000 165.000000 2.920300
255.000000 444.999969 145.000000 1.843400
255.000000 350.000000 115.000000 0.119700
350.000000 350.000000 245.000000 0.140600
444.999969 160.000000 215.000015 4.478000
65.000000 350.000000 205.000000 2.211300
255.000000 444.999969 75.000000 0.352400
444.999969 350.000000 215.000015 0.041800
160.000000 350.000000 55.000000 0.015600
444.999969 255.000000 245.000000 0.260500
350.000000 255.000000 25.000000 0.420400
65.000000 160.000000 234.999985 0.240700
350.000000 255.000000 65.000000 0.693300
255.000000 160.000000 175.000000 0.409700
160.000000 160.000000 115.000000 8.751500
160.000000 444.999969 215.000015 3.610500
444.999969 350.000000 95.000000 0.291100
160.000000 255.000000 35.000000 1.953900
444.999969 255.000000 225.000000 0.439700
65.000000 65.000000 15.000001 0.189000
255.000000 160.000000 195.000000 0.141900
444.999969 444.999969 215.000015 0.200000
65.000000 160.000000 75.000000 0.893700
160.000000 65.000000 155.000000 1.048100
255.000000 255.000000 85.000000 1.308900
160.000000 350.000000 165.000000 0.576800
350.000000 255.000000 35.000000 0.391900
350.000000 160.000000 65.000000 0.383900
444.999969 255.000000 95.000000 0.674800
160.000000 65.000000 234.999985 0.281200
65.000000 255.000000 234.999985 0.194500
444.999969 444.999969 85.000000 0.122200
444.999969 350.000000 195.000000 0.053400
444.999969 65.000000 95.000000 1.208000
160.000000 444.999969 35.000000 1.286300
160.000000 65.000000 185.000000 0.415500
444.999969 65.000000 75.000000 0.623800
160.000000 350.000000 65.000000 0.012400
65.000000 350.000000 195.000000 2.555200
350.000000 444.999969 185.000000 0.125900
160.000000 255.000000 234.999985 0.649000
350.000000 65.000000 185.000000 0.756600
65.000000 350.000000 35.000000 2.031500
65.000000 65.000000 55.000000 0.322100
255.000000 255.000000 125.000000 0.530100
160.000000 350.000000 125.000000 0.057700
444.999969 255.000000 45.000000 0.509700
350.000000 255.000000 145.000000 0.073600
350.000000 350.000000 85.000000 0.328900
444.999969 350.000000 225.000000 0.092600
350.000000 65.000000 85.000000 0.179000
160.000000 255.000000 25.000000 1.514300
65.000000 255.000000 75.000000 0.839000
160.000000 255.000000 215.000015 0.810200
65.000000 65.000000 75.000000 0.956400
444.999969 350.000000 35.000000 1.471700
444.999969 255.000000 15.000001 0.295100
160.000000 350.000000 185.000000 7.053400
444.999969 444.999969 185.000000 0.055900
350.000000 444.999969 25.000000 0.536400
255.000000 255.000000 95.000000 1.032500
350.000000 255.000000 195.000000 0.641100
65.000000 444.999969 135.000000 2.822300
65.000000 444.999969 175.000000 3.911500
65.000000 444.999969 145.000000 3.600200
350.000000 65.000000 135.000000 0.376200
255.000000 350.000000 165.000000 2.015300
444.999969 65.000000 104.999992 1.739500
350.000000 65.000000 195.000000 0.838000
444.999969 350.000000 15.000001 1.289100
65.000000 160.000000 195.000000 0.671800
255.000000 65.000000 205.000000 0.166600
255.000000 444.999969 65.000000 0.628600
255.000000 255.000000 135.000000 0.493600
350.000000 65.000000 205.000000 0.694200
160.000000 444.999969 175.000000 2.327400
350.000000 444.999969 215.000015 0.078000
350.000000 350.000000 175.000000 2.368700
444.999969 160.000000 234.999985 4.042100
160.000000 350.000000 135.000000 0.058400
350.000000 65.000000 35.000000 0.264100
65.000000 255.000000 155.000000 0.810200
160.000000 444.999969 195.000000 5.205800
350.000000 160.000000 115.000000 0.326200
444.999969 65.000000 145.000000 0.450100
350.000000 65.000000 45.000000 0.285200
350.000000 350.000000 234.999985 0.188500
444.999969 65.000000 165.000000 0.370000
65.000000 444.999969 225.000000 0.926600
350.000000 160.000000 104.999992 0.308600
160.000000 350.000000 234.999985 1.026000
255.000000 160.000000 155.000000 1.429600
350.000000 444.999969 175.000000 0.257800
65.000000 160.000000 205.000000 0.608300
65.000000 65.000000 195.000000 0.457800
350.000000 65.000000 115.000000 0.374300
160.000000 350.000000 115.000000 0.045300
444.999969 160.000000 104.999992 10.782400
350.000000 444.999969 135.000000 0.431600
255.000000 65.000000 125.000000 2.112200
255.000000 444.999969 155.000000 1.909700
350.000000 444.999969 115.000000 0.169100
350.000000 160.000000 45.000000 0.252800
255.000000 444.999969 175.000000 0.735200
444.999969 255.000000 104.999992 0.965200
350.000000 160.000000 15.000001 0.260000
160.000000 350.000000 175.000000 2.074400
350.000000 350.000000 45.000000 0.921000
350.000000 444.999969 35.000000 0.606100
444.999969 350.000000 185.000000 0.123700
444.999969 444.999969 95.000000 0.118200
255.000000 444.999969 245.000000 0.052400
444.999969 255.000000 215.000015 0.615500
255.000000 444.999969 25.000000 2.779200
65.000000 444.999969 45.000000 1.337900
255.000000 160.000000 75.000000 0.631500
255.000000 255.000000 55.000000 8.192900
160.000000 160.000000 234.999985 0.267400
255.000000 65.000000 35.000000 1.180500
255.000000 160.000000 65.000000 0.626800
65.000000 350.000000 245.000000 1.848100
65.000000 160.000000 85.000000 2.188200
160.000000 444.999969 125.000000 0.313200
255.000000 444.999969 95.000000 0.198300
160.000000 444.999969 45.000000 1.456700
65.000000 160.000000 225.000000 0.383700
350.000000 160.000000 35.000000 0.298900
350.000000 444.999969 234.999985 0.445100
160.000000 350.000000 15.000001 0.042000
444.999969 160.000000 165.000000 0.228900
65.000000 255.000000 165.000000 1.016600
444.999969 444.999969 125.000000 0.510500
444.999969 255.000000 65.000000 0.960900
444.999969 444.999969 115.000000 0.387200
444.999969 65.000000 185.000000 0.468200
65.000000 65.000000 215.000015 0.727400
160.000000 444.999969 245.000000 0.894600
350.000000 255.000000 205.000000 0.731100
255.000000 255.000000 185.000000 0.973700
255.000000 65.000000 215.000015 0.200000
160.000000 160.000000 25.000000 0.542000
160.000000 65.000000 205.000000 0.434300
350.000000 350.000000 25.000000 5.648400
444.999969 160.000000 135.000000 1.942600
65.000000 350.000000 125.000000 1.256300
65.000000 160.000000 125.000000 9.106900
444.999969 255.000000 115.000000 0.530200
65.000000 160.000000 95.000000 5.958900
350.000000 160.000000 125.000000 0.404200
160.000000 350.000000 195.000000 11.745300
255.000000 160.000000 205.000000 0.173800
350.000000 65.000000 55.000000 0.234100
65.000000 350.000000 135.000000 1.479400
160.000000 444.999969 135.000000 0.302200
65.000000 444.999969 165.000000 4.538300
160.000000 444.999969 225.000000 2.074100
65.000000 160.000000 65.000000 0.853400
255.000000 160.000000 135.000000 1.665300
255.000000 255.000000 175.000000 0.625500
350.000000 255.000000 85.000000 0.585300
160.000000 255.000000 104.999992 0.727400
255.000000 444.999969 85.000000 0.216200
444.999969 65.000000 115.000000 1.568700
444.999969 160.000000 145.000000 0.956500
255.000000 350.000000 25.000000 4.404100
255.000000 160.000000 35.000000 0.742900
350.000000 444.999969 85.000000 0.198700
444.999969 350.000000 75.000000 0.180200
350.000000 160.000000 165.000000 2.536200
255.000000 350.000000 175.000000 4.757900
255.000000 65.000000 245.000000 0.803800
350.000000 255.000000 155.000000 0.055800
160.000000 444.999969 65.000000 0.261000
350.000000 65.000000 104.999992 0.295100
65.000000 65.000000 245.000000 0.457000
255.000000 350.000000 215.000015 2.642500
255.000000 444.999969 165.000000 1.268500
444.999969 160.000000 185.000000 0.316500
255.000000 350.000000 125.000000 0.104900
65.000000 65.000000 115.000000 3.248500
350.000000 255.000000 215.000015 0.719500
160.000000 255.000000 225.000000 1.022000
444.999969 350.000000 104.999992 0.386300
255.000000 350.000000 65.000000 0.774600
350.000000 444.999969 125.000000 0.171300
255.000000 350.000000 135.000000 0.129000
350.000000 444.999969 195.000000 0.060800
350.000000 65.000000 125.000000 0.376500
255.000000 65.000000 55.000000 1.054100
444.999969 160.000000 245.000000 2.379200
255.000000 65.000000 95.000000 1.332900
255.000000 160.000000 15.000001 1.200300
444.999969 255.000000 175.000000 0.222200
444.999969 350.000000 115.000000 0.597400
350.000000 160.000000 225.000000 17.632500
65.000000 65.000000 104.999992 2.502800
350.000000 350.000000 75.000000 0.575200
160.000000 65.000000 35.000000 0.119700
350.000000 350.000000 15.000001 7.840100
160.000000 255.000000 55.000000 1.698300
255.000000 255.000000 225.000000 1.702700
350.000000 444.999969 95.000000 0.131200
65.000000 444.999969 185.000000 3.485900
160.000000 350.000000 25.000000 0.060600
160.000000 444.999969 55.000000 0.560200
160.000000 160.000000 135.000000 11.264500
350.000000 255.000000 165.000000 0.106100
255.000000 350.000000 95.000000 0.342300
65.000000 444.999969 234.999985 0.596400
160.000000 350.000000 75.000000 0.012400
350.000000 255.000000 125.000000 0.218500
255.000000 444.999969 215.000015 0.101200
255.000000 350.000000 75.000000 0.451300
160.000000 160.000000 95.000000 1.438400
255.000000 255.000000 205.000000 1.713500
444.999969 444.999969 175.000000 0.097100
444.999969 255.000000 185.000000 0.431000
160.000000 255.000000 165.000000 0.234200
350.000000 160.000000 135.000000 0.719800
255.000000 160.000000 104.999992 0.798900
65.000000 65.000000 45.000000 0.505800
65.000000 255.000000 104.999992 0.555200
255.000000 444.999969 55.000000 1.053100
255.000000 350.000000 55.000000 1.549100
350.000000 350.000000 135.000000 0.256500
65.000000 350.000000 55.000000 0.759400
65.000000 350.000000 225.000000 1.793900
350.000000 160.000000 234.999985 7.873700
444.999969 160.000000 205.000000 2.281700
255.000000 350.000000 15.000001 3.725200
65.000000 350.000000 45.000000 1.079200
160.000000 255.000000 65.000000 1.439500
255.000000 160.000000 165.000000 0.722500
160.000000 160.000000 215.000015 0.579600
255.000000 160.000000 55.000000 0.608100
65.000000 160.000000 15.000001 4.630500
350.000000 65.000000 145.000000 0.408800
350.000000 160.000000 75.000000 0.364200
160.000000 160.000000 125.000000 10.091600
444.999969 65.000000 234.999985 1.515300
65.000000 160.000000 175.000000 0.339100
255.000000 350.000000 45.000000 3.561600
255.000000 255.000000 245.000000 0.796000
350.000000 160.000000 215.000015 15.645900
350.000000 444.999969 15.000001 0.528400
160.000000 65.000000 175.000000 0.526100
65.000000 444.999969 35.000000 1.463200
