pygeostat_saved_data
4
X
Y
Z
value
255.000000 65.000000 165.000000 0.159900
350.000000 65.000000 175.000000 0.548800
350.000000 350.000000 35.000000 1.299700
444.999969 255.000000 115.000000 0.630700
350.000000 350.000000 104.999992 0.189800
160.000000 350.000000 55.000000 0.010100
65.000000 160.000000 165.000000 0.437900
444.999969 255.000000 245.000000 0.264800
350.000000 160.000000 245.000000 3.726600
160.000000 65.000000 55.000000 0.141400
444.999969 444.999969 215.000015 0.223700
350.000000 65.000000 135.000000 0.405600
255.000000 350.000000 165.000000 1.908900
350.000000 255.000000 234.999985 0.591600
65.000000 444.999969 155.000000 5.754600
255.000000 444.999969 104.999992 0.250600
255.000000 350.000000 215.000015 1.949100
350.000000 444.999969 245.000000 0.822200
160.000000 65.000000 185.000000 0.340900
444.999969 350.000000 165.000000 1.453400
350.000000 65.000000 165.000000 0.909600
444.999969 350.000000 225.000000 0.084200
65.000000 255.000000 175.000000 0.662300
65.000000 255.000000 234.999985 0.197500
444.999969 350.000000 115.000000 0.637300
160.000000 65.000000 155.000000 0.960900
444.999969 65.000000 135.000000 0.776200
255.000000 255.000000 15.000001 2.216300
65.000000 444.999969 55.000000 0.801000
444.999969 65.000000 125.000000 1.187700
65.000000 160.000000 135.000000 3.168900
65.000000 444.999969 25.000000 0.970500
65.000000 350.000000 55.000000 0.818400
255.000000 350.000000 15.000001 3.515800
255.000000 255.000000 85.000000 1.136800
65.000000 444.999969 115.000000 2.727000
160.000000 350.000000 75.000000 0.009200
65.000000 65.000000 35.000000 0.482300
350.000000 255.000000 155.000000 0.059400
255.000000 160.000000 135.000000 1.543100
444.999969 255.000000 185.000000 0.518600
350.000000 65.000000 234.999985 0.457000
255.000000 160.000000 185.000000 0.310400
444.999969 65.000000 165.000000 0.368900
160.000000 444.999969 95.000000 0.260500
160.000000 160.000000 205.000000 0.932300
444.999969 255.000000 15.000001 0.248100
255.000000 444.999969 175.000000 0.848200
350.000000 350.000000 45.000000 0.854100
444.999969 160.000000 115.000000 7.258600
444.999969 255.000000 225.000000 0.495400
160.000000 350.000000 45.000000 0.015600
444.999969 160.000000 175.000000 0.218400
255.000000 65.000000 75.000000 0.709900
65.000000 444.999969 205.000000 1.647600
160.000000 160.000000 15.000001 0.788900
160.000000 444.999969 245.000000 1.505600
255.000000 350.000000 65.000000 0.801800
350.000000 65.000000 95.000000 0.255800
65.000000 255.000000 104.999992 0.333500
350.000000 444.999969 145.000000 0.705100
444.999969 160.000000 195.000000 0.848300
65.000000 350.000000 155.000000 2.122300
444.999969 444.999969 225.000000 0.711500
350.000000 350.000000 85.000000 0.306400
65.000000 255.000000 225.000000 0.189700
444.999969 255.000000 145.000000 0.147000
350.000000 350.000000 145.000000 0.547700
255.000000 350.000000 175.000000 3.910700
255.000000 65.000000 45.000000 0.763600
255.000000 255.000000 65.000000 4.408000
350.000000 255.000000 205.000000 0.641000
350.000000 255.000000 245.000000 0.617500
350.000000 444.999969 25.000000 0.407200
350.000000 65.000000 245.000000 0.447100
350.000000 65.000000 195.000000 0.634600
65.000000 255.000000 85.000000 0.379800
444.999969 444.999969 175.000000 0.090400
350.000000 65.000000 35.000000 0.281300
65.000000 65.000000 145.000000 0.715100
255.000000 65.000000 85.000000 1.027200
350.000000 255.000000 135.000000 0.137300
350.000000 350.000000 175.000000 2.765500
350.000000 444.999969 195.000000 0.059300
255.000000 350.000000 225.000000 1.380600
255.000000 350.000000 85.000000 0.301500
160.000000 160.000000 65.000000 0.057800
65.000000 65.000000 195.000000 0.381700
350.000000 444.999969 165.000000 0.580300
350.000000 160.000000 95.000000 0.217600
65.000000 65.000000 45.000000 0.517300
160.000000 350.000000 234.999985 0.876500
65.000000 65.000000 165.000000 0.143000
444.999969 160.000000 45.000000 1.487200
160.000000 444.999969 65.000000 0.312700
444.999969 350.000000 35.000000 1.638900
255.000000 350.000000 95.000000 0.265800
444.999969 350.000000 245.000000 0.715300
444.999969 255.000000 65.000000 0.968500
255.000000 444.999969 65.000000 0.571100
65.000000 255.000000 245.000000 0.173500
350.000000 350.000000 65.000000 0.798300
350.000000 65.000000 85.000000 0.185300
350.000000 444.999969 75.000000 0.263700
255.000000 65.000000 215.000015 0.302000
65.000000 160.000000 75.000000 0.976900
65.000000 255.000000 65.000000 0.644900
444.999969 160.000000 104.999992 13.461800
350.000000 255.000000 45.000000 0.326700
160.000000 350.000000 245.000000 0.248500
444.999969 350.000000 175.000000 0.430300
255.000000 444.999969 195.000000 0.152400
65.000000 444.999969 35.000000 1.053900
444.999969 350.000000 125.000000 1.105700
160.000000 255.000000 145.000000 0.289000
160.000000 350.000000 135.000000 0.048500
444.999969 444.999969 234.999985 1.904000
255.000000 65.000000 95.000000 1.367500
160.000000 65.000000 25.000000 0.157800
160.000000 350.000000 104.999992 0.015800
350.000000 160.000000 65.000000 0.295600
350.000000 160.000000 55.000000 0.275800
65.000000 160.000000 115.000000 9.719600
255.000000 444.999969 125.000000 0.742700
255.000000 444.999969 185.000000 0.296500
255.000000 160.000000 25.000000 1.051500
255.000000 350.000000 145.000000 0.462800
255.000000 160.000000 145.000000 1.308800
255.000000 350.000000 185.000000 4.350600
65.000000 350.000000 75.000000 0.288900
65.000000 65.000000 75.000000 0.951200
350.000000 444.999969 45.000000 0.400500
444.999969 444.999969 205.000000 0.098400
65.000000 255.000000 75.000000 0.550300
444.999969 65.000000 145.000000 0.463500
65.000000 255.000000 145.000000 0.794400
65.000000 160.000000 245.000000 0.176500
350.000000 350.000000 15.000001 7.370500
350.000000 444.999969 85.000000 0.189400
350.000000 65.000000 75.000000 0.200700
255.000000 160.000000 45.000000 0.836400
255.000000 444.999969 245.000000 0.054200
350.000000 350.000000 55.000000 0.778600
255.000000 65.000000 145.000000 0.466600
350.000000 444.999969 175.000000 0.229200
350.000000 65.000000 15.000001 0.439900
255.000000 444.999969 205.000000 0.105600
255.000000 444.999969 25.000000 2.410400
160.000000 255.000000 115.000000 0.655600
255.000000 160.000000 104.999992 0.765900
255.000000 444.999969 145.000000 2.472300
444.999969 160.000000 25.000000 0.289900
65.000000 350.000000 95.000000 0.397700
160.000000 65.000000 85.000000 0.423000
65.000000 65.000000 55.000000 0.341300
160.000000 160.000000 215.000015 0.804500
255.000000 444.999969 115.000000 0.423900
160.000000 444.999969 185.000000 4.554600
350.000000 160.000000 205.000000 8.699000
160.000000 65.000000 115.000000 0.852300
350.000000 255.000000 25.000000 0.341100
160.000000 255.000000 175.000000 0.256700
350.000000 160.000000 215.000015 11.240300
65.000000 350.000000 205.000000 2.135300
444.999969 350.000000 234.999985 0.223700
255.000000 444.999969 75.000000 0.347500
65.000000 444.999969 125.000000 4.588500
65.000000 160.000000 25.000000 8.414800
160.000000 444.999969 195.000000 6.856200
160.000000 65.000000 15.000001 0.486200
65.000000 444.999969 185.000000 2.934300
444.999969 255.000000 25.000000 0.260000
350.000000 160.000000 104.999992 0.326100
350.000000 350.000000 234.999985 0.189500
160.000000 65.000000 175.000000 0.463400
350.000000 255.000000 65.000000 0.656200
160.000000 255.000000 85.000000 2.638500
444.999969 65.000000 155.000000 0.505400
160.000000 350.000000 195.000000 8.423200
255.000000 350.000000 104.999992 0.186100
444.999969 160.000000 225.000000 3.781000
444.999969 444.999969 75.000000 0.131700
65.000000 350.000000 185.000000 2.679000
444.999969 160.000000 125.000000 4.367400
65.000000 65.000000 175.000000 0.086700
255.000000 65.000000 104.999992 1.923400
160.000000 255.000000 125.000000 0.466300
160.000000 65.000000 35.000000 0.103000
444.999969 255.000000 75.000000 0.880800
444.999969 65.000000 225.000000 1.144700
350.000000 160.000000 135.000000 0.995800
255.000000 350.000000 25.000000 4.033400
255.000000 255.000000 155.000000 0.321600
65.000000 255.000000 135.000000 0.524600
160.000000 350.000000 125.000000 0.047000
255.000000 160.000000 205.000000 0.179300
160.000000 444.999969 115.000000 0.260000
160.000000 444.999969 165.000000 1.531400
160.000000 350.000000 185.000000 5.238300
444.999969 65.000000 234.999985 1.493100
255.000000 255.000000 145.000000 0.326600
350.000000 255.000000 145.000000 0.079200
65.000000 255.000000 95.000000 0.351200
444.999969 65.000000 95.000000 1.135200
350.000000 65.000000 45.000000 0.284600
65.000000 350.000000 234.999985 2.193400
350.000000 255.000000 165.000000 0.107000
444.999969 160.000000 205.000000 1.877500
65.000000 160.000000 175.000000 0.352800
65.000000 350.000000 15.000001 1.584100
444.999969 65.000000 175.000000 0.485500
160.000000 444.999969 25.000000 1.373000
350.000000 350.000000 75.000000 0.574100
160.000000 255.000000 165.000000 0.218400
444.999969 444.999969 125.000000 0.570900
65.000000 65.000000 85.000000 1.093700
350.000000 160.000000 15.000001 0.368300
160.000000 160.000000 225.000000 0.593700
65.000000 65.000000 225.000000 0.953200
160.000000 444.999969 55.000000 0.647800
444.999969 350.000000 45.000000 1.319900
350.000000 160.000000 25.000000 0.191900
255.000000 65.000000 125.000000 2.078500
444.999969 444.999969 135.000000 0.887600
350.000000 444.999969 35.000000 0.446800
65.000000 65.000000 234.999985 0.520700
255.000000 160.000000 55.000000 0.676500
160.000000 255.000000 25.000000 1.537000
444.999969 444.999969 245.000000 2.867900
65.000000 160.000000 185.000000 0.420000
350.000000 160.000000 115.000000 0.384800
160.000000 255.000000 225.000000 1.032300
255.000000 350.000000 45.000000 3.369500
160.000000 160.000000 165.000000 1.620600
444.999969 160.000000 55.000000 5.957300
255.000000 444.999969 165.000000 1.591000
255.000000 65.000000 245.000000 0.999900
160.000000 255.000000 15.000001 1.336300
255.000000 160.000000 195.000000 0.153300
444.999969 160.000000 145.000000 1.286300
255.000000 255.000000 115.000000 0.631200
255.000000 160.000000 65.000000 0.768200
255.000000 65.000000 115.000000 1.815000
255.000000 255.000000 205.000000 1.507200
160.000000 65.000000 104.999992 0.795500
350.000000 255.000000 195.000000 0.573800
160.000000 255.000000 215.000015 0.806500
350.000000 65.000000 25.000000 0.280900
65.000000 350.000000 25.000000 2.638800
255.000000 255.000000 215.000015 1.235500
65.000000 444.999969 85.000000 0.511600
444.999969 65.000000 195.000000 0.556300
255.000000 65.000000 35.000000 0.981300
65.000000 444.999969 104.999992 1.185000
160.000000 255.000000 234.999985 0.682100
160.000000 350.000000 95.000000 0.011800
255.000000 444.999969 45.000000 1.801700
350.000000 350.000000 215.000015 0.490100
350.000000 444.999969 135.000000 0.368000
65.000000 350.000000 45.000000 1.222500
160.000000 350.000000 85.000000 0.006500
160.000000 65.000000 195.000000 0.300100
350.000000 65.000000 104.999992 0.322800
65.000000 444.999969 15.000001 0.864500
65.000000 255.000000 165.000000 1.087200
444.999969 444.999969 65.000000 0.137000
255.000000 160.000000 215.000015 0.232200
65.000000 255.000000 45.000000 1.055600
255.000000 65.000000 225.000000 0.435000
444.999969 444.999969 165.000000 0.194300
444.999969 444.999969 35.000000 0.282800
160.000000 444.999969 205.000000 4.983500
444.999969 160.000000 35.000000 0.462000
65.000000 255.000000 185.000000 0.511700
255.000000 160.000000 225.000000 0.339000
160.000000 350.000000 175.000000 1.641400
160.000000 444.999969 155.000000 0.888200
160.000000 160.000000 145.000000 11.353800
444.999969 255.000000 104.999992 1.153800
65.000000 65.000000 25.000000 0.466400
444.999969 255.000000 35.000000 0.270600
255.000000 160.000000 245.000000 0.675100
255.000000 350.000000 115.000000 0.118100
255.000000 160.000000 165.000000 0.742700
65.000000 350.000000 145.000000 2.187000
350.000000 444.999969 185.000000 0.115200
350.000000 255.000000 115.000000 0.356900
444.999969 65.000000 15.000001 0.072200
444.999969 255.000000 95.000000 0.765000
444.999969 444.999969 15.000001 0.182800
255.000000 444.999969 155.000000 2.475300
444.999969 160.000000 75.000000 31.161501
160.000000 160.000000 104.999992 1.830300
65.000000 350.000000 225.000000 1.914100
255.000000 350.000000 125.000000 0.120900
65.000000 255.000000 125.000000 0.517200
160.000000 255.000000 195.000000 0.542600
255.000000 350.000000 234.999985 0.688700
255.000000 444.999969 85.000000 0.246900
65.000000 65.000000 155.000000 0.261700
255.000000 65.000000 175.000000 0.182500
65.000000 160.000000 155.000000 0.502900
65.000000 255.000000 25.000000 0.336900
350.000000 350.000000 205.000000 1.247200
160.000000 350.000000 15.000001 0.028200
255.000000 444.999969 234.999985 0.045400
160.000000 160.000000 195.000000 0.691600
444.999969 65.000000 205.000000 0.701900
65.000000 444.999969 234.999985 0.503700
350.000000 350.000000 195.000000 1.666200
160.000000 160.000000 185.000000 0.954400
350.000000 160.000000 45.000000 0.239100
255.000000 255.000000 55.000000 8.319800
444.999969 160.000000 234.999985 3.650600
160.000000 444.999969 35.000000 1.309500
65.000000 350.000000 125.000000 1.329300
350.000000 255.000000 75.000000 0.701400
160.000000 160.000000 125.000000 7.374400
350.000000 350.000000 185.000000 2.458000
350.000000 444.999969 95.000000 0.126900
350.000000 160.000000 155.000000 2.898300
160.000000 255.000000 55.000000 2.195900
160.000000 350.000000 145.000000 0.067200
255.000000 65.000000 15.000001 1.557700
350.000000 444.999969 115.000000 0.158300
160.000000 444.999969 85.000000 0.181500
160.000000 160.000000 35.000000 0.145200
444.999969 255.000000 45.000000 0.452200
255.000000 65.000000 205.000000 0.248100
444.999969 65.000000 35.000000 0.044400
65.000000 65.000000 185.000000 0.160700
444.999969 65.000000 215.000015 0.869900
255.000000 160.000000 35.000000 0.795100
65.000000 350.000000 115.000000 0.861300
160.000000 65.000000 65.000000 0.198000
160.000000 350.000000 215.000015 4.844600
255.000000 160.000000 95.000000 0.495600
255.000000 350.000000 35.000000 4.278300
350.000000 65.000000 125.000000 0.404200
255.000000 160.000000 15.000001 1.200500
65.000000 255.000000 15.000001 0.248600
350.000000 444.999969 215.000015 0.085900
65.000000 350.000000 104.999992 0.494100
160.000000 160.000000 25.000000 0.449400
350.000000 65.000000 65.000000 0.189300
65.000000 160.000000 45.000000 3.062500
350.000000 350.000000 155.000000 0.775900
255.000000 255.000000 25.000000 3.658000
350.000000 160.000000 165.000000 3.608700
255.000000 65.000000 185.000000 0.147700
444.999969 350.000000 185.000000 0.098200
350.000000 65.000000 185.000000 0.658300
255.000000 350.000000 245.000000 0.464300
444.999969 444.999969 104.999992 0.293200
160.000000 350.000000 115.000000 0.036200
444.999969 65.000000 65.000000 0.129000
444.999969 160.000000 65.000000 14.198700
160.000000 255.000000 155.000000 0.278600
255.000000 160.000000 155.000000 1.394000
255.000000 255.000000 234.999985 1.176200
65.000000 65.000000 215.000015 0.644700
255.000000 444.999969 225.000000 0.068300
255.000000 350.000000 155.000000 0.960800
255.000000 255.000000 175.000000 0.545900
255.000000 65.000000 155.000000 0.375700
444.999969 255.000000 165.000000 0.129600
160.000000 255.000000 185.000000 0.373700
65.000000 444.999969 215.000015 0.875300
255.000000 65.000000 65.000000 0.953000
255.000000 255.000000 165.000000 0.404900
444.999969 350.000000 104.999992 0.363600
160.000000 65.000000 245.000000 0.255000
444.999969 350.000000 25.000000 1.244900
160.000000 65.000000 135.000000 0.912700
160.000000 160.000000 45.000000 0.048800
255.000000 255.000000 95.000000 0.978400
255.000000 444.999969 55.000000 0.931700
255.000000 160.000000 234.999985 0.706300
65.000000 255.000000 205.000000 0.269300
65.000000 255.000000 115.000000 0.359400
160.000000 255.000000 245.000000 0.560400
255.000000 255.000000 245.000000 0.711800
160.000000 444.999969 145.000000 0.480300
160.000000 255.000000 45.000000 1.781300
160.000000 444.999969 104.999992 0.293400
255.000000 255.000000 225.000000 1.512000
65.000000 65.000000 95.000000 1.643300
160.000000 160.000000 85.000000 0.250200
160.000000 160.000000 55.000000 0.051300
65.000000 444.999969 245.000000 0.386900
444.999969 160.000000 15.000001 0.121200
160.000000 255.000000 104.999992 0.675500
160.000000 255.000000 95.000000 1.315900
444.999969 65.000000 45.000000 0.058600
160.000000 444.999969 175.000000 3.244600
255.000000 444.999969 135.000000 1.334400
350.000000 350.000000 165.000000 2.245500
65.000000 160.000000 35.000000 4.962100
350.000000 350.000000 25.000000 5.010900
65.000000 160.000000 145.000000 0.865200
444.999969 444.999969 145.000000 0.773500
444.999969 255.000000 55.000000 0.632600
444.999969 255.000000 215.000015 0.686500
444.999969 255.000000 195.000000 0.710800
65.000000 444.999969 95.000000 0.810500
160.000000 65.000000 125.000000 1.170500
255.000000 255.000000 104.999992 0.812900
255.000000 65.000000 135.000000 1.244800
444.999969 255.000000 234.999985 0.423000
65.000000 65.000000 65.000000 0.609100
350.000000 255.000000 95.000000 0.477800
160.000000 444.999969 75.000000 0.252000
350.000000 444.999969 104.999992 0.147200
160.000000 65.000000 215.000015 0.304500
255.000000 350.000000 135.000000 0.149300
350.000000 444.999969 234.999985 0.455800
160.000000 65.000000 145.000000 1.011900
65.000000 255.000000 35.000000 0.790400
350.000000 350.000000 225.000000 0.416300
65.000000 160.000000 55.000000 1.748000
255.000000 255.000000 35.000000 6.010600
160.000000 350.000000 205.000000 8.197600
160.000000 255.000000 75.000000 1.930600
350.000000 65.000000 145.000000 0.444000
350.000000 160.000000 145.000000 2.565200
444.999969 255.000000 125.000000 0.470700
444.999969 255.000000 135.000000 0.270300
160.000000 444.999969 234.999985 2.057000
255.000000 255.000000 125.000000 0.544700
65.000000 350.000000 85.000000 0.296800
350.000000 350.000000 95.000000 0.237800
350.000000 350.000000 135.000000 0.292900
160.000000 160.000000 75.000000 0.179300
255.000000 255.000000 195.000000 1.240000
65.000000 255.000000 155.000000 0.814400
444.999969 444.999969 115.000000 0.444500
255.000000 160.000000 75.000000 0.761900
350.000000 160.000000 75.000000 0.279600
444.999969 65.000000 55.000000 0.124400
160.000000 444.999969 225.000000 3.193900
65.000000 160.000000 215.000015 0.515000
444.999969 255.000000 205.000000 0.714500
255.000000 160.000000 175.000000 0.417500
160.000000 350.000000 35.000000 0.030300
160.000000 350.000000 225.000000 1.773400
350.000000 444.999969 155.000000 0.904200
65.000000 350.000000 165.000000 2.836800
65.000000 65.000000 245.000000 0.462100
160.000000 255.000000 35.000000 2.099400
65.000000 350.000000 195.000000 2.438500
444.999969 350.000000 85.000000 0.164600
350.000000 444.999969 15.000001 0.386100
160.000000 65.000000 225.000000 0.288100
350.000000 160.000000 185.000000 4.985700
444.999969 350.000000 195.000000 0.042700
444.999969 160.000000 215.000015 3.755100
444.999969 160.000000 135.000000 2.582800
255.000000 350.000000 75.000000 0.430200
444.999969 350.000000 95.000000 0.258000
160.000000 65.000000 95.000000 0.628800
65.000000 160.000000 225.000000 0.372400
160.000000 160.000000 95.000000 0.929500
160.000000 65.000000 234.999985 0.244200
65.000000 160.000000 234.999985 0.237800
255.000000 65.000000 234.999985 0.604000
160.000000 160.000000 245.000000 0.186600
255.000000 255.000000 45.000000 6.189900
444.999969 350.000000 215.000015 0.035000
444.999969 444.999969 85.000000 0.127900
350.000000 444.999969 225.000000 0.194600
444.999969 350.000000 15.000001 1.247200
65.000000 444.999969 135.000000 3.583100
350.000000 255.000000 15.000001 0.387600
444.999969 350.000000 75.000000 0.171500
65.000000 444.999969 145.000000 4.611600
350.000000 65.000000 155.000000 0.639600
65.000000 160.000000 104.999992 7.511600
160.000000 255.000000 205.000000 0.593500
65.000000 65.000000 115.000000 3.265300
160.000000 350.000000 65.000000 0.008400
