pygeostat_saved_data
4
X
Y
Z
value
65.000000 190.000000 25.000000 1.577600
440.000000 190.000000 145.000000 1.143700
440.000000 65.000000 215.000015 1.075500
315.000000 65.000000 135.000000 0.857400
190.000000 65.000000 195.000000 0.894800
190.000000 190.000000 175.000000 1.525200
190.000000 190.000000 185.000000 1.391400
315.000000 190.000000 234.999985 1.864200
65.000000 315.000000 115.000000 1.278800
315.000000 315.000000 75.000000 0.784900
315.000000 190.000000 175.000000 1.472000
190.000000 315.000000 245.000000 0.984100
315.000000 190.000000 195.000000 1.632000
315.000000 65.000000 125.000000 0.863900
315.000000 190.000000 15.000001 1.106000
65.000000 440.000000 115.000000 0.893400
315.000000 65.000000 145.000000 0.826200
190.000000 65.000000 65.000000 1.251500
65.000000 65.000000 145.000000 1.449100
65.000000 440.000000 245.000000 0.753400
440.000000 190.000000 25.000000 1.320100
315.000000 190.000000 35.000000 1.155000
315.000000 440.000000 104.999992 0.760100
440.000000 315.000000 55.000000 0.987500
65.000000 315.000000 65.000000 1.074500
190.000000 190.000000 205.000000 1.303300
65.000000 65.000000 225.000000 0.903800
65.000000 440.000000 35.000000 1.086400
65.000000 65.000000 195.000000 0.968500
65.000000 65.000000 215.000015 0.916300
190.000000 315.000000 234.999985 1.241500
315.000000 65.000000 104.999992 0.868300
315.000000 315.000000 175.000000 0.906700
65.000000 440.000000 225.000000 1.049200
65.000000 190.000000 155.000000 1.624000
65.000000 190.000000 104.999992 1.821200
190.000000 65.000000 155.000000 1.170300
440.000000 440.000000 75.000000 0.639500
65.000000 315.000000 165.000000 1.353000
65.000000 190.000000 234.999985 0.798500
65.000000 315.000000 95.000000 1.216200
190.000000 315.000000 185.000000 1.278400
65.000000 190.000000 165.000000 1.538200
440.000000 190.000000 195.000000 1.465400
440.000000 190.000000 234.999985 1.905000
190.000000 65.000000 55.000000 1.178000
65.000000 440.000000 125.000000 0.974400
315.000000 65.000000 65.000000 0.854600
440.000000 190.000000 215.000015 1.755900
65.000000 65.000000 75.000000 1.669800
190.000000 315.000000 135.000000 0.791500
65.000000 315.000000 75.000000 1.120300
315.000000 190.000000 145.000000 1.336100
190.000000 190.000000 35.000000 1.323300
190.000000 190.000000 65.000000 1.359400
440.000000 440.000000 165.000000 1.039600
440.000000 440.000000 135.000000 0.971900
315.000000 190.000000 165.000000 1.423000
65.000000 190.000000 55.000000 1.582300
315.000000 315.000000 215.000015 1.061200
315.000000 440.000000 125.000000 0.849800
315.000000 315.000000 155.000000 0.750600
315.000000 440.000000 55.000000 0.719500
65.000000 440.000000 234.999985 0.961400
315.000000 440.000000 65.000000 0.703400
65.000000 190.000000 125.000000 1.860100
190.000000 440.000000 85.000000 0.651500
440.000000 65.000000 155.000000 0.905500
440.000000 315.000000 115.000000 0.739100
190.000000 440.000000 135.000000 0.832300
315.000000 440.000000 15.000001 0.894700
65.000000 65.000000 55.000000 1.507900
65.000000 315.000000 35.000000 0.982800
65.000000 65.000000 104.999992 1.790900
65.000000 440.000000 65.000000 0.826800
190.000000 315.000000 175.000000 1.151800
315.000000 65.000000 85.000000 0.878600
315.000000 315.000000 55.000000 0.983600
440.000000 440.000000 175.000000 1.012000
190.000000 190.000000 75.000000 1.414800
190.000000 440.000000 75.000000 0.679700
65.000000 190.000000 145.000000 1.762600
65.000000 315.000000 155.000000 1.344900
440.000000 65.000000 85.000000 0.907000
65.000000 65.000000 45.000000 1.466000
190.000000 315.000000 25.000000 1.089700
315.000000 315.000000 135.000000 0.651800
65.000000 190.000000 65.000000 1.559300
190.000000 65.000000 145.000000 1.255900
65.000000 315.000000 55.000000 1.048200
315.000000 440.000000 165.000000 0.939100
315.000000 315.000000 245.000000 0.709100
315.000000 440.000000 175.000000 0.882500
440.000000 190.000000 155.000000 1.146900
65.000000 315.000000 25.000000 0.940200
315.000000 190.000000 155.000000 1.380100
190.000000 315.000000 55.000000 0.838100
315.000000 190.000000 215.000015 1.795200
190.000000 440.000000 215.000015 0.867300
190.000000 315.000000 155.000000 0.938800
65.000000 440.000000 95.000000 0.809600
65.000000 65.000000 135.000000 1.589400
190.000000 315.000000 115.000000 0.724800
440.000000 65.000000 65.000000 0.844700
65.000000 65.000000 185.000000 1.003300
190.000000 190.000000 145.000000 1.736700
440.000000 190.000000 185.000000 1.348500
440.000000 440.000000 234.999985 1.298500
440.000000 65.000000 75.000000 0.867400
190.000000 65.000000 95.000000 1.407100
65.000000 315.000000 15.000001 0.874600
190.000000 440.000000 45.000000 0.830500
65.000000 315.000000 145.000000 1.319100
190.000000 440.000000 155.000000 0.967500
190.000000 315.000000 75.000000 0.747100
440.000000 315.000000 175.000000 0.769000
190.000000 440.000000 15.000001 1.030400
440.000000 65.000000 205.000000 1.055500
440.000000 440.000000 85.000000 0.666200
440.000000 440.000000 185.000000 0.977300
65.000000 65.000000 234.999985 0.892600
315.000000 315.000000 195.000000 1.061300
65.000000 315.000000 175.000000 1.355600
190.000000 65.000000 215.000015 0.870600
315.000000 440.000000 195.000000 0.799500
190.000000 65.000000 185.000000 0.925800
65.000000 190.000000 85.000000 1.672600
65.000000 440.000000 104.999992 0.858400
65.000000 440.000000 145.000000 1.141600
190.000000 440.000000 35.000000 0.909700
65.000000 440.000000 205.000000 1.232100
190.000000 190.000000 125.000000 1.679000
190.000000 315.000000 225.000000 1.338000
190.000000 190.000000 195.000000 1.347600
65.000000 315.000000 205.000000 1.353800
190.000000 190.000000 85.000000 1.472500
315.000000 65.000000 55.000000 0.848200
65.000000 190.000000 35.000000 1.558900
65.000000 440.000000 195.000000 1.279500
190.000000 440.000000 165.000000 0.983600
440.000000 315.000000 125.000000 0.734800
440.000000 315.000000 25.000000 1.285300
440.000000 190.000000 55.000000 1.592000
440.000000 65.000000 15.000001 0.651400
315.000000 440.000000 215.000015 0.765200
440.000000 65.000000 175.000000 0.946100
190.000000 440.000000 25.000000 0.987100
440.000000 65.000000 185.000000 0.990600
315.000000 190.000000 185.000000 1.546200
440.000000 440.000000 25.000000 0.648500
190.000000 440.000000 245.000000 0.610900
440.000000 190.000000 135.000000 1.156700
315.000000 440.000000 234.999985 0.800800
65.000000 65.000000 15.000001 1.221200
315.000000 65.000000 175.000000 0.812900
190.000000 315.000000 205.000000 1.423500
65.000000 65.000000 85.000000 1.728700
190.000000 315.000000 15.000001 1.167600
190.000000 65.000000 45.000000 1.113000
440.000000 65.000000 125.000000 0.868300
65.000000 190.000000 115.000000 1.896700
65.000000 315.000000 215.000015 1.300500
190.000000 65.000000 75.000000 1.306800
65.000000 190.000000 45.000000 1.553600
65.000000 440.000000 135.000000 1.053000
315.000000 315.000000 45.000000 1.133700
315.000000 190.000000 25.000000 1.146000
315.000000 65.000000 165.000000 0.807600
440.000000 190.000000 15.000001 1.216500
190.000000 440.000000 65.000000 0.714600
65.000000 65.000000 245.000000 0.785500
315.000000 440.000000 155.000000 0.984900
440.000000 65.000000 165.000000 0.914500
440.000000 315.000000 45.000000 1.067100
65.000000 190.000000 245.000000 0.647700
440.000000 65.000000 195.000000 1.031000
190.000000 315.000000 215.000015 1.402000
315.000000 190.000000 115.000000 1.237300
190.000000 190.000000 95.000000 1.542500
315.000000 190.000000 65.000000 1.236500
440.000000 190.000000 75.000000 1.583300
315.000000 440.000000 115.000000 0.780700
315.000000 440.000000 245.000000 0.693800
315.000000 190.000000 245.000000 1.538600
440.000000 440.000000 104.999992 0.780000
440.000000 440.000000 205.000000 1.016100
440.000000 315.000000 205.000000 0.760100
190.000000 440.000000 115.000000 0.722000
190.000000 315.000000 85.000000 0.721300
440.000000 440.000000 115.000000 0.837100
315.000000 440.000000 35.000000 0.807000
440.000000 65.000000 104.999992 0.888400
315.000000 315.000000 115.000000 0.617300
440.000000 315.000000 15.000001 1.379700
190.000000 65.000000 104.999992 1.428900
190.000000 440.000000 145.000000 0.904300
190.000000 190.000000 104.999992 1.594600
190.000000 190.000000 215.000015 1.245700
315.000000 65.000000 15.000001 0.879300
190.000000 440.000000 234.999985 0.757600
315.000000 65.000000 115.000000 0.860100
440.000000 190.000000 95.000000 1.458600
315.000000 315.000000 65.000000 0.877900
190.000000 65.000000 25.000000 1.003200
65.000000 440.000000 155.000000 1.234500
440.000000 65.000000 234.999985 1.105300
315.000000 440.000000 225.000000 0.774100
315.000000 65.000000 195.000000 0.838400
315.000000 440.000000 135.000000 0.917900
315.000000 315.000000 185.000000 1.011100
440.000000 440.000000 55.000000 0.609500
65.000000 190.000000 185.000000 1.234100
440.000000 65.000000 145.000000 0.880400
190.000000 315.000000 125.000000 0.734800
315.000000 315.000000 125.000000 0.621300
190.000000 65.000000 225.000000 0.861500
190.000000 440.000000 125.000000 0.765700
65.000000 65.000000 165.000000 1.185100
440.000000 65.000000 225.000000 1.078100
440.000000 190.000000 225.000000 1.879300
65.000000 440.000000 215.000015 1.159700
440.000000 440.000000 155.000000 1.084300
315.000000 190.000000 75.000000 1.232100
65.000000 440.000000 15.000001 1.241500
190.000000 190.000000 25.000000 1.333000
190.000000 65.000000 115.000000 1.425400
65.000000 315.000000 225.000000 1.224200
440.000000 65.000000 95.000000 0.893000
65.000000 190.000000 135.000000 1.840100
440.000000 440.000000 225.000000 1.165000
65.000000 190.000000 215.000015 0.922200
65.000000 65.000000 115.000000 1.759700
190.000000 315.000000 95.000000 0.696600
440.000000 440.000000 15.000001 0.664500
65.000000 190.000000 195.000000 1.141200
440.000000 190.000000 104.999992 1.369700
190.000000 65.000000 205.000000 0.875300
65.000000 190.000000 95.000000 1.744900
190.000000 440.000000 175.000000 0.988200
190.000000 190.000000 15.000001 1.318700
315.000000 65.000000 35.000000 0.852800
440.000000 65.000000 245.000000 0.966500
440.000000 65.000000 115.000000 0.871600
190.000000 65.000000 85.000000 1.381700
315.000000 190.000000 225.000000 1.863500
65.000000 190.000000 75.000000 1.612900
315.000000 440.000000 25.000000 0.861400
65.000000 65.000000 95.000000 1.791400
190.000000 440.000000 104.999992 0.687500
65.000000 315.000000 245.000000 0.905500
190.000000 65.000000 35.000000 1.056000
315.000000 65.000000 155.000000 0.828200
440.000000 190.000000 45.000000 1.529200
440.000000 440.000000 95.000000 0.710500
440.000000 440.000000 45.000000 0.606100
440.000000 315.000000 215.000015 0.733000
315.000000 440.000000 75.000000 0.691600
440.000000 440.000000 65.000000 0.618600
315.000000 190.000000 55.000000 1.221600
190.000000 440.000000 205.000000 0.907700
65.000000 315.000000 135.000000 1.316600
315.000000 190.000000 85.000000 1.241300
190.000000 65.000000 125.000000 1.430200
315.000000 65.000000 234.999985 0.923900
440.000000 440.000000 245.000000 1.224500
65.000000 190.000000 175.000000 1.397200
440.000000 65.000000 45.000000 0.754300
315.000000 440.000000 95.000000 0.709100
315.000000 440.000000 185.000000 0.834100
190.000000 315.000000 145.000000 0.853500
190.000000 440.000000 195.000000 0.942300
65.000000 315.000000 195.000000 1.373000
315.000000 65.000000 215.000015 0.880000
65.000000 315.000000 104.999992 1.241800
440.000000 190.000000 65.000000 1.621900
65.000000 315.000000 45.000000 1.009400
65.000000 440.000000 45.000000 0.981300
190.000000 315.000000 45.000000 0.924400
440.000000 190.000000 115.000000 1.292400
65.000000 315.000000 234.999985 1.127400
315.000000 315.000000 205.000000 1.099900
190.000000 315.000000 65.000000 0.777700
190.000000 65.000000 165.000000 1.066200
315.000000 65.000000 205.000000 0.871600
440.000000 315.000000 155.000000 0.760700
315.000000 440.000000 205.000000 0.776600
315.000000 65.000000 75.000000 0.870600
440.000000 440.000000 215.000015 1.076100
315.000000 315.000000 165.000000 0.826400
190.000000 190.000000 45.000000 1.341300
190.000000 190.000000 155.000000 1.680700
440.000000 190.000000 125.000000 1.214300
65.000000 315.000000 85.000000 1.174600
440.000000 315.000000 234.999985 0.703600
315.000000 315.000000 95.000000 0.674100
315.000000 440.000000 45.000000 0.761400
440.000000 190.000000 165.000000 1.174200
440.000000 315.000000 195.000000 0.776900
440.000000 190.000000 85.000000 1.541900
315.000000 190.000000 45.000000 1.201400
65.000000 440.000000 85.000000 0.780700
190.000000 315.000000 35.000000 0.982500
190.000000 190.000000 225.000000 1.245000
65.000000 440.000000 75.000000 0.786100
65.000000 315.000000 185.000000 1.363100
190.000000 440.000000 55.000000 0.764200
65.000000 190.000000 205.000000 1.034900
