pygeostat_saved_data
4
X
Y
Z
value
65.000000 190.000000 245.000000 0.806300
190.000000 65.000000 155.000000 1.074300
65.000000 65.000000 125.000000 1.503500
315.000000 65.000000 104.999992 1.157100
190.000000 440.000000 115.000000 0.810500
190.000000 315.000000 165.000000 1.026300
315.000000 65.000000 15.000001 0.834900
440.000000 65.000000 95.000000 0.989300
190.000000 315.000000 145.000000 0.931800
65.000000 65.000000 245.000000 0.777400
315.000000 190.000000 145.000000 1.432500
315.000000 65.000000 234.999985 0.939000
440.000000 440.000000 165.000000 1.017400
440.000000 315.000000 185.000000 0.918400
190.000000 315.000000 85.000000 0.882800
440.000000 315.000000 125.000000 0.719200
315.000000 440.000000 104.999992 0.756700
190.000000 190.000000 125.000000 1.534500
440.000000 315.000000 234.999985 0.858000
315.000000 315.000000 205.000000 1.118700
440.000000 315.000000 215.000015 0.917500
315.000000 190.000000 104.999992 1.449900
315.000000 315.000000 25.000000 1.248600
65.000000 190.000000 25.000000 1.519400
440.000000 440.000000 195.000000 0.959000
315.000000 440.000000 15.000001 0.915800
190.000000 440.000000 215.000015 0.957100
315.000000 190.000000 245.000000 1.266800
190.000000 65.000000 234.999985 0.937800
440.000000 65.000000 245.000000 0.926000
440.000000 190.000000 35.000000 1.416200
190.000000 440.000000 95.000000 0.726500
190.000000 65.000000 215.000015 0.932400
315.000000 190.000000 185.000000 1.369100
315.000000 190.000000 125.000000 1.428300
190.000000 190.000000 104.999992 1.522300
65.000000 440.000000 25.000000 1.158900
65.000000 315.000000 15.000001 1.092600
315.000000 315.000000 35.000000 1.124000
65.000000 315.000000 245.000000 0.911200
65.000000 190.000000 175.000000 1.417000
315.000000 440.000000 35.000000 0.825100
440.000000 190.000000 155.000000 1.252400
440.000000 190.000000 145.000000 1.253300
440.000000 315.000000 25.000000 1.270600
440.000000 190.000000 25.000000 1.346800
190.000000 440.000000 155.000000 1.066400
190.000000 65.000000 245.000000 0.829400
440.000000 440.000000 15.000001 0.733300
65.000000 315.000000 35.000000 1.063500
440.000000 65.000000 185.000000 0.961900
315.000000 65.000000 225.000000 0.920100
315.000000 190.000000 25.000000 1.303500
440.000000 190.000000 215.000015 1.642800
65.000000 65.000000 175.000000 0.966900
440.000000 65.000000 35.000000 0.797000
190.000000 190.000000 135.000000 1.538900
190.000000 315.000000 195.000000 1.214700
440.000000 315.000000 104.999992 0.741900
440.000000 190.000000 115.000000 1.359900
315.000000 315.000000 85.000000 0.788300
315.000000 440.000000 245.000000 0.831400
440.000000 440.000000 245.000000 1.089600
65.000000 315.000000 185.000000 1.328400
190.000000 440.000000 55.000000 0.751600
190.000000 65.000000 95.000000 1.276400
190.000000 65.000000 195.000000 0.931000
65.000000 190.000000 135.000000 1.715600
315.000000 190.000000 35.000000 1.335200
65.000000 65.000000 75.000000 1.498200
190.000000 190.000000 95.000000 1.498900
440.000000 315.000000 195.000000 0.939500
65.000000 315.000000 85.000000 1.070000
315.000000 315.000000 115.000000 0.739400
65.000000 440.000000 95.000000 0.798900
315.000000 65.000000 145.000000 1.049800
440.000000 65.000000 135.000000 0.959300
190.000000 190.000000 65.000000 1.401700
65.000000 315.000000 155.000000 1.209100
315.000000 65.000000 55.000000 0.980600
440.000000 440.000000 234.999985 1.184200
65.000000 190.000000 195.000000 1.228800
440.000000 65.000000 195.000000 0.982300
190.000000 440.000000 175.000000 1.055200
190.000000 190.000000 115.000000 1.550300
440.000000 315.000000 225.000000 0.896600
315.000000 315.000000 215.000015 1.072200
315.000000 190.000000 165.000000 1.401900
65.000000 190.000000 35.000000 1.510400
440.000000 440.000000 205.000000 0.977600
65.000000 190.000000 155.000000 1.573200
315.000000 190.000000 65.000000 1.429100
440.000000 65.000000 225.000000 1.032300
440.000000 65.000000 85.000000 1.012700
315.000000 315.000000 155.000000 0.864300
315.000000 190.000000 225.000000 1.531800
65.000000 190.000000 185.000000 1.276900
440.000000 190.000000 104.999992 1.424200
190.000000 440.000000 185.000000 1.023600
315.000000 190.000000 205.000000 1.467400
315.000000 65.000000 215.000015 0.920400
190.000000 315.000000 225.000000 1.132100
440.000000 440.000000 75.000000 0.645600
65.000000 440.000000 225.000000 0.949300
440.000000 315.000000 15.000001 1.375800
65.000000 65.000000 155.000000 1.194300
190.000000 315.000000 135.000000 0.911200
190.000000 65.000000 104.999992 1.281600
190.000000 190.000000 185.000000 1.385500
65.000000 65.000000 135.000000 1.418600
440.000000 315.000000 135.000000 0.747400
440.000000 315.000000 115.000000 0.723000
190.000000 65.000000 75.000000 1.208200
65.000000 190.000000 225.000000 1.039500
315.000000 315.000000 55.000000 0.943700
65.000000 440.000000 135.000000 1.031000
315.000000 315.000000 135.000000 0.773200
65.000000 190.000000 55.000000 1.538900
440.000000 315.000000 45.000000 1.055200
65.000000 440.000000 155.000000 1.174100
315.000000 65.000000 185.000000 0.913100
315.000000 440.000000 215.000015 0.937100
65.000000 440.000000 75.000000 0.777600
190.000000 190.000000 25.000000 1.335900
65.000000 65.000000 205.000000 0.871000
190.000000 440.000000 104.999992 0.776000
315.000000 190.000000 45.000000 1.394300
315.000000 190.000000 215.000015 1.482100
440.000000 190.000000 95.000000 1.490800
190.000000 315.000000 45.000000 1.023400
65.000000 315.000000 225.000000 1.232500
190.000000 440.000000 15.000001 0.985200
315.000000 440.000000 225.000000 0.934600
190.000000 315.000000 25.000000 1.178900
190.000000 315.000000 104.999992 0.853200
190.000000 190.000000 75.000000 1.429100
190.000000 65.000000 115.000000 1.272500
65.000000 440.000000 165.000000 1.207400
440.000000 315.000000 165.000000 0.824100
65.000000 190.000000 95.000000 1.643600
315.000000 315.000000 234.999985 0.957400
190.000000 65.000000 35.000000 1.046100
190.000000 190.000000 234.999985 1.395800
315.000000 440.000000 155.000000 1.032100
440.000000 440.000000 95.000000 0.693400
315.000000 440.000000 75.000000 0.678900
65.000000 315.000000 205.000000 1.355000
440.000000 190.000000 245.000000 1.519100
315.000000 65.000000 35.000000 0.900800
440.000000 65.000000 205.000000 1.005900
315.000000 65.000000 25.000000 0.871800
190.000000 190.000000 35.000000 1.333400
190.000000 315.000000 125.000000 0.851200
65.000000 440.000000 185.000000 1.185900
190.000000 190.000000 245.000000 1.150400
440.000000 440.000000 185.000000 0.958900
315.000000 315.000000 15.000001 1.354000
440.000000 315.000000 85.000000 0.792400
65.000000 440.000000 115.000000 0.884500
190.000000 65.000000 135.000000 1.218100
190.000000 65.000000 65.000000 1.167400
190.000000 440.000000 45.000000 0.811900
190.000000 440.000000 65.000000 0.730200
65.000000 315.000000 45.000000 1.044900
65.000000 440.000000 85.000000 0.768200
440.000000 190.000000 45.000000 1.531200
65.000000 440.000000 195.000000 1.152500
65.000000 190.000000 65.000000 1.515500
440.000000 315.000000 145.000000 0.776000
65.000000 190.000000 115.000000 1.765300
65.000000 65.000000 35.000000 1.257600
190.000000 190.000000 165.000000 1.494000
315.000000 65.000000 85.000000 1.132900
190.000000 440.000000 165.000000 1.069000
440.000000 190.000000 185.000000 1.353400
315.000000 315.000000 185.000000 1.063500
65.000000 65.000000 145.000000 1.293600
440.000000 190.000000 195.000000 1.441000
315.000000 440.000000 205.000000 0.949100
315.000000 65.000000 65.000000 1.035300
315.000000 65.000000 115.000000 1.145200
315.000000 315.000000 165.000000 0.910400
190.000000 440.000000 195.000000 1.009400
440.000000 440.000000 85.000000 0.660700
315.000000 315.000000 145.000000 0.812100
440.000000 440.000000 115.000000 0.818200
190.000000 440.000000 225.000000 0.918900
440.000000 315.000000 65.000000 0.884000
65.000000 315.000000 65.000000 1.020300
190.000000 190.000000 225.000000 1.434400
440.000000 440.000000 45.000000 0.652900
440.000000 65.000000 175.000000 0.938200
440.000000 190.000000 15.000001 1.238700
190.000000 315.000000 205.000000 1.227700
440.000000 190.000000 205.000000 1.552500
65.000000 315.000000 25.000000 1.094200
190.000000 65.000000 15.000001 0.968800
65.000000 315.000000 175.000000 1.268700
440.000000 315.000000 55.000000 0.959300
65.000000 315.000000 55.000000 1.032300
65.000000 190.000000 205.000000 1.173200
65.000000 65.000000 215.000015 0.871000
190.000000 190.000000 85.000000 1.458300
190.000000 315.000000 95.000000 0.857100
65.000000 65.000000 225.000000 0.875600
440.000000 440.000000 25.000000 0.716000
440.000000 65.000000 215.000015 1.023300
190.000000 315.000000 75.000000 0.887100
65.000000 190.000000 215.000015 1.078100
440.000000 440.000000 65.000000 0.639600
315.000000 315.000000 45.000000 1.031300
190.000000 315.000000 35.000000 1.090300
440.000000 440.000000 104.999992 0.765900
190.000000 190.000000 145.000000 1.562500
65.000000 315.000000 75.000000 1.039400
190.000000 65.000000 225.000000 0.928300
190.000000 65.000000 175.000000 0.956900
65.000000 315.000000 125.000000 1.090400
440.000000 190.000000 225.000000 1.747700
65.000000 65.000000 104.999992 1.587600
315.000000 440.000000 45.000000 0.761000
440.000000 65.000000 15.000001 0.732100
440.000000 440.000000 125.000000 0.870600
315.000000 440.000000 25.000000 0.885100
190.000000 440.000000 125.000000 0.854900
65.000000 65.000000 234.999985 0.879000
440.000000 65.000000 165.000000 0.929100
190.000000 65.000000 165.000000 1.010100
440.000000 190.000000 175.000000 1.296500
65.000000 65.000000 15.000001 1.126300
190.000000 65.000000 85.000000 1.260400
440.000000 440.000000 215.000015 1.016100
190.000000 190.000000 55.000000 1.396000
65.000000 65.000000 85.000000 1.554100
440.000000 440.000000 35.000000 0.680900
315.000000 190.000000 234.999985 1.515500
65.000000 190.000000 165.000000 1.515600
315.000000 65.000000 165.000000 0.956700
65.000000 65.000000 55.000000 1.378900
440.000000 440.000000 225.000000 1.075200
440.000000 190.000000 85.000000 1.555400
315.000000 190.000000 75.000000 1.444100
65.000000 190.000000 15.000001 1.477100
440.000000 440.000000 155.000000 1.048800
65.000000 440.000000 125.000000 0.950900
190.000000 315.000000 115.000000 0.861000
190.000000 190.000000 155.000000 1.504600
315.000000 65.000000 195.000000 0.911400
190.000000 315.000000 65.000000 0.919700
190.000000 65.000000 185.000000 0.947700
190.000000 440.000000 245.000000 0.756900
440.000000 190.000000 55.000000 1.589300
315.000000 65.000000 155.000000 1.016400
315.000000 440.000000 234.999985 0.952400
440.000000 65.000000 155.000000 0.934600
65.000000 440.000000 45.000000 0.955000
315.000000 65.000000 175.000000 0.923500
440.000000 440.000000 135.000000 0.952300
315.000000 440.000000 145.000000 0.995300
440.000000 315.000000 95.000000 0.756000
65.000000 190.000000 145.000000 1.677300
440.000000 190.000000 125.000000 1.286700
315.000000 440.000000 85.000000 0.681700
190.000000 65.000000 55.000000 1.119100
65.000000 65.000000 95.000000 1.585700
315.000000 315.000000 125.000000 0.726600
190.000000 440.000000 35.000000 0.885900
315.000000 440.000000 125.000000 0.834700
315.000000 315.000000 225.000000 1.025000
65.000000 65.000000 115.000000 1.554100
440.000000 315.000000 245.000000 0.721400
440.000000 315.000000 155.000000 0.792000
65.000000 65.000000 65.000000 1.425300
440.000000 65.000000 115.000000 0.966900
65.000000 440.000000 234.999985 0.872800
65.000000 65.000000 25.000000 1.204600
440.000000 190.000000 75.000000 1.577300
315.000000 190.000000 15.000001 1.267800
190.000000 440.000000 75.000000 0.709700
65.000000 190.000000 75.000000 1.538600
190.000000 315.000000 175.000000 1.092700
315.000000 440.000000 95.000000 0.706200
440.000000 65.000000 75.000000 0.964600
190.000000 65.000000 205.000000 0.928500
440.000000 65.000000 104.999992 0.985700
190.000000 190.000000 205.000000 1.421000
315.000000 190.000000 175.000000 1.389100
65.000000 190.000000 104.999992 1.709000
190.000000 315.000000 55.000000 0.964500
190.000000 440.000000 85.000000 0.702800
190.000000 65.000000 145.000000 1.138300
315.000000 65.000000 125.000000 1.136600
190.000000 315.000000 15.000001 1.244600
440.000000 315.000000 175.000000 0.862100
315.000000 65.000000 205.000000 0.921900
440.000000 65.000000 45.000000 0.840100
65.000000 190.000000 85.000000 1.594200
315.000000 440.000000 195.000000 0.960200
190.000000 190.000000 195.000000 1.411300
65.000000 315.000000 104.999992 1.095800
65.000000 315.000000 135.000000 1.156900
440.000000 65.000000 55.000000 0.888700
65.000000 440.000000 15.000001 1.211700
440.000000 440.000000 55.000000 0.635900
440.000000 190.000000 165.000000 1.275300
315.000000 440.000000 115.000000 0.794000
65.000000 440.000000 245.000000 0.683700
