pygeostat_saved_data
4
X
Y
Z
value
440.000000 440.000000 175.000000 1.000400
315.000000 315.000000 195.000000 1.089500
440.000000 440.000000 135.000000 0.960300
440.000000 65.000000 95.000000 0.973200
190.000000 315.000000 55.000000 0.956600
190.000000 190.000000 175.000000 1.469300
190.000000 65.000000 55.000000 1.153100
190.000000 315.000000 225.000000 1.191500
440.000000 65.000000 205.000000 1.012600
315.000000 190.000000 35.000000 1.284000
315.000000 65.000000 104.999992 1.097300
190.000000 315.000000 155.000000 0.980500
190.000000 440.000000 225.000000 0.875800
65.000000 440.000000 185.000000 1.220200
65.000000 65.000000 65.000000 1.476100
190.000000 440.000000 145.000000 0.998100
65.000000 315.000000 215.000015 1.337200
190.000000 440.000000 95.000000 0.718500
315.000000 315.000000 234.999985 0.942200
440.000000 65.000000 35.000000 0.781200
315.000000 190.000000 25.000000 1.252700
440.000000 440.000000 185.000000 0.963400
440.000000 65.000000 55.000000 0.885900
190.000000 190.000000 185.000000 1.407900
65.000000 440.000000 75.000000 0.783700
440.000000 315.000000 15.000001 1.391000
190.000000 190.000000 234.999985 1.352400
440.000000 315.000000 155.000000 0.784900
190.000000 440.000000 234.999985 0.847400
65.000000 65.000000 55.000000 1.420800
315.000000 65.000000 155.000000 0.986000
440.000000 65.000000 155.000000 0.917500
315.000000 65.000000 115.000000 1.086700
190.000000 440.000000 205.000000 0.962700
315.000000 190.000000 215.000015 1.552500
65.000000 440.000000 115.000000 0.896200
65.000000 65.000000 145.000000 1.339600
190.000000 440.000000 15.000001 0.999400
65.000000 440.000000 225.000000 0.976200
65.000000 440.000000 85.000000 0.779900
440.000000 190.000000 185.000000 1.323200
65.000000 315.000000 135.000000 1.227100
440.000000 315.000000 75.000000 0.841400
440.000000 440.000000 115.000000 0.829600
190.000000 190.000000 104.999992 1.505500
315.000000 65.000000 195.000000 0.897400
190.000000 315.000000 165.000000 1.036900
315.000000 315.000000 145.000000 0.770000
65.000000 65.000000 104.999992 1.654200
65.000000 65.000000 225.000000 0.883200
315.000000 315.000000 95.000000 0.717100
190.000000 190.000000 115.000000 1.565300
315.000000 315.000000 215.000015 1.060500
440.000000 190.000000 155.000000 1.198300
190.000000 315.000000 65.000000 0.903600
440.000000 190.000000 125.000000 1.247900
65.000000 190.000000 245.000000 0.750900
315.000000 440.000000 195.000000 0.917400
190.000000 440.000000 65.000000 0.734100
315.000000 315.000000 65.000000 0.847700
440.000000 315.000000 95.000000 0.766800
440.000000 315.000000 25.000000 1.291800
190.000000 190.000000 195.000000 1.416000
65.000000 65.000000 205.000000 0.881500
315.000000 440.000000 155.000000 1.005900
315.000000 65.000000 65.000000 0.987400
65.000000 190.000000 185.000000 1.260400
440.000000 190.000000 175.000000 1.256900
315.000000 440.000000 225.000000 0.906600
440.000000 190.000000 25.000000 1.363500
65.000000 190.000000 225.000000 0.972900
190.000000 190.000000 35.000000 1.314100
65.000000 440.000000 175.000000 1.239700
190.000000 65.000000 215.000015 0.917100
440.000000 315.000000 205.000000 0.889900
315.000000 315.000000 125.000000 0.680100
315.000000 440.000000 35.000000 0.798600
440.000000 440.000000 195.000000 0.969100
440.000000 190.000000 75.000000 1.592700
440.000000 65.000000 234.999985 1.071500
440.000000 440.000000 15.000001 0.720200
190.000000 190.000000 95.000000 1.488500
65.000000 65.000000 245.000000 0.779700
65.000000 315.000000 225.000000 1.260400
65.000000 65.000000 185.000000 0.950800
65.000000 315.000000 75.000000 1.086700
440.000000 315.000000 195.000000 0.892800
440.000000 440.000000 155.000000 1.063000
190.000000 65.000000 245.000000 0.811900
65.000000 190.000000 85.000000 1.619600
440.000000 440.000000 95.000000 0.703500
190.000000 440.000000 115.000000 0.796800
190.000000 440.000000 85.000000 0.696300
65.000000 315.000000 15.000001 1.034300
190.000000 190.000000 55.000000 1.364500
65.000000 65.000000 45.000000 1.390600
190.000000 190.000000 155.000000 1.545700
190.000000 65.000000 185.000000 0.935000
315.000000 65.000000 135.000000 1.062900
315.000000 315.000000 165.000000 0.878000
315.000000 190.000000 135.000000 1.395200
315.000000 440.000000 55.000000 0.699400
315.000000 65.000000 125.000000 1.084600
190.000000 440.000000 165.000000 1.052400
315.000000 315.000000 135.000000 0.721800
65.000000 65.000000 115.000000 1.616100
315.000000 190.000000 195.000000 1.467600
190.000000 65.000000 95.000000 1.303600
65.000000 65.000000 75.000000 1.559100
440.000000 65.000000 85.000000 0.998200
65.000000 440.000000 215.000015 1.079500
65.000000 315.000000 125.000000 1.186500
440.000000 190.000000 215.000015 1.643100
315.000000 315.000000 205.000000 1.108800
440.000000 65.000000 15.000001 0.722700
65.000000 315.000000 45.000000 1.048800
315.000000 65.000000 45.000000 0.888700
440.000000 190.000000 205.000000 1.540600
315.000000 440.000000 65.000000 0.683800
315.000000 65.000000 85.000000 1.075700
65.000000 440.000000 55.000000 0.877000
65.000000 315.000000 104.999992 1.164100
315.000000 440.000000 104.999992 0.741700
315.000000 315.000000 35.000000 1.144200
440.000000 440.000000 55.000000 0.628700
315.000000 190.000000 155.000000 1.397700
190.000000 190.000000 135.000000 1.588900
190.000000 190.000000 75.000000 1.392000
65.000000 65.000000 165.000000 1.094000
315.000000 440.000000 245.000000 0.816800
440.000000 315.000000 85.000000 0.805900
440.000000 315.000000 65.000000 0.894800
190.000000 190.000000 225.000000 1.398700
65.000000 440.000000 15.000001 1.230600
65.000000 315.000000 175.000000 1.320300
440.000000 315.000000 115.000000 0.734100
440.000000 440.000000 215.000015 1.032700
315.000000 190.000000 75.000000 1.406200
315.000000 65.000000 185.000000 0.899600
315.000000 440.000000 125.000000 0.819300
190.000000 65.000000 225.000000 0.912300
65.000000 315.000000 185.000000 1.364100
440.000000 190.000000 195.000000 1.417700
440.000000 315.000000 175.000000 0.837900
315.000000 190.000000 225.000000 1.607200
65.000000 190.000000 75.000000 1.562300
440.000000 65.000000 25.000000 0.755200
190.000000 440.000000 45.000000 0.826500
315.000000 315.000000 104.999992 0.692600
65.000000 315.000000 25.000000 1.060100
190.000000 315.000000 135.000000 0.902700
190.000000 440.000000 55.000000 0.759600
190.000000 315.000000 185.000000 1.192500
440.000000 65.000000 65.000000 0.927700
65.000000 190.000000 175.000000 1.416800
65.000000 440.000000 155.000000 1.193200
440.000000 65.000000 195.000000 0.990600
65.000000 190.000000 125.000000 1.763000
65.000000 65.000000 95.000000 1.649200
315.000000 315.000000 175.000000 0.959800
190.000000 315.000000 115.000000 0.850000
440.000000 190.000000 85.000000 1.561200
190.000000 440.000000 245.000000 0.701500
190.000000 65.000000 234.999985 0.912900
190.000000 190.000000 85.000000 1.431300
315.000000 440.000000 45.000000 0.745000
190.000000 190.000000 45.000000 1.338400
440.000000 315.000000 135.000000 0.748400
190.000000 315.000000 75.000000 0.865500
315.000000 440.000000 175.000000 0.976500
440.000000 315.000000 125.000000 0.725000
315.000000 440.000000 185.000000 0.939900
315.000000 315.000000 155.000000 0.820700
190.000000 315.000000 145.000000 0.929800
315.000000 65.000000 215.000015 0.915200
440.000000 65.000000 45.000000 0.829900
190.000000 65.000000 145.000000 1.157700
440.000000 65.000000 215.000015 1.032100
440.000000 315.000000 35.000000 1.163100
440.000000 315.000000 225.000000 0.840100
65.000000 190.000000 45.000000 1.536900
315.000000 65.000000 75.000000 1.033900
65.000000 65.000000 135.000000 1.470300
190.000000 440.000000 215.000015 0.926700
65.000000 190.000000 155.000000 1.598500
315.000000 190.000000 165.000000 1.401800
315.000000 190.000000 175.000000 1.409000
190.000000 315.000000 234.999985 1.074800
190.000000 190.000000 145.000000 1.604400
190.000000 65.000000 165.000000 1.017500
65.000000 440.000000 104.999992 0.859000
440.000000 65.000000 245.000000 0.935200
190.000000 65.000000 75.000000 1.225700
190.000000 65.000000 104.999992 1.317300
440.000000 440.000000 35.000000 0.665700
190.000000 315.000000 95.000000 0.843200
190.000000 65.000000 155.000000 1.095300
65.000000 315.000000 95.000000 1.146300
440.000000 190.000000 245.000000 1.546800
65.000000 440.000000 234.999985 0.894400
190.000000 440.000000 125.000000 0.840800
190.000000 190.000000 245.000000 1.102100
315.000000 190.000000 15.000001 1.216700
65.000000 190.000000 145.000000 1.708700
190.000000 65.000000 45.000000 1.108900
65.000000 440.000000 45.000000 0.970200
190.000000 315.000000 245.000000 0.856200
440.000000 315.000000 245.000000 0.690400
315.000000 315.000000 15.000001 1.414800
315.000000 65.000000 175.000000 0.909700
315.000000 315.000000 185.000000 1.041400
440.000000 190.000000 234.999985 1.792300
315.000000 190.000000 45.000000 1.350100
190.000000 315.000000 45.000000 1.015400
190.000000 65.000000 65.000000 1.200100
190.000000 315.000000 175.000000 1.113800
315.000000 190.000000 205.000000 1.521600
440.000000 65.000000 125.000000 0.927600
440.000000 315.000000 165.000000 0.806000
440.000000 440.000000 125.000000 0.884400
65.000000 440.000000 25.000000 1.184700
65.000000 315.000000 35.000000 1.050200
315.000000 65.000000 25.000000 0.853100
65.000000 65.000000 215.000015 0.883200
440.000000 315.000000 215.000015 0.862500
190.000000 440.000000 135.000000 0.923700
315.000000 315.000000 25.000000 1.289600
190.000000 315.000000 35.000000 1.074000
65.000000 315.000000 145.000000 1.249500
65.000000 440.000000 195.000000 1.191700
190.000000 65.000000 15.000001 0.989600
65.000000 190.000000 115.000000 1.812600
190.000000 65.000000 195.000000 0.919300
65.000000 65.000000 25.000000 1.260100
190.000000 315.000000 15.000001 1.237300
440.000000 315.000000 145.000000 0.773000
440.000000 315.000000 234.999985 0.815900
65.000000 315.000000 245.000000 0.928800
190.000000 440.000000 185.000000 1.011000
440.000000 65.000000 225.000000 1.042900
65.000000 65.000000 15.000001 1.167500
315.000000 440.000000 234.999985 0.927100
190.000000 315.000000 215.000015 1.240800
65.000000 190.000000 15.000001 1.501700
440.000000 190.000000 165.000000 1.220000
190.000000 190.000000 205.000000 1.413400
315.000000 65.000000 95.000000 1.078000
315.000000 190.000000 245.000000 1.328000
190.000000 190.000000 125.000000 1.562000
65.000000 315.000000 165.000000 1.307300
440.000000 65.000000 104.999992 0.965300
190.000000 65.000000 115.000000 1.300200
440.000000 440.000000 75.000000 0.647500
440.000000 440.000000 205.000000 0.986300
315.000000 190.000000 65.000000 1.391600
190.000000 440.000000 104.999992 0.761000
315.000000 440.000000 115.000000 0.773500
440.000000 440.000000 234.999985 1.222000
315.000000 440.000000 15.000001 0.888500
440.000000 440.000000 165.000000 1.028600
65.000000 315.000000 155.000000 1.275100
65.000000 440.000000 35.000000 1.075100
440.000000 190.000000 45.000000 1.563800
315.000000 315.000000 55.000000 0.934100
440.000000 190.000000 135.000000 1.216100
190.000000 440.000000 35.000000 0.898500
190.000000 315.000000 195.000000 1.256900
190.000000 190.000000 165.000000 1.534400
65.000000 65.000000 175.000000 0.994800
440.000000 440.000000 145.000000 1.025600
440.000000 65.000000 115.000000 0.940400
190.000000 440.000000 75.000000 0.712500
315.000000 440.000000 25.000000 0.859600
190.000000 440.000000 155.000000 1.047400
440.000000 440.000000 225.000000 1.107200
440.000000 190.000000 104.999992 1.400200
190.000000 315.000000 104.999992 0.840600
190.000000 190.000000 215.000015 1.384600
65.000000 65.000000 35.000000 1.317500
315.000000 440.000000 205.000000 0.905500
65.000000 190.000000 234.999985 0.920600
315.000000 65.000000 234.999985 0.935600
440.000000 190.000000 145.000000 1.200100
440.000000 190.000000 225.000000 1.758000
65.000000 440.000000 145.000000 1.129400
65.000000 65.000000 85.000000 1.616200
315.000000 65.000000 35.000000 0.873000
65.000000 315.000000 65.000000 1.063100
190.000000 315.000000 85.000000 0.866300
65.000000 190.000000 65.000000 1.534600
65.000000 65.000000 195.000000 0.917000
190.000000 65.000000 125.000000 1.277600
65.000000 440.000000 205.000000 1.145700
190.000000 315.000000 125.000000 0.848400
440.000000 440.000000 104.999992 0.774100
190.000000 190.000000 25.000000 1.318600
440.000000 440.000000 85.000000 0.666900
315.000000 440.000000 95.000000 0.693400
440.000000 65.000000 75.000000 0.952800
65.000000 190.000000 95.000000 1.685800
440.000000 315.000000 104.999992 0.751000
65.000000 190.000000 215.000015 1.015100
315.000000 190.000000 104.999992 1.391700
65.000000 190.000000 135.000000 1.760700
440.000000 65.000000 135.000000 0.933900
315.000000 315.000000 225.000000 1.009600
440.000000 65.000000 145.000000 0.918100
