pygeostat_saved_data
4
X
Y
Z
value
65.000000 65.000000 135.000000 1.344400
190.000000 440.000000 55.000000 0.733800
440.000000 65.000000 104.999992 1.046600
190.000000 440.000000 215.000015 0.986300
190.000000 65.000000 65.000000 1.160100
65.000000 315.000000 85.000000 1.022200
190.000000 440.000000 35.000000 0.866400
190.000000 440.000000 155.000000 1.075900
65.000000 440.000000 45.000000 0.925600
315.000000 65.000000 125.000000 1.195500
440.000000 440.000000 65.000000 0.641300
315.000000 440.000000 165.000000 1.060700
190.000000 440.000000 95.000000 0.727900
440.000000 190.000000 45.000000 1.498300
65.000000 315.000000 65.000000 1.012000
65.000000 65.000000 185.000000 0.917100
440.000000 65.000000 115.000000 1.030000
65.000000 440.000000 145.000000 1.097800
65.000000 190.000000 195.000000 1.290300
65.000000 65.000000 175.000000 0.946100
190.000000 65.000000 75.000000 1.198900
315.000000 190.000000 175.000000 1.399000
315.000000 440.000000 55.000000 0.721100
315.000000 65.000000 35.000000 0.969300
190.000000 190.000000 45.000000 1.422200
315.000000 440.000000 125.000000 0.857800
190.000000 65.000000 175.000000 0.950300
440.000000 190.000000 215.000015 1.594600
440.000000 190.000000 145.000000 1.325900
315.000000 315.000000 125.000000 0.801800
190.000000 315.000000 155.000000 0.972700
65.000000 65.000000 115.000000 1.458400
65.000000 315.000000 225.000000 1.196400
440.000000 315.000000 215.000015 0.963000
440.000000 190.000000 125.000000 1.351300
315.000000 315.000000 65.000000 0.919300
315.000000 190.000000 145.000000 1.476200
190.000000 440.000000 45.000000 0.794200
65.000000 190.000000 225.000000 1.153200
315.000000 190.000000 115.000000 1.518900
65.000000 190.000000 135.000000 1.659600
65.000000 190.000000 155.000000 1.542500
440.000000 65.000000 205.000000 1.001300
440.000000 440.000000 165.000000 1.017400
65.000000 190.000000 35.000000 1.459300
190.000000 315.000000 55.000000 0.974900
315.000000 315.000000 45.000000 1.031500
65.000000 315.000000 175.000000 1.208900
190.000000 190.000000 175.000000 1.414000
190.000000 190.000000 55.000000 1.456000
315.000000 190.000000 55.000000 1.468500
315.000000 65.000000 15.000001 0.910900
315.000000 190.000000 25.000000 1.353400
315.000000 190.000000 155.000000 1.430600
65.000000 440.000000 75.000000 0.767400
440.000000 315.000000 65.000000 0.861600
190.000000 190.000000 155.000000 1.460200
440.000000 440.000000 175.000000 0.992600
315.000000 440.000000 245.000000 0.838000
440.000000 315.000000 95.000000 0.736000
315.000000 190.000000 95.000000 1.501800
65.000000 190.000000 205.000000 1.252100
190.000000 440.000000 25.000000 0.933600
190.000000 440.000000 195.000000 1.021400
315.000000 315.000000 234.999985 0.981300
315.000000 190.000000 75.000000 1.477900
190.000000 315.000000 95.000000 0.871100
315.000000 190.000000 125.000000 1.479900
65.000000 65.000000 165.000000 1.031200
65.000000 65.000000 55.000000 1.294800
190.000000 190.000000 234.999985 1.401900
315.000000 315.000000 35.000000 1.115800
190.000000 190.000000 225.000000 1.438200
440.000000 315.000000 245.000000 0.745500
440.000000 190.000000 175.000000 1.329800
315.000000 65.000000 155.000000 1.052900
190.000000 65.000000 135.000000 1.189800
190.000000 440.000000 85.000000 0.704500
65.000000 440.000000 35.000000 1.024800
440.000000 315.000000 225.000000 0.937300
65.000000 315.000000 104.999992 1.027900
65.000000 440.000000 205.000000 1.065500
65.000000 440.000000 195.000000 1.109400
315.000000 315.000000 95.000000 0.822800
315.000000 65.000000 175.000000 0.941000
190.000000 190.000000 95.000000 1.507900
190.000000 440.000000 135.000000 0.961000
440.000000 440.000000 104.999992 0.748700
440.000000 65.000000 175.000000 0.957100
65.000000 190.000000 165.000000 1.502700
440.000000 65.000000 215.000015 1.010800
315.000000 65.000000 135.000000 1.170400
440.000000 440.000000 95.000000 0.681000
65.000000 315.000000 145.000000 1.107000
315.000000 440.000000 25.000000 0.923100
190.000000 190.000000 15.000001 1.303000
440.000000 440.000000 215.000015 1.004100
190.000000 440.000000 234.999985 0.959600
65.000000 190.000000 75.000000 1.487700
440.000000 440.000000 225.000000 1.047400
315.000000 190.000000 104.999992 1.505700
190.000000 190.000000 65.000000 1.450100
65.000000 65.000000 45.000000 1.239200
65.000000 440.000000 115.000000 0.866300
65.000000 65.000000 155.000000 1.143200
315.000000 315.000000 155.000000 0.918200
315.000000 190.000000 165.000000 1.421100
315.000000 65.000000 25.000000 0.956900
190.000000 440.000000 115.000000 0.822800
315.000000 315.000000 55.000000 0.958300
315.000000 440.000000 234.999985 0.966900
315.000000 440.000000 195.000000 1.000400
190.000000 315.000000 35.000000 1.106100
315.000000 440.000000 65.000000 0.710300
65.000000 315.000000 125.000000 1.030600
190.000000 440.000000 185.000000 1.035400
315.000000 65.000000 85.000000 1.227600
65.000000 190.000000 234.999985 1.094000
440.000000 65.000000 85.000000 1.048800
65.000000 440.000000 215.000015 1.006700
315.000000 190.000000 65.000000 1.464600
315.000000 440.000000 115.000000 0.814600
440.000000 190.000000 35.000000 1.389500
440.000000 315.000000 55.000000 0.936800
440.000000 315.000000 35.000000 1.124800
440.000000 65.000000 75.000000 0.998000
440.000000 315.000000 165.000000 0.841500
190.000000 440.000000 15.000001 0.960800
440.000000 190.000000 225.000000 1.693400
315.000000 190.000000 225.000000 1.455500
315.000000 315.000000 215.000015 1.097900
190.000000 65.000000 155.000000 1.066300
440.000000 190.000000 75.000000 1.559800
440.000000 65.000000 234.999985 1.042000
315.000000 65.000000 55.000000 1.078500
190.000000 190.000000 145.000000 1.515800
440.000000 440.000000 155.000000 1.035000
315.000000 65.000000 95.000000 1.233200
190.000000 190.000000 35.000000 1.369000
65.000000 65.000000 215.000015 0.869600
190.000000 315.000000 145.000000 0.936200
315.000000 440.000000 205.000000 0.986200
190.000000 315.000000 175.000000 1.072800
315.000000 65.000000 195.000000 0.929900
65.000000 440.000000 55.000000 0.841800
315.000000 190.000000 234.999985 1.423300
190.000000 65.000000 215.000015 0.938900
440.000000 65.000000 135.000000 1.019100
440.000000 315.000000 25.000000 1.239700
315.000000 315.000000 205.000000 1.142000
440.000000 315.000000 85.000000 0.773000
315.000000 190.000000 245.000000 1.191900
440.000000 440.000000 75.000000 0.642700
440.000000 440.000000 205.000000 0.972800
190.000000 315.000000 45.000000 1.036600
190.000000 65.000000 25.000000 0.994100
65.000000 65.000000 205.000000 0.867900
190.000000 315.000000 75.000000 0.901200
65.000000 65.000000 125.000000 1.408200
190.000000 65.000000 225.000000 0.934500
315.000000 315.000000 225.000000 1.051700
440.000000 65.000000 65.000000 0.955500
440.000000 315.000000 175.000000 0.890400
440.000000 65.000000 165.000000 0.955900
315.000000 440.000000 85.000000 0.695200
440.000000 440.000000 135.000000 0.936100
190.000000 315.000000 104.999992 0.865000
315.000000 315.000000 85.000000 0.849800
65.000000 315.000000 234.999985 1.095100
65.000000 440.000000 225.000000 0.923900
190.000000 315.000000 65.000000 0.930900
65.000000 440.000000 185.000000 1.139600
315.000000 65.000000 104.999992 1.239800
65.000000 315.000000 15.000001 1.170600
65.000000 315.000000 115.000000 1.037700
315.000000 315.000000 104.999992 0.809300
65.000000 315.000000 185.000000 1.272100
440.000000 315.000000 45.000000 1.032300
315.000000 65.000000 65.000000 1.135500
315.000000 315.000000 115.000000 0.817100
190.000000 65.000000 35.000000 1.029800
65.000000 440.000000 125.000000 0.935900
190.000000 315.000000 15.000001 1.258000
65.000000 315.000000 205.000000 1.310900
315.000000 315.000000 135.000000 0.850900
315.000000 315.000000 25.000000 1.215800
190.000000 65.000000 85.000000 1.253200
65.000000 190.000000 95.000000 1.589800
440.000000 65.000000 155.000000 0.971900
65.000000 65.000000 85.000000 1.456600
190.000000 190.000000 165.000000 1.450500
190.000000 190.000000 245.000000 1.167400
315.000000 315.000000 75.000000 0.886700
190.000000 440.000000 175.000000 1.071600
190.000000 65.000000 145.000000 1.115700
65.000000 190.000000 245.000000 0.912100
190.000000 315.000000 195.000000 1.177000
65.000000 190.000000 175.000000 1.421300
190.000000 440.000000 145.000000 1.030200
190.000000 315.000000 185.000000 1.128200
315.000000 315.000000 245.000000 0.795600
440.000000 190.000000 115.000000 1.408900
315.000000 65.000000 45.000000 1.032900
190.000000 190.000000 125.000000 1.503500
190.000000 190.000000 75.000000 1.469500
65.000000 65.000000 234.999985 0.881000
65.000000 315.000000 135.000000 1.073500
440.000000 190.000000 85.000000 1.549300
440.000000 190.000000 65.000000 1.571500
65.000000 440.000000 135.000000 1.012500
440.000000 440.000000 185.000000 0.967000
315.000000 315.000000 165.000000 0.967200
315.000000 440.000000 95.000000 0.716900
65.000000 190.000000 215.000015 1.178800
190.000000 440.000000 65.000000 0.722000
315.000000 440.000000 15.000001 0.940200
65.000000 65.000000 245.000000 0.777400
65.000000 440.000000 15.000001 1.164700
440.000000 440.000000 15.000001 0.756200
440.000000 315.000000 185.000000 0.956000
440.000000 440.000000 45.000000 0.666300
65.000000 65.000000 104.999992 1.474000
440.000000 190.000000 165.000000 1.316900
65.000000 440.000000 25.000000 1.121000
440.000000 65.000000 245.000000 0.911900
440.000000 190.000000 55.000000 1.556700
190.000000 65.000000 125.000000 1.220300
190.000000 315.000000 25.000000 1.192200
440.000000 440.000000 234.999985 1.139300
65.000000 440.000000 175.000000 1.167000
65.000000 190.000000 185.000000 1.306300
65.000000 65.000000 95.000000 1.470500
440.000000 315.000000 205.000000 0.998400
440.000000 440.000000 145.000000 0.998000
315.000000 190.000000 185.000000 1.347700
440.000000 190.000000 95.000000 1.507300
315.000000 190.000000 35.000000 1.380900
440.000000 65.000000 45.000000 0.859100
315.000000 315.000000 175.000000 1.043600
65.000000 190.000000 104.999992 1.643300
315.000000 65.000000 234.999985 0.944700
190.000000 190.000000 215.000015 1.401800
190.000000 65.000000 104.999992 1.266300
315.000000 440.000000 175.000000 1.054800
65.000000 440.000000 234.999985 0.862600
65.000000 65.000000 25.000000 1.151600
315.000000 440.000000 35.000000 0.845100
190.000000 65.000000 185.000000 0.941400
190.000000 65.000000 165.000000 0.999500
65.000000 440.000000 165.000000 1.176200
65.000000 440.000000 85.000000 0.757900
65.000000 315.000000 55.000000 1.021100
315.000000 65.000000 185.000000 0.932900
315.000000 65.000000 115.000000 1.225000
65.000000 315.000000 245.000000 0.875800
440.000000 65.000000 195.000000 0.981700
315.000000 190.000000 85.000000 1.501000
440.000000 190.000000 185.000000 1.357400
315.000000 65.000000 165.000000 0.987700
190.000000 65.000000 55.000000 1.104900
315.000000 315.000000 145.000000 0.876500
440.000000 190.000000 15.000001 1.242500
315.000000 190.000000 215.000015 1.412000
65.000000 440.000000 95.000000 0.782900
440.000000 65.000000 25.000000 0.785000
65.000000 190.000000 115.000000 1.694100
440.000000 315.000000 155.000000 0.801700
190.000000 65.000000 115.000000 1.249300
190.000000 315.000000 85.000000 0.897200
65.000000 440.000000 104.999992 0.838300
315.000000 65.000000 205.000000 0.928200
315.000000 65.000000 215.000015 0.933200
190.000000 440.000000 75.000000 0.704800
315.000000 190.000000 45.000000 1.436500
190.000000 190.000000 195.000000 1.389400
65.000000 65.000000 35.000000 1.212600
65.000000 315.000000 195.000000 1.316800
190.000000 65.000000 45.000000 1.067400
190.000000 315.000000 165.000000 1.013000
440.000000 65.000000 95.000000 1.031600
440.000000 315.000000 195.000000 0.987000
65.000000 440.000000 155.000000 1.152500
315.000000 190.000000 15.000001 1.306500
440.000000 65.000000 125.000000 1.014400
190.000000 440.000000 104.999992 0.782200
440.000000 315.000000 234.999985 0.894300
65.000000 315.000000 45.000000 1.055300
190.000000 315.000000 234.999985 1.003000
440.000000 440.000000 35.000000 0.696200
440.000000 65.000000 15.000001 0.745000
190.000000 440.000000 225.000000 0.961900
315.000000 440.000000 104.999992 0.774300
190.000000 65.000000 195.000000 0.936100
65.000000 65.000000 195.000000 0.890200
315.000000 440.000000 215.000015 0.970000
190.000000 190.000000 104.999992 1.521600
315.000000 440.000000 75.000000 0.692900
190.000000 65.000000 234.999985 0.949300
65.000000 65.000000 65.000000 1.341400
190.000000 315.000000 225.000000 1.085000
440.000000 440.000000 25.000000 0.736500
440.000000 65.000000 55.000000 0.910300
65.000000 315.000000 95.000000 1.012700
315.000000 440.000000 185.000000 1.016000
315.000000 190.000000 135.000000 1.476400
315.000000 440.000000 145.000000 1.019600
190.000000 315.000000 215.000015 1.142200
