pygeostat_saved_data
4
X
Y
Z
value
315.000000 65.000000 75.000000 0.818100
315.000000 190.000000 15.000001 1.085800
65.000000 190.000000 125.000000 1.879100
440.000000 440.000000 125.000000 0.907700
65.000000 315.000000 45.000000 1.004400
190.000000 440.000000 195.000000 0.933200
65.000000 190.000000 245.000000 0.635600
65.000000 190.000000 155.000000 1.619900
440.000000 65.000000 155.000000 0.906000
440.000000 190.000000 95.000000 1.453800
440.000000 440.000000 225.000000 1.175700
65.000000 315.000000 234.999985 1.112900
65.000000 315.000000 115.000000 1.284700
190.000000 315.000000 85.000000 0.690100
440.000000 190.000000 155.000000 1.140800
315.000000 190.000000 185.000000 1.575200
315.000000 315.000000 165.000000 0.827300
190.000000 190.000000 115.000000 1.644600
315.000000 190.000000 104.999992 1.173500
65.000000 315.000000 55.000000 1.045100
190.000000 190.000000 245.000000 0.940400
315.000000 65.000000 205.000000 0.855700
65.000000 65.000000 215.000015 0.923000
65.000000 440.000000 225.000000 1.064200
65.000000 190.000000 185.000000 1.226200
190.000000 315.000000 75.000000 0.713800
440.000000 190.000000 165.000000 1.170200
440.000000 190.000000 175.000000 1.232300
190.000000 190.000000 215.000015 1.246500
190.000000 315.000000 104.999992 0.675700
190.000000 440.000000 225.000000 0.789700
440.000000 440.000000 205.000000 1.021000
65.000000 65.000000 185.000000 1.019700
65.000000 190.000000 225.000000 0.835200
65.000000 65.000000 55.000000 1.507300
190.000000 65.000000 115.000000 1.454500
190.000000 440.000000 25.000000 0.967000
315.000000 190.000000 125.000000 1.212400
65.000000 65.000000 45.000000 1.463000
315.000000 440.000000 145.000000 0.970700
190.000000 65.000000 55.000000 1.177300
440.000000 190.000000 65.000000 1.613200
190.000000 315.000000 245.000000 1.020100
190.000000 190.000000 185.000000 1.406200
190.000000 315.000000 25.000000 1.056600
65.000000 65.000000 75.000000 1.673500
315.000000 190.000000 245.000000 1.577200
65.000000 190.000000 15.000001 1.551800
65.000000 315.000000 205.000000 1.341200
190.000000 315.000000 165.000000 1.044500
315.000000 65.000000 245.000000 0.827600
315.000000 440.000000 165.000000 0.928700
315.000000 65.000000 234.999985 0.912100
440.000000 440.000000 245.000000 1.234700
65.000000 315.000000 125.000000 1.289300
65.000000 190.000000 25.000000 1.583200
65.000000 440.000000 95.000000 0.809300
190.000000 190.000000 85.000000 1.460800
440.000000 440.000000 115.000000 0.839900
190.000000 440.000000 125.000000 0.737600
190.000000 440.000000 155.000000 0.936300
65.000000 65.000000 205.000000 0.933300
440.000000 190.000000 205.000000 1.636200
440.000000 315.000000 145.000000 0.754000
190.000000 440.000000 35.000000 0.891400
190.000000 190.000000 55.000000 1.357200
440.000000 315.000000 85.000000 0.819300
190.000000 65.000000 175.000000 1.013400
65.000000 440.000000 155.000000 1.239500
440.000000 315.000000 155.000000 0.755800
315.000000 440.000000 225.000000 0.727600
440.000000 315.000000 225.000000 0.699100
440.000000 65.000000 45.000000 0.740200
440.000000 315.000000 104.999992 0.765900
65.000000 190.000000 234.999985 0.785200
65.000000 315.000000 245.000000 0.895800
65.000000 315.000000 175.000000 1.353500
315.000000 440.000000 195.000000 0.767900
315.000000 65.000000 155.000000 0.792800
440.000000 65.000000 115.000000 0.864900
190.000000 315.000000 125.000000 0.716800
65.000000 65.000000 245.000000 0.786500
440.000000 190.000000 75.000000 1.578600
315.000000 190.000000 85.000000 1.178800
315.000000 65.000000 145.000000 0.787800
65.000000 190.000000 165.000000 1.524400
65.000000 440.000000 245.000000 0.764400
65.000000 65.000000 85.000000 1.730400
190.000000 65.000000 165.000000 1.100800
190.000000 440.000000 95.000000 0.636700
65.000000 190.000000 95.000000 1.756800
440.000000 315.000000 45.000000 1.061800
440.000000 65.000000 55.000000 0.791800
440.000000 190.000000 185.000000 1.349600
440.000000 65.000000 104.999992 0.879400
65.000000 65.000000 175.000000 1.078100
315.000000 315.000000 135.000000 0.642400
440.000000 315.000000 135.000000 0.741300
190.000000 65.000000 225.000000 0.866100
65.000000 440.000000 35.000000 1.084100
440.000000 315.000000 245.000000 0.597100
190.000000 190.000000 155.000000 1.695100
315.000000 65.000000 165.000000 0.780300
190.000000 190.000000 135.000000 1.731000
440.000000 440.000000 215.000015 1.083800
65.000000 315.000000 155.000000 1.346800
315.000000 440.000000 104.999992 0.764500
440.000000 190.000000 215.000015 1.762500
190.000000 65.000000 135.000000 1.405300
315.000000 315.000000 25.000000 1.543500
440.000000 190.000000 115.000000 1.288000
440.000000 65.000000 175.000000 0.948900
190.000000 440.000000 65.000000 0.702400
65.000000 65.000000 35.000000 1.375500
190.000000 315.000000 65.000000 0.743500
440.000000 65.000000 125.000000 0.862500
190.000000 440.000000 85.000000 0.635500
440.000000 65.000000 95.000000 0.880800
190.000000 190.000000 65.000000 1.355200
315.000000 65.000000 195.000000 0.826500
190.000000 65.000000 45.000000 1.111000
315.000000 315.000000 155.000000 0.750200
315.000000 315.000000 55.000000 0.993800
190.000000 65.000000 205.000000 0.885700
65.000000 315.000000 215.000015 1.280100
65.000000 190.000000 65.000000 1.565000
190.000000 315.000000 215.000015 1.444400
190.000000 315.000000 35.000000 0.955500
190.000000 190.000000 95.000000 1.537400
190.000000 315.000000 15.000001 1.141100
440.000000 190.000000 135.000000 1.154800
440.000000 315.000000 125.000000 0.736200
190.000000 65.000000 145.000000 1.284700
65.000000 315.000000 75.000000 1.118900
315.000000 315.000000 185.000000 1.027900
190.000000 65.000000 75.000000 1.312500
65.000000 65.000000 225.000000 0.906900
315.000000 440.000000 95.000000 0.717200
440.000000 315.000000 95.000000 0.778100
315.000000 315.000000 104.999992 0.633200
65.000000 440.000000 145.000000 1.143000
65.000000 440.000000 215.000015 1.174300
315.000000 65.000000 45.000000 0.822600
315.000000 440.000000 245.000000 0.650900
190.000000 315.000000 185.000000 1.311600
315.000000 315.000000 35.000000 1.316800
440.000000 65.000000 145.000000 0.879800
190.000000 440.000000 215.000015 0.867100
65.000000 440.000000 75.000000 0.786000
440.000000 315.000000 175.000000 0.756700
440.000000 440.000000 95.000000 0.713500
440.000000 190.000000 35.000000 1.392700
440.000000 440.000000 25.000000 0.634800
315.000000 190.000000 55.000000 1.187900
440.000000 315.000000 55.000000 0.984400
190.000000 315.000000 145.000000 0.854200
190.000000 65.000000 125.000000 1.485600
440.000000 315.000000 165.000000 0.746000
190.000000 440.000000 104.999992 0.662700
315.000000 65.000000 125.000000 0.820900
190.000000 190.000000 15.000001 1.304600
440.000000 190.000000 55.000000 1.576500
65.000000 65.000000 25.000000 1.305100
190.000000 440.000000 55.000000 0.752600
190.000000 190.000000 35.000000 1.306900
440.000000 65.000000 85.000000 0.892600
315.000000 190.000000 225.000000 1.922300
190.000000 440.000000 234.999985 0.749800
65.000000 65.000000 155.000000 1.360800
315.000000 65.000000 104.999992 0.822300
65.000000 190.000000 104.999992 1.837100
190.000000 190.000000 175.000000 1.537300
315.000000 65.000000 65.000000 0.831200
440.000000 315.000000 115.000000 0.740200
65.000000 65.000000 135.000000 1.617300
315.000000 315.000000 175.000000 0.915700
315.000000 190.000000 95.000000 1.171700
65.000000 440.000000 55.000000 0.879700
65.000000 315.000000 145.000000 1.322200
65.000000 315.000000 135.000000 1.320700
315.000000 65.000000 215.000015 0.870000
315.000000 440.000000 15.000001 0.927000
190.000000 65.000000 195.000000 0.905100
440.000000 65.000000 135.000000 0.874400
315.000000 440.000000 215.000015 0.729300
315.000000 190.000000 175.000000 1.491100
315.000000 190.000000 65.000000 1.189200
190.000000 440.000000 245.000000 0.605600
190.000000 190.000000 225.000000 1.247200
315.000000 440.000000 155.000000 0.970400
315.000000 440.000000 185.000000 0.805700
65.000000 65.000000 165.000000 1.203600
65.000000 440.000000 45.000000 0.977100
440.000000 190.000000 225.000000 1.893200
315.000000 440.000000 234.999985 0.741700
190.000000 440.000000 185.000000 0.967900
440.000000 190.000000 15.000001 1.213000
65.000000 440.000000 135.000000 1.047200
440.000000 65.000000 225.000000 1.085700
315.000000 315.000000 45.000000 1.148600
315.000000 315.000000 115.000000 0.610000
440.000000 65.000000 35.000000 0.688600
440.000000 440.000000 35.000000 0.616300
190.000000 315.000000 95.000000 0.668700
440.000000 315.000000 75.000000 0.856000
315.000000 440.000000 45.000000 0.774500
65.000000 315.000000 185.000000 1.356400
65.000000 315.000000 165.000000 1.355500
190.000000 65.000000 85.000000 1.391100
315.000000 440.000000 85.000000 0.709300
440.000000 440.000000 175.000000 1.011500
440.000000 65.000000 75.000000 0.855700
315.000000 190.000000 155.000000 1.379400
65.000000 440.000000 65.000000 0.826000
65.000000 65.000000 104.999992 1.810100
440.000000 190.000000 104.999992 1.368800
440.000000 65.000000 195.000000 1.036600
315.000000 440.000000 125.000000 0.856000
65.000000 315.000000 25.000000 0.930800
440.000000 190.000000 85.000000 1.536300
190.000000 440.000000 175.000000 0.963700
190.000000 65.000000 245.000000 0.782500
190.000000 65.000000 15.000001 0.941600
65.000000 190.000000 85.000000 1.679900
65.000000 190.000000 35.000000 1.564900
440.000000 190.000000 245.000000 1.682500
440.000000 190.000000 145.000000 1.137900
315.000000 65.000000 15.000001 0.885900
440.000000 440.000000 165.000000 1.043900
65.000000 65.000000 195.000000 0.980400
190.000000 440.000000 145.000000 0.871500
315.000000 190.000000 145.000000 1.301000
440.000000 440.000000 185.000000 0.980100
190.000000 315.000000 135.000000 0.780100
190.000000 190.000000 145.000000 1.752100
440.000000 315.000000 185.000000 0.768200
440.000000 440.000000 15.000001 0.651800
440.000000 440.000000 55.000000 0.608400
440.000000 440.000000 234.999985 1.312000
440.000000 440.000000 65.000000 0.619200
65.000000 190.000000 45.000000 1.557700
315.000000 65.000000 55.000000 0.827000
65.000000 190.000000 215.000015 0.908600
65.000000 65.000000 15.000001 1.213000
440.000000 315.000000 234.999985 0.687900
190.000000 190.000000 165.000000 1.641300
315.000000 190.000000 115.000000 1.197700
315.000000 315.000000 205.000000 1.113700
190.000000 440.000000 115.000000 0.701700
315.000000 315.000000 245.000000 0.709900
440.000000 65.000000 234.999985 1.113200
315.000000 440.000000 25.000000 0.872000
440.000000 65.000000 165.000000 0.917000
65.000000 65.000000 234.999985 0.898000
190.000000 190.000000 25.000000 1.323400
440.000000 190.000000 25.000000 1.314400
315.000000 440.000000 135.000000 0.910500
315.000000 190.000000 234.999985 1.902200
315.000000 65.000000 95.000000 0.808800
440.000000 190.000000 234.999985 1.925000
190.000000 65.000000 35.000000 1.047100
65.000000 440.000000 234.999985 0.973900
190.000000 440.000000 75.000000 0.666100
190.000000 190.000000 125.000000 1.694200
65.000000 190.000000 75.000000 1.621800
65.000000 440.000000 15.000001 1.242600
65.000000 315.000000 35.000000 0.974200
315.000000 190.000000 45.000000 1.163300
65.000000 315.000000 225.000000 1.201600
65.000000 315.000000 95.000000 1.217000
440.000000 190.000000 195.000000 1.477900
315.000000 190.000000 165.000000 1.434800
440.000000 65.000000 205.000000 1.064500
65.000000 440.000000 165.000000 1.287800
315.000000 440.000000 75.000000 0.706000
440.000000 315.000000 15.000001 1.372400
65.000000 440.000000 104.999992 0.855400
190.000000 315.000000 115.000000 0.703300
65.000000 190.000000 195.000000 1.131100
65.000000 315.000000 15.000001 0.857000
65.000000 315.000000 65.000000 1.069100
440.000000 65.000000 65.000000 0.833800
315.000000 65.000000 225.000000 0.883300
65.000000 190.000000 55.000000 1.588500
190.000000 315.000000 55.000000 0.810000
440.000000 315.000000 65.000000 0.904400
65.000000 440.000000 85.000000 0.779300
190.000000 65.000000 215.000015 0.884800
190.000000 190.000000 75.000000 1.420400
440.000000 190.000000 45.000000 1.524500
65.000000 65.000000 145.000000 1.470700
315.000000 315.000000 195.000000 1.088300
190.000000 440.000000 45.000000 0.815400
190.000000 65.000000 104.999992 1.456700
190.000000 440.000000 15.000001 1.014600
65.000000 190.000000 145.000000 1.768700
190.000000 65.000000 185.000000 0.947800
190.000000 440.000000 205.000000 0.893600
65.000000 440.000000 115.000000 0.890500
65.000000 190.000000 175.000000 1.388800
190.000000 190.000000 234.999985 1.188000
315.000000 65.000000 135.000000 0.813800
315.000000 440.000000 115.000000 0.787500
65.000000 65.000000 95.000000 1.803700
190.000000 190.000000 205.000000 1.301700
315.000000 65.000000 115.000000 0.815500
440.000000 65.000000 215.000015 1.084500
