pygeostat_saved_data
4
X
Y
Z
value
440.000000 190.000000 205.000000 1.505900
190.000000 440.000000 45.000000 0.790100
190.000000 315.000000 75.000000 0.672000
65.000000 315.000000 115.000000 1.434200
190.000000 190.000000 104.999992 1.638400
190.000000 65.000000 95.000000 1.487900
65.000000 440.000000 225.000000 1.106200
190.000000 315.000000 205.000000 1.525200
315.000000 315.000000 25.000000 1.641800
190.000000 190.000000 155.000000 1.767100
190.000000 190.000000 75.000000 1.417000
440.000000 190.000000 165.000000 1.107000
440.000000 65.000000 185.000000 1.072000
315.000000 315.000000 45.000000 1.198200
440.000000 65.000000 95.000000 1.003300
315.000000 190.000000 115.000000 1.134600
315.000000 190.000000 215.000015 1.864300
315.000000 190.000000 234.999985 1.927700
190.000000 440.000000 55.000000 0.729200
315.000000 440.000000 115.000000 0.792000
190.000000 65.000000 135.000000 1.480200
315.000000 315.000000 195.000000 1.061800
65.000000 440.000000 215.000015 1.219600
440.000000 65.000000 165.000000 1.005200
440.000000 190.000000 15.000001 1.293800
190.000000 440.000000 104.999992 0.626000
190.000000 65.000000 205.000000 0.914400
440.000000 315.000000 104.999992 0.816200
190.000000 440.000000 95.000000 0.598900
65.000000 65.000000 125.000000 1.680400
315.000000 190.000000 225.000000 1.934500
440.000000 65.000000 85.000000 1.013600
315.000000 440.000000 85.000000 0.715600
315.000000 440.000000 104.999992 0.762900
440.000000 440.000000 225.000000 1.311400
440.000000 440.000000 185.000000 1.059000
190.000000 315.000000 55.000000 0.769300
65.000000 440.000000 205.000000 1.304900
315.000000 65.000000 175.000000 0.742700
315.000000 190.000000 25.000000 1.087100
315.000000 440.000000 45.000000 0.791500
440.000000 315.000000 155.000000 0.798500
65.000000 440.000000 15.000001 1.329200
190.000000 440.000000 165.000000 0.908500
190.000000 190.000000 65.000000 1.357100
440.000000 315.000000 145.000000 0.809600
315.000000 315.000000 135.000000 0.611600
440.000000 315.000000 125.000000 0.791200
440.000000 65.000000 234.999985 1.169200
315.000000 65.000000 35.000000 0.854200
315.000000 190.000000 15.000001 1.067800
315.000000 315.000000 215.000015 1.026200
190.000000 65.000000 25.000000 1.009900
65.000000 65.000000 104.999992 1.822300
65.000000 65.000000 225.000000 0.900800
315.000000 65.000000 185.000000 0.754100
65.000000 190.000000 135.000000 1.811300
190.000000 315.000000 104.999992 0.640400
315.000000 315.000000 125.000000 0.569400
440.000000 440.000000 135.000000 1.003300
65.000000 190.000000 245.000000 0.606700
315.000000 190.000000 45.000000 1.113200
65.000000 190.000000 35.000000 1.659200
440.000000 65.000000 115.000000 0.971800
65.000000 190.000000 195.000000 1.094800
440.000000 440.000000 95.000000 0.704900
315.000000 65.000000 215.000015 0.825500
65.000000 315.000000 175.000000 1.412400
315.000000 315.000000 35.000000 1.394800
440.000000 65.000000 75.000000 0.956800
190.000000 315.000000 175.000000 1.171000
315.000000 65.000000 85.000000 0.773700
440.000000 190.000000 215.000015 1.609800
190.000000 65.000000 185.000000 0.983600
315.000000 315.000000 185.000000 1.004700
315.000000 315.000000 15.000001 1.886400
440.000000 440.000000 25.000000 0.593000
190.000000 315.000000 135.000000 0.744600
190.000000 190.000000 35.000000 1.299300
190.000000 315.000000 95.000000 0.623300
315.000000 440.000000 185.000000 0.777800
315.000000 315.000000 104.999992 0.606000
315.000000 440.000000 245.000000 0.589900
65.000000 65.000000 25.000000 1.374900
315.000000 315.000000 115.000000 0.582700
190.000000 315.000000 185.000000 1.330400
315.000000 440.000000 125.000000 0.837400
65.000000 190.000000 25.000000 1.674900
315.000000 190.000000 185.000000 1.606600
190.000000 440.000000 205.000000 0.868500
65.000000 315.000000 55.000000 1.129800
190.000000 65.000000 115.000000 1.530900
65.000000 190.000000 45.000000 1.651600
440.000000 65.000000 45.000000 0.776700
190.000000 65.000000 225.000000 0.880000
65.000000 190.000000 115.000000 1.934500
315.000000 190.000000 65.000000 1.124700
190.000000 65.000000 15.000001 0.948400
315.000000 190.000000 245.000000 1.604200
315.000000 440.000000 225.000000 0.674200
65.000000 440.000000 25.000000 1.282200
440.000000 315.000000 65.000000 0.909100
190.000000 440.000000 65.000000 0.677500
440.000000 65.000000 245.000000 1.011800
315.000000 440.000000 175.000000 0.827200
190.000000 315.000000 35.000000 0.907500
190.000000 190.000000 215.000015 1.214400
65.000000 65.000000 45.000000 1.526300
440.000000 190.000000 234.999985 1.815100
440.000000 65.000000 15.000001 0.609100
190.000000 190.000000 115.000000 1.705400
65.000000 65.000000 195.000000 0.955500
65.000000 315.000000 75.000000 1.239100
190.000000 315.000000 195.000000 1.473700
315.000000 315.000000 245.000000 0.666100
440.000000 65.000000 215.000015 1.164700
65.000000 190.000000 15.000001 1.604600
65.000000 315.000000 234.999985 1.092200
190.000000 440.000000 215.000015 0.831000
65.000000 315.000000 45.000000 1.077000
315.000000 65.000000 125.000000 0.742100
65.000000 65.000000 115.000000 1.784000
315.000000 315.000000 75.000000 0.779900
65.000000 315.000000 155.000000 1.440300
440.000000 315.000000 115.000000 0.807900
440.000000 440.000000 245.000000 1.405100
190.000000 65.000000 195.000000 0.943800
440.000000 65.000000 25.000000 0.647800
440.000000 65.000000 205.000000 1.126200
190.000000 315.000000 215.000015 1.515200
190.000000 440.000000 115.000000 0.654900
190.000000 65.000000 125.000000 1.515300
65.000000 190.000000 85.000000 1.726000
190.000000 190.000000 45.000000 1.323000
315.000000 440.000000 55.000000 0.741000
65.000000 65.000000 245.000000 0.781700
315.000000 190.000000 145.000000 1.262400
440.000000 65.000000 155.000000 0.978900
315.000000 65.000000 225.000000 0.841800
190.000000 440.000000 25.000000 0.923200
65.000000 440.000000 55.000000 0.936300
190.000000 440.000000 155.000000 0.874100
315.000000 190.000000 205.000000 1.826700
65.000000 440.000000 185.000000 1.401200
440.000000 315.000000 15.000001 1.192100
65.000000 315.000000 205.000000 1.326000
65.000000 315.000000 25.000000 0.978800
440.000000 65.000000 225.000000 1.165600
440.000000 440.000000 175.000000 1.075600
190.000000 440.000000 35.000000 0.854900
65.000000 65.000000 185.000000 0.994300
440.000000 315.000000 35.000000 1.099800
65.000000 440.000000 75.000000 0.838300
440.000000 65.000000 125.000000 0.945600
315.000000 315.000000 55.000000 1.015900
315.000000 65.000000 65.000000 0.793700
315.000000 440.000000 145.000000 0.955800
190.000000 65.000000 175.000000 1.076400
65.000000 65.000000 65.000000 1.627800
65.000000 315.000000 215.000015 1.272000
315.000000 315.000000 205.000000 1.077900
440.000000 190.000000 25.000000 1.434000
315.000000 440.000000 155.000000 0.948900
190.000000 440.000000 75.000000 0.638600
65.000000 65.000000 135.000000 1.580500
65.000000 190.000000 65.000000 1.642800
65.000000 190.000000 95.000000 1.794100
190.000000 190.000000 205.000000 1.269200
440.000000 65.000000 175.000000 1.033800
440.000000 190.000000 104.999992 1.502300
65.000000 65.000000 55.000000 1.560500
65.000000 190.000000 155.000000 1.561600
440.000000 315.000000 55.000000 0.970900
65.000000 65.000000 215.000015 0.902700
190.000000 190.000000 55.000000 1.338400
440.000000 190.000000 125.000000 1.253500
65.000000 190.000000 55.000000 1.663300
315.000000 440.000000 215.000015 0.683500
65.000000 440.000000 125.000000 1.048700
315.000000 440.000000 234.999985 0.678100
315.000000 65.000000 15.000001 0.927300
440.000000 315.000000 215.000015 0.701000
315.000000 315.000000 145.000000 0.672500
190.000000 440.000000 185.000000 0.912000
190.000000 190.000000 135.000000 1.824600
440.000000 315.000000 165.000000 0.787400
190.000000 65.000000 215.000015 0.900800
190.000000 440.000000 175.000000 0.920500
315.000000 315.000000 85.000000 0.711800
65.000000 65.000000 75.000000 1.715200
65.000000 190.000000 185.000000 1.198300
190.000000 315.000000 65.000000 0.698800
315.000000 315.000000 65.000000 0.891100
65.000000 315.000000 225.000000 1.182700
440.000000 315.000000 234.999985 0.703600
440.000000 440.000000 205.000000 1.120100
440.000000 190.000000 95.000000 1.620500
65.000000 440.000000 245.000000 0.768500
440.000000 315.000000 75.000000 0.883500
315.000000 65.000000 115.000000 0.751100
315.000000 190.000000 175.000000 1.487300
315.000000 65.000000 25.000000 0.902000
190.000000 65.000000 55.000000 1.235700
65.000000 190.000000 205.000000 0.981400
440.000000 65.000000 55.000000 0.861100
315.000000 440.000000 25.000000 0.895100
65.000000 190.000000 215.000015 0.859200
315.000000 65.000000 75.000000 0.788000
65.000000 190.000000 234.999985 0.744500
315.000000 440.000000 195.000000 0.732700
190.000000 440.000000 195.000000 0.902800
315.000000 440.000000 75.000000 0.712300
190.000000 440.000000 135.000000 0.748200
315.000000 315.000000 165.000000 0.808200
65.000000 315.000000 245.000000 0.865000
315.000000 190.000000 195.000000 1.698400
440.000000 190.000000 135.000000 1.177000
440.000000 190.000000 185.000000 1.251700
65.000000 440.000000 195.000000 1.356900
440.000000 315.000000 245.000000 0.627900
440.000000 65.000000 65.000000 0.909900
65.000000 315.000000 65.000000 1.178100
65.000000 65.000000 155.000000 1.308300
315.000000 65.000000 145.000000 0.732100
190.000000 190.000000 234.999985 1.130600
315.000000 315.000000 225.000000 0.943100
315.000000 65.000000 155.000000 0.733800
440.000000 315.000000 195.000000 0.742400
440.000000 440.000000 234.999985 1.476000
440.000000 190.000000 195.000000 1.330700
315.000000 190.000000 135.000000 1.189100
315.000000 190.000000 55.000000 1.130300
65.000000 190.000000 175.000000 1.346700
65.000000 440.000000 155.000000 1.324600
315.000000 440.000000 205.000000 0.697800
315.000000 440.000000 135.000000 0.904500
315.000000 190.000000 75.000000 1.118700
440.000000 315.000000 85.000000 0.856100
190.000000 65.000000 65.000000 1.309400
440.000000 315.000000 175.000000 0.769000
315.000000 190.000000 125.000000 1.142200
440.000000 190.000000 75.000000 1.797200
315.000000 65.000000 95.000000 0.753500
65.000000 65.000000 175.000000 1.042300
440.000000 315.000000 45.000000 1.028800
315.000000 65.000000 135.000000 0.750800
65.000000 65.000000 15.000001 1.257400
315.000000 65.000000 205.000000 0.807400
65.000000 440.000000 165.000000 1.376400
440.000000 440.000000 104.999992 0.786800
65.000000 190.000000 75.000000 1.672400
65.000000 315.000000 95.000000 1.345000
190.000000 440.000000 234.999985 0.728900
65.000000 65.000000 145.000000 1.432500
440.000000 440.000000 45.000000 0.566900
65.000000 315.000000 135.000000 1.456500
190.000000 315.000000 165.000000 1.026900
440.000000 190.000000 35.000000 1.556400
65.000000 440.000000 85.000000 0.837800
440.000000 440.000000 85.000000 0.648000
190.000000 315.000000 155.000000 0.895700
65.000000 315.000000 15.000001 0.891100
190.000000 190.000000 145.000000 1.848000
190.000000 65.000000 45.000000 1.149500
65.000000 440.000000 175.000000 1.395600
65.000000 440.000000 65.000000 0.875000
190.000000 190.000000 245.000000 0.895500
315.000000 65.000000 55.000000 0.800300
65.000000 315.000000 195.000000 1.356000
315.000000 440.000000 65.000000 0.719800
190.000000 190.000000 165.000000 1.701300
65.000000 315.000000 104.999992 1.394700
315.000000 65.000000 195.000000 0.779800
315.000000 440.000000 95.000000 0.722500
190.000000 440.000000 245.000000 0.590700
440.000000 190.000000 45.000000 1.721500
65.000000 440.000000 115.000000 0.976200
315.000000 440.000000 15.000001 0.952200
440.000000 440.000000 145.000000 1.064000
190.000000 65.000000 155.000000 1.232900
440.000000 190.000000 85.000000 1.726700
65.000000 65.000000 165.000000 1.163000
65.000000 65.000000 95.000000 1.840600
440.000000 440.000000 215.000015 1.194000
315.000000 190.000000 35.000000 1.094000
190.000000 190.000000 125.000000 1.737900
440.000000 190.000000 155.000000 1.095000
65.000000 440.000000 95.000000 0.875400
190.000000 190.000000 85.000000 1.476200
440.000000 190.000000 115.000000 1.377100
440.000000 190.000000 55.000000 1.797800
65.000000 315.000000 185.000000 1.380500
65.000000 315.000000 165.000000 1.430600
440.000000 190.000000 245.000000 1.595600
440.000000 190.000000 175.000000 1.149100
190.000000 65.000000 104.999992 1.524700
65.000000 315.000000 85.000000 1.297700
315.000000 315.000000 234.999985 0.855100
65.000000 65.000000 85.000000 1.769500
315.000000 65.000000 45.000000 0.813300
65.000000 440.000000 104.999992 0.923100
440.000000 65.000000 145.000000 0.960400
190.000000 440.000000 85.000000 0.602900
190.000000 65.000000 145.000000 1.353700
190.000000 65.000000 165.000000 1.158700
190.000000 440.000000 15.000001 0.953900
315.000000 315.000000 155.000000 0.724400
