pygeostat_saved_data
4
X
Y
Z
value
300.000000 45.000000 245.000000 1.538300
300.000000 45.000000 225.000000 1.586200
300.000000 45.000000 215.000015 1.699100
300.000000 45.000000 205.000000 1.709700
300.000000 45.000000 195.000000 1.849200
300.000000 45.000000 185.000000 1.978300
300.000000 45.000000 175.000000 2.107100
300.000000 45.000000 165.000000 2.168300
300.000000 45.000000 155.000000 2.336900
300.000000 45.000000 145.000000 2.416700
300.000000 45.000000 135.000000 2.511700
300.000000 45.000000 125.000000 2.523100
300.000000 45.000000 115.000000 2.510500
300.000000 45.000000 104.999992 2.422100
300.000000 45.000000 95.000000 2.341700
300.000000 45.000000 85.000000 2.238200
300.000000 45.000000 75.000000 2.078300
300.000000 45.000000 45.000000 1.799600
300.000000 45.000000 35.000000 1.694500
300.000000 45.000000 25.000000 1.620500
300.000000 45.000000 15.000001 1.601200
380.000000 45.000000 234.999985 0.965500
380.000000 45.000000 225.000000 1.014000
380.000000 45.000000 215.000015 1.034700
380.000000 45.000000 205.000000 1.148500
380.000000 45.000000 195.000000 1.196000
380.000000 45.000000 185.000000 1.360100
380.000000 45.000000 175.000000 1.407900
380.000000 45.000000 165.000000 1.583400
380.000000 45.000000 155.000000 1.763400
380.000000 45.000000 135.000000 1.874800
380.000000 45.000000 115.000000 1.874800
380.000000 45.000000 104.999992 1.803500
380.000000 45.000000 95.000000 1.768400
380.000000 45.000000 75.000000 1.483100
380.000000 45.000000 65.000000 1.370200
380.000000 45.000000 55.000000 1.195800
380.000000 45.000000 45.000000 1.087100
380.000000 45.000000 35.000000 1.009800
380.000000 45.000000 25.000000 1.014900
380.000000 45.000000 15.000001 0.981800
460.000000 45.000000 245.000000 0.664000
460.000000 45.000000 234.999985 0.717300
460.000000 45.000000 225.000000 0.720500
460.000000 45.000000 215.000015 0.796400
460.000000 45.000000 205.000000 0.872500
460.000000 45.000000 195.000000 0.984000
460.000000 45.000000 185.000000 1.117800
460.000000 45.000000 175.000000 1.145500
460.000000 45.000000 165.000000 1.382500
460.000000 45.000000 155.000000 1.398300
460.000000 45.000000 145.000000 1.527800
460.000000 45.000000 135.000000 1.586300
460.000000 45.000000 125.000000 1.636600
460.000000 45.000000 115.000000 1.564900
460.000000 45.000000 95.000000 1.465500
460.000000 45.000000 85.000000 1.314200
460.000000 45.000000 55.000000 0.945900
460.000000 45.000000 35.000000 0.751100
460.000000 45.000000 25.000000 0.773700
540.000000 45.000000 245.000000 0.715200
540.000000 45.000000 234.999985 0.681500
540.000000 45.000000 225.000000 0.752500
540.000000 45.000000 215.000015 0.775300
540.000000 45.000000 205.000000 0.907600
540.000000 45.000000 195.000000 0.981800
540.000000 45.000000 185.000000 1.111400
540.000000 45.000000 175.000000 1.168700
540.000000 45.000000 155.000000 1.429300
540.000000 45.000000 145.000000 1.546500
540.000000 45.000000 135.000000 1.654700
540.000000 45.000000 125.000000 1.623100
540.000000 45.000000 115.000000 1.605100
540.000000 45.000000 104.999992 1.510900
540.000000 45.000000 95.000000 1.475000
540.000000 45.000000 75.000000 1.146700
540.000000 45.000000 55.000000 0.954600
540.000000 45.000000 45.000000 0.884700
540.000000 45.000000 35.000000 0.791100
540.000000 45.000000 25.000000 0.718100
540.000000 45.000000 15.000001 0.706900
620.000000 45.000000 245.000000 1.116200
620.000000 45.000000 234.999985 1.177300
620.000000 45.000000 225.000000 1.168100
620.000000 45.000000 215.000015 1.263600
620.000000 45.000000 205.000000 1.299400
620.000000 45.000000 195.000000 1.401000
620.000000 45.000000 185.000000 1.554300
620.000000 45.000000 165.000000 1.801400
620.000000 45.000000 145.000000 1.963900
620.000000 45.000000 135.000000 2.046000
620.000000 45.000000 125.000000 2.067000
620.000000 45.000000 115.000000 2.009300
620.000000 45.000000 104.999992 1.967300
620.000000 45.000000 95.000000 1.941600
620.000000 45.000000 85.000000 1.790600
620.000000 45.000000 75.000000 1.693000
620.000000 45.000000 65.000000 1.507200
620.000000 45.000000 55.000000 1.434100
620.000000 45.000000 45.000000 1.340600
620.000000 45.000000 35.000000 1.202600
620.000000 45.000000 25.000000 1.228800
620.000000 45.000000 15.000001 1.126900
700.000000 45.000000 245.000000 1.687200
700.000000 45.000000 234.999985 1.704100
700.000000 45.000000 215.000015 1.844000
700.000000 45.000000 205.000000 1.889000
700.000000 45.000000 195.000000 1.967600
700.000000 45.000000 185.000000 2.061500
700.000000 45.000000 175.000000 2.272200
700.000000 45.000000 165.000000 2.373900
700.000000 45.000000 155.000000 2.479300
700.000000 45.000000 145.000000 2.565600
700.000000 45.000000 135.000000 2.656500
700.000000 45.000000 115.000000 2.626300
700.000000 45.000000 104.999992 2.602200
700.000000 45.000000 95.000000 2.446400
700.000000 45.000000 85.000000 2.393400
700.000000 45.000000 75.000000 2.216100
700.000000 45.000000 65.000000 2.108000
700.000000 45.000000 55.000000 2.009300
700.000000 45.000000 45.000000 1.824300
700.000000 45.000000 35.000000 1.832300
700.000000 45.000000 25.000000 1.769400
700.000000 45.000000 15.000001 1.709500
780.000000 45.000000 245.000000 1.721900
780.000000 45.000000 195.000000 2.029800
780.000000 45.000000 185.000000 2.087700
780.000000 45.000000 165.000000 2.356500
780.000000 45.000000 155.000000 2.527300
780.000000 45.000000 125.000000 2.708300
780.000000 45.000000 115.000000 2.695500
780.000000 45.000000 104.999992 2.649700
780.000000 45.000000 95.000000 2.548200
780.000000 45.000000 85.000000 2.373300
780.000000 45.000000 45.000000 1.928800
780.000000 45.000000 35.000000 1.877100
780.000000 45.000000 25.000000 1.771800
780.000000 45.000000 15.000001 1.757500
860.000061 45.000000 225.000000 0.969900
860.000061 45.000000 215.000015 1.067600
860.000061 45.000000 205.000000 1.142900
860.000061 45.000000 185.000000 1.376000
860.000061 45.000000 175.000000 1.462500
860.000061 45.000000 165.000000 1.612000
860.000061 45.000000 145.000000 1.801200
860.000061 45.000000 135.000000 1.871500
860.000061 45.000000 125.000000 1.919300
860.000061 45.000000 115.000000 1.835700
860.000061 45.000000 104.999992 1.769000
860.000061 45.000000 95.000000 1.685200
860.000061 45.000000 85.000000 1.635700
860.000061 45.000000 75.000000 1.491500
860.000061 45.000000 45.000000 1.096500
860.000061 45.000000 35.000000 1.093300
860.000061 45.000000 25.000000 0.997800
939.999939 45.000000 245.000000 0.173200
939.999939 45.000000 234.999985 0.185500
939.999939 45.000000 225.000000 0.250100
939.999939 45.000000 195.000000 0.441200
939.999939 45.000000 185.000000 0.574500
939.999939 45.000000 175.000000 0.713500
939.999939 45.000000 165.000000 0.843900
939.999939 45.000000 155.000000 0.937700
939.999939 45.000000 145.000000 1.052300
939.999939 45.000000 125.000000 1.126600
939.999939 45.000000 115.000000 1.127700
939.999939 45.000000 104.999992 1.048700
939.999939 45.000000 95.000000 0.982100
939.999939 45.000000 85.000000 0.805800
939.999939 45.000000 75.000000 0.702800
939.999939 45.000000 65.000000 0.620100
939.999939 45.000000 55.000000 0.460300
939.999939 45.000000 45.000000 0.416300
939.999939 45.000000 35.000000 0.310300
939.999939 45.000000 25.000000 0.225300
939.999939 45.000000 15.000001 0.254500
300.000000 125.000000 234.999985 0.946700
300.000000 125.000000 225.000000 1.037200
300.000000 125.000000 215.000015 1.024700
300.000000 125.000000 195.000000 1.202400
300.000000 125.000000 185.000000 1.284300
300.000000 125.000000 175.000000 1.456900
300.000000 125.000000 165.000000 1.630400
300.000000 125.000000 155.000000 1.670500
300.000000 125.000000 135.000000 1.889500
300.000000 125.000000 125.000000 1.916400
300.000000 125.000000 115.000000 1.852800
300.000000 125.000000 104.999992 1.771900
300.000000 125.000000 95.000000 1.689000
300.000000 125.000000 85.000000 1.551400
300.000000 125.000000 75.000000 1.463700
300.000000 125.000000 65.000000 1.319400
300.000000 125.000000 55.000000 1.206000
300.000000 125.000000 45.000000 1.132900
300.000000 125.000000 35.000000 1.033700
300.000000 125.000000 25.000000 0.977000
300.000000 125.000000 15.000001 0.952300
380.000000 125.000000 245.000000 0.274100
380.000000 125.000000 225.000000 0.273000
380.000000 125.000000 215.000015 0.376600
380.000000 125.000000 205.000000 0.457300
380.000000 125.000000 175.000000 0.777700
380.000000 125.000000 165.000000 0.876700
380.000000 125.000000 155.000000 1.002200
380.000000 125.000000 145.000000 1.178900
380.000000 125.000000 135.000000 1.237200
380.000000 125.000000 125.000000 1.195200
380.000000 125.000000 115.000000 1.193600
380.000000 125.000000 104.999992 1.154500
380.000000 125.000000 95.000000 1.014300
380.000000 125.000000 85.000000 0.935100
380.000000 125.000000 65.000000 0.661700
380.000000 125.000000 55.000000 0.558800
380.000000 125.000000 35.000000 0.379800
460.000000 125.000000 245.000000 0.003200
460.000000 125.000000 225.000000 0.068300
460.000000 125.000000 215.000015 0.083800
460.000000 125.000000 205.000000 0.176700
460.000000 125.000000 195.000000 0.295600
460.000000 125.000000 185.000000 0.389000
460.000000 125.000000 175.000000 0.564700
460.000000 125.000000 165.000000 0.697300
460.000000 125.000000 155.000000 0.791600
460.000000 125.000000 145.000000 0.894500
460.000000 125.000000 135.000000 0.946900
460.000000 125.000000 125.000000 1.003400
460.000000 125.000000 115.000000 0.943100
460.000000 125.000000 104.999992 0.868400
460.000000 125.000000 95.000000 0.845500
460.000000 125.000000 85.000000 0.712800
460.000000 125.000000 75.000000 0.495300
460.000000 125.000000 65.000000 0.407100
460.000000 125.000000 55.000000 0.279500
460.000000 125.000000 45.000000 0.222500
460.000000 125.000000 35.000000 0.135500
460.000000 125.000000 25.000000 0.119000
540.000000 125.000000 245.000000 0.017300
540.000000 125.000000 234.999985 0.085900
540.000000 125.000000 225.000000 0.125500
540.000000 125.000000 215.000015 0.172800
540.000000 125.000000 205.000000 0.256800
540.000000 125.000000 185.000000 0.406200
540.000000 125.000000 175.000000 0.626300
540.000000 125.000000 165.000000 0.731600
540.000000 125.000000 145.000000 0.891800
540.000000 125.000000 135.000000 0.995300
540.000000 125.000000 104.999992 0.887900
540.000000 125.000000 95.000000 0.826500
540.000000 125.000000 85.000000 0.748700
540.000000 125.000000 75.000000 0.563800
540.000000 125.000000 65.000000 0.428200
540.000000 125.000000 45.000000 0.211300
540.000000 125.000000 35.000000 0.149300
540.000000 125.000000 25.000000 0.100300
540.000000 125.000000 15.000001 0.088900
620.000000 125.000000 245.000000 0.383500
620.000000 125.000000 234.999985 0.433400
620.000000 125.000000 225.000000 0.483000
620.000000 125.000000 205.000000 0.551400
620.000000 125.000000 195.000000 0.655500
620.000000 125.000000 185.000000 0.784800
620.000000 125.000000 175.000000 0.923200
620.000000 125.000000 165.000000 1.026300
620.000000 125.000000 155.000000 1.208900
620.000000 125.000000 145.000000 1.217200
620.000000 125.000000 135.000000 1.284200
620.000000 125.000000 125.000000 1.309700
620.000000 125.000000 115.000000 1.308000
620.000000 125.000000 104.999992 1.272800
620.000000 125.000000 85.000000 1.005700
620.000000 125.000000 75.000000 0.944500
620.000000 125.000000 65.000000 0.775900
620.000000 125.000000 55.000000 0.682300
620.000000 125.000000 45.000000 0.573000
620.000000 125.000000 35.000000 0.540900
620.000000 125.000000 25.000000 0.429300
620.000000 125.000000 15.000001 0.424200
700.000000 125.000000 234.999985 1.215200
700.000000 125.000000 225.000000 1.266000
700.000000 125.000000 215.000015 1.366600
700.000000 125.000000 205.000000 1.356300
700.000000 125.000000 195.000000 1.478300
700.000000 125.000000 175.000000 1.661200
700.000000 125.000000 165.000000 1.886600
700.000000 125.000000 155.000000 1.963700
700.000000 125.000000 145.000000 2.046000
700.000000 125.000000 135.000000 2.140800
700.000000 125.000000 125.000000 2.201000
700.000000 125.000000 115.000000 2.111100
700.000000 125.000000 85.000000 1.840900
700.000000 125.000000 65.000000 1.586700
700.000000 125.000000 55.000000 1.477500
700.000000 125.000000 35.000000 1.319800
700.000000 125.000000 25.000000 1.267500
700.000000 125.000000 15.000001 1.221500
780.000000 125.000000 245.000000 1.831200
780.000000 125.000000 234.999985 1.836400
780.000000 125.000000 225.000000 1.908200
780.000000 125.000000 215.000015 1.955300
780.000000 125.000000 205.000000 2.077700
780.000000 125.000000 185.000000 2.252100
780.000000 125.000000 175.000000 2.384300
780.000000 125.000000 155.000000 2.622200
780.000000 125.000000 145.000000 2.704800
780.000000 125.000000 125.000000 2.750900
780.000000 125.000000 115.000000 2.744000
780.000000 125.000000 104.999992 2.723500
780.000000 125.000000 95.000000 2.580100
780.000000 125.000000 85.000000 2.468700
780.000000 125.000000 75.000000 2.329800
780.000000 125.000000 65.000000 2.255500
780.000000 125.000000 55.000000 2.121600
780.000000 125.000000 45.000000 2.040200
780.000000 125.000000 35.000000 1.991100
780.000000 125.000000 25.000000 1.926000
780.000000 125.000000 15.000001 1.908400
860.000061 125.000000 245.000000 1.386100
860.000061 125.000000 215.000015 1.513800
860.000061 125.000000 195.000000 1.640800
860.000061 125.000000 185.000000 1.821200
860.000061 125.000000 175.000000 1.871700
860.000061 125.000000 165.000000 2.058000
860.000061 125.000000 155.000000 2.158700
860.000061 125.000000 145.000000 2.233400
860.000061 125.000000 135.000000 2.309500
860.000061 125.000000 115.000000 2.309700
860.000061 125.000000 104.999992 2.264700
860.000061 125.000000 95.000000 2.201700
860.000061 125.000000 85.000000 2.022300
860.000061 125.000000 75.000000 1.900900
860.000061 125.000000 65.000000 1.784800
860.000061 125.000000 55.000000 1.725500
860.000061 125.000000 45.000000 1.585100
860.000061 125.000000 25.000000 1.463500
860.000061 125.000000 15.000001 1.432200
939.999939 125.000000 245.000000 0.369600
939.999939 125.000000 234.999985 0.479300
939.999939 125.000000 215.000015 0.457000
939.999939 125.000000 205.000000 0.588600
939.999939 125.000000 195.000000 0.674400
939.999939 125.000000 185.000000 0.770500
939.999939 125.000000 175.000000 0.892300
939.999939 125.000000 165.000000 1.067700
939.999939 125.000000 155.000000 1.231600
939.999939 125.000000 104.999992 1.305300
939.999939 125.000000 95.000000 1.178100
939.999939 125.000000 85.000000 1.078400
939.999939 125.000000 75.000000 0.920900
939.999939 125.000000 65.000000 0.839100
939.999939 125.000000 55.000000 0.660600
939.999939 125.000000 45.000000 0.616200
939.999939 125.000000 35.000000 0.519700
939.999939 125.000000 25.000000 0.499000
939.999939 125.000000 15.000001 0.436900
300.000000 205.000000 245.000000 0.553400
300.000000 205.000000 234.999985 0.643800
300.000000 205.000000 215.000015 0.708700
300.000000 205.000000 205.000000 0.765900
300.000000 205.000000 195.000000 0.792000
300.000000 205.000000 185.000000 0.965700
300.000000 205.000000 175.000000 1.127800
300.000000 205.000000 165.000000 1.220900
300.000000 205.000000 155.000000 1.323600
300.000000 205.000000 145.000000 1.452000
300.000000 205.000000 135.000000 1.492900
300.000000 205.000000 125.000000 1.539900
300.000000 205.000000 115.000000 1.493100
300.000000 205.000000 104.999992 1.427300
300.000000 205.000000 85.000000 1.227000
300.000000 205.000000 75.000000 1.042000
300.000000 205.000000 65.000000 0.940300
300.000000 205.000000 55.000000 0.840900
300.000000 205.000000 45.000000 0.757300
300.000000 205.000000 25.000000 0.665100
300.000000 205.000000 15.000001 0.558600
380.000000 205.000000 234.999985 0.000000
380.000000 205.000000 225.000000 0.000100
380.000000 205.000000 215.000015 0.093100
380.000000 205.000000 195.000000 0.251500
380.000000 205.000000 185.000000 0.413200
380.000000 205.000000 175.000000 0.518700
380.000000 205.000000 165.000000 0.642100
380.000000 205.000000 155.000000 0.759900
380.000000 205.000000 145.000000 0.827900
380.000000 205.000000 125.000000 0.899600
380.000000 205.000000 104.999992 0.821200
380.000000 205.000000 95.000000 0.758600
380.000000 205.000000 75.000000 0.479700
380.000000 205.000000 55.000000 0.270400
380.000000 205.000000 45.000000 0.192800
380.000000 205.000000 25.000000 0.000000
380.000000 205.000000 15.000001 0.000000
460.000000 205.000000 245.000000 0.000000
460.000000 205.000000 234.999985 0.000000
460.000000 205.000000 225.000000 0.000000
460.000000 205.000000 215.000015 0.000000
460.000000 205.000000 205.000000 0.000000
460.000000 205.000000 195.000000 0.000000
460.000000 205.000000 185.000000 0.000000
460.000000 205.000000 175.000000 0.000000
460.000000 205.000000 165.000000 0.000000
460.000000 205.000000 155.000000 0.000000
460.000000 205.000000 145.000000 0.000000
460.000000 205.000000 135.000000 0.000000
460.000000 205.000000 115.000000 0.000000
460.000000 205.000000 104.999992 0.000000
460.000000 205.000000 95.000000 0.000000
460.000000 205.000000 85.000000 0.000000
460.000000 205.000000 75.000000 0.000000
460.000000 205.000000 65.000000 0.000000
460.000000 205.000000 55.000000 0.000000
460.000000 205.000000 45.000000 0.000000
460.000000 205.000000 35.000000 0.000000
460.000000 205.000000 25.000000 0.000000
460.000000 205.000000 15.000001 0.000000
540.000000 205.000000 245.000000 0.000000
540.000000 205.000000 234.999985 0.000000
540.000000 205.000000 225.000000 0.000000
540.000000 205.000000 215.000015 0.000000
540.000000 205.000000 195.000000 0.000000
540.000000 205.000000 175.000000 0.000000
540.000000 205.000000 155.000000 0.000000
540.000000 205.000000 145.000000 0.000000
540.000000 205.000000 125.000000 0.000000
540.000000 205.000000 115.000000 0.000000
540.000000 205.000000 104.999992 0.000000
540.000000 205.000000 95.000000 0.000000
540.000000 205.000000 85.000000 0.000000
540.000000 205.000000 75.000000 0.000000
540.000000 205.000000 65.000000 0.000000
540.000000 205.000000 55.000000 0.000000
540.000000 205.000000 45.000000 0.000000
540.000000 205.000000 35.000000 0.000000
540.000000 205.000000 25.000000 0.000000
540.000000 205.000000 15.000001 0.000000
620.000000 205.000000 234.999985 0.061400
620.000000 205.000000 225.000000 0.196800
620.000000 205.000000 215.000015 0.158200
620.000000 205.000000 195.000000 0.422000
620.000000 205.000000 185.000000 0.483800
620.000000 205.000000 165.000000 0.751100
620.000000 205.000000 155.000000 0.812300
620.000000 205.000000 145.000000 0.949600
620.000000 205.000000 135.000000 1.078200
620.000000 205.000000 125.000000 1.066000
620.000000 205.000000 115.000000 1.002700
620.000000 205.000000 104.999992 1.025700
620.000000 205.000000 95.000000 0.856300
620.000000 205.000000 85.000000 0.760700
620.000000 205.000000 65.000000 0.542800
620.000000 205.000000 45.000000 0.279700
620.000000 205.000000 35.000000 0.212100
620.000000 205.000000 25.000000 0.141600
620.000000 205.000000 15.000001 0.085700
700.000000 205.000000 245.000000 0.872200
700.000000 205.000000 234.999985 0.851600
700.000000 205.000000 195.000000 1.154200
700.000000 205.000000 185.000000 1.275700
700.000000 205.000000 175.000000 1.372900
700.000000 205.000000 165.000000 1.532300
700.000000 205.000000 155.000000 1.688300
700.000000 205.000000 145.000000 1.711300
700.000000 205.000000 135.000000 1.842000
700.000000 205.000000 125.000000 1.824800
700.000000 205.000000 95.000000 1.680100
700.000000 205.000000 85.000000 1.496700
700.000000 205.000000 75.000000 1.381000
700.000000 205.000000 65.000000 1.265800
700.000000 205.000000 55.000000 1.131800
700.000000 205.000000 45.000000 1.006900
700.000000 205.000000 35.000000 0.989400
700.000000 205.000000 25.000000 0.922000
700.000000 205.000000 15.000001 0.884700
780.000000 205.000000 234.999985 1.787300
780.000000 205.000000 225.000000 1.803100
780.000000 205.000000 215.000015 1.875700
780.000000 205.000000 195.000000 2.006800
780.000000 205.000000 185.000000 2.138200
780.000000 205.000000 175.000000 2.250900
780.000000 205.000000 155.000000 2.484600
780.000000 205.000000 135.000000 2.644800
780.000000 205.000000 125.000000 2.722900
780.000000 205.000000 115.000000 2.631900
780.000000 205.000000 104.999992 2.595300
780.000000 205.000000 95.000000 2.595400
780.000000 205.000000 85.000000 2.381000
780.000000 205.000000 55.000000 2.042600
780.000000 205.000000 35.000000 1.842200
780.000000 205.000000 25.000000 1.817800
780.000000 205.000000 15.000001 1.792700
860.000061 205.000000 245.000000 1.502600
860.000061 205.000000 234.999985 1.551600
860.000061 205.000000 215.000015 1.608100
860.000061 205.000000 205.000000 1.720200
860.000061 205.000000 195.000000 1.790300
860.000061 205.000000 185.000000 1.909300
860.000061 205.000000 175.000000 1.988500
860.000061 205.000000 165.000000 2.165800
860.000061 205.000000 155.000000 2.247300
860.000061 205.000000 145.000000 2.394500
860.000061 205.000000 125.000000 2.446800
860.000061 205.000000 115.000000 2.398800
860.000061 205.000000 104.999992 2.362500
860.000061 205.000000 95.000000 2.303100
860.000061 205.000000 85.000000 2.165700
860.000061 205.000000 75.000000 2.025200
860.000061 205.000000 65.000000 1.915000
860.000061 205.000000 45.000000 1.643000
860.000061 205.000000 35.000000 1.602900
860.000061 205.000000 15.000001 1.561900
939.999939 205.000000 245.000000 0.519100
939.999939 205.000000 234.999985 0.581200
939.999939 205.000000 225.000000 0.582500
939.999939 205.000000 215.000015 0.617400
939.999939 205.000000 205.000000 0.698700
939.999939 205.000000 195.000000 0.822000
939.999939 205.000000 185.000000 0.920400
939.999939 205.000000 175.000000 1.069100
939.999939 205.000000 165.000000 1.159000
939.999939 205.000000 135.000000 1.450000
939.999939 205.000000 125.000000 1.473900
939.999939 205.000000 115.000000 1.425600
939.999939 205.000000 75.000000 1.054600
939.999939 205.000000 65.000000 0.879400
939.999939 205.000000 55.000000 0.772000
939.999939 205.000000 45.000000 0.730100
939.999939 205.000000 35.000000 0.617400
300.000000 285.000000 245.000000 0.579200
300.000000 285.000000 225.000000 0.638100
300.000000 285.000000 215.000015 0.739300
300.000000 285.000000 205.000000 0.761300
300.000000 285.000000 185.000000 0.973400
300.000000 285.000000 175.000000 1.060700
300.000000 285.000000 165.000000 1.250200
300.000000 285.000000 155.000000 1.333700
300.000000 285.000000 135.000000 1.528900
300.000000 285.000000 125.000000 1.481000
300.000000 285.000000 115.000000 1.536700
300.000000 285.000000 104.999992 1.430700
300.000000 285.000000 95.000000 1.328400
300.000000 285.000000 85.000000 1.191600
300.000000 285.000000 65.000000 0.994900
300.000000 285.000000 55.000000 0.825200
300.000000 285.000000 45.000000 0.715700
300.000000 285.000000 35.000000 0.667700
300.000000 285.000000 15.000001 0.593400
380.000000 285.000000 245.000000 0.000000
380.000000 285.000000 225.000000 0.016800
380.000000 285.000000 215.000015 0.075200
380.000000 285.000000 205.000000 0.204800
380.000000 285.000000 195.000000 0.246900
380.000000 285.000000 165.000000 0.652800
380.000000 285.000000 135.000000 0.895900
380.000000 285.000000 125.000000 0.905500
380.000000 285.000000 104.999992 0.849300
380.000000 285.000000 95.000000 0.704800
380.000000 285.000000 85.000000 0.599800
380.000000 285.000000 75.000000 0.516700
380.000000 285.000000 65.000000 0.374100
380.000000 285.000000 55.000000 0.301400
380.000000 285.000000 35.000000 0.084200
380.000000 285.000000 25.000000 0.090600
380.000000 285.000000 15.000001 0.000000
460.000000 285.000000 234.999985 0.000000
460.000000 285.000000 225.000000 0.000000
460.000000 285.000000 215.000015 0.000000
460.000000 285.000000 205.000000 0.000000
460.000000 285.000000 195.000000 0.000000
460.000000 285.000000 175.000000 0.000000
460.000000 285.000000 165.000000 0.000000
460.000000 285.000000 155.000000 0.000000
460.000000 285.000000 145.000000 0.000000
460.000000 285.000000 135.000000 0.000000
460.000000 285.000000 104.999992 0.000000
460.000000 285.000000 85.000000 0.000000
460.000000 285.000000 75.000000 0.000000
460.000000 285.000000 65.000000 0.000000
460.000000 285.000000 55.000000 0.000000
460.000000 285.000000 45.000000 0.000000
460.000000 285.000000 35.000000 0.000000
460.000000 285.000000 25.000000 0.000000
460.000000 285.000000 15.000001 0.000000
540.000000 285.000000 234.999985 0.000000
540.000000 285.000000 225.000000 0.000000
540.000000 285.000000 215.000015 0.000000
540.000000 285.000000 205.000000 0.000000
540.000000 285.000000 195.000000 0.000000
540.000000 285.000000 185.000000 0.000000
540.000000 285.000000 175.000000 0.000000
540.000000 285.000000 165.000000 0.000000
540.000000 285.000000 155.000000 0.000000
540.000000 285.000000 145.000000 0.000000
540.000000 285.000000 135.000000 0.000000
540.000000 285.000000 125.000000 0.000000
540.000000 285.000000 104.999992 0.000000
540.000000 285.000000 95.000000 0.000000
540.000000 285.000000 75.000000 0.000000
540.000000 285.000000 65.000000 0.000000
540.000000 285.000000 55.000000 0.000000
540.000000 285.000000 45.000000 0.000000
540.000000 285.000000 25.000000 0.000000
540.000000 285.000000 15.000001 0.000000
620.000000 285.000000 245.000000 0.130500
620.000000 285.000000 234.999985 0.131400
620.000000 285.000000 225.000000 0.113600
620.000000 285.000000 215.000015 0.217200
620.000000 285.000000 205.000000 0.340700
620.000000 285.000000 185.000000 0.484500
620.000000 285.000000 175.000000 0.634100
620.000000 285.000000 145.000000 0.937800
620.000000 285.000000 135.000000 0.983000
620.000000 285.000000 125.000000 1.044500
620.000000 285.000000 115.000000 1.024200
620.000000 285.000000 104.999992 0.905700
620.000000 285.000000 65.000000 0.488700
620.000000 285.000000 55.000000 0.399400
620.000000 285.000000 45.000000 0.235900
620.000000 285.000000 25.000000 0.160600
620.000000 285.000000 15.000001 0.137200
700.000000 285.000000 245.000000 0.840900
700.000000 285.000000 234.999985 0.824900
700.000000 285.000000 225.000000 0.919700
700.000000 285.000000 215.000015 1.017200
700.000000 285.000000 205.000000 1.007800
700.000000 285.000000 195.000000 1.130700
700.000000 285.000000 175.000000 1.413400
700.000000 285.000000 165.000000 1.515600
700.000000 285.000000 155.000000 1.609800
700.000000 285.000000 145.000000 1.706800
700.000000 285.000000 135.000000 1.800200
700.000000 285.000000 125.000000 1.853000
700.000000 285.000000 115.000000 1.798400
700.000000 285.000000 104.999992 1.709300
700.000000 285.000000 95.000000 1.619700
700.000000 285.000000 85.000000 1.550000
700.000000 285.000000 65.000000 1.270300
700.000000 285.000000 55.000000 1.157600
700.000000 285.000000 45.000000 1.007600
700.000000 285.000000 35.000000 1.006500
700.000000 285.000000 25.000000 0.968200
700.000000 285.000000 15.000001 0.901600
780.000000 285.000000 234.999985 1.757700
780.000000 285.000000 225.000000 1.790000
780.000000 285.000000 215.000015 1.886000
780.000000 285.000000 205.000000 1.988400
780.000000 285.000000 195.000000 2.082100
780.000000 285.000000 185.000000 2.178400
780.000000 285.000000 175.000000 2.266800
780.000000 285.000000 165.000000 2.382800
780.000000 285.000000 155.000000 2.565600
780.000000 285.000000 145.000000 2.602300
780.000000 285.000000 135.000000 2.649500
780.000000 285.000000 125.000000 2.701900
780.000000 285.000000 115.000000 2.662500
780.000000 285.000000 104.999992 2.662200
780.000000 285.000000 95.000000 2.576900
780.000000 285.000000 85.000000 2.390200
780.000000 285.000000 75.000000 2.275100
780.000000 285.000000 45.000000 1.951200
780.000000 285.000000 35.000000 1.938200
780.000000 285.000000 25.000000 1.798500
780.000000 285.000000 15.000001 1.789900
860.000061 285.000000 245.000000 1.484600
860.000061 285.000000 234.999985 1.555100
860.000061 285.000000 225.000000 1.567200
860.000061 285.000000 205.000000 1.688000
860.000061 285.000000 195.000000 1.743500
860.000061 285.000000 175.000000 1.991900
860.000061 285.000000 165.000000 2.154200
860.000061 285.000000 155.000000 2.265900
860.000061 285.000000 145.000000 2.367400
860.000061 285.000000 135.000000 2.457000
860.000061 285.000000 125.000000 2.479600
860.000061 285.000000 115.000000 2.487000
860.000061 285.000000 95.000000 2.227100
860.000061 285.000000 85.000000 2.139600
860.000061 285.000000 75.000000 2.015300
860.000061 285.000000 45.000000 1.748100
860.000061 285.000000 35.000000 1.642900
860.000061 285.000000 25.000000 1.562400
860.000061 285.000000 15.000001 1.549400
939.999939 285.000000 245.000000 0.482800
939.999939 285.000000 234.999985 0.551400
939.999939 285.000000 225.000000 0.539400
939.999939 285.000000 205.000000 0.707500
939.999939 285.000000 195.000000 0.788000
939.999939 285.000000 185.000000 0.875400
939.999939 285.000000 175.000000 1.018100
939.999939 285.000000 165.000000 1.161000
939.999939 285.000000 155.000000 1.297600
939.999939 285.000000 145.000000 1.356900
939.999939 285.000000 125.000000 1.515500
939.999939 285.000000 115.000000 1.424700
939.999939 285.000000 104.999992 1.395500
939.999939 285.000000 95.000000 1.288800
939.999939 285.000000 85.000000 1.133600
939.999939 285.000000 65.000000 0.910000
939.999939 285.000000 45.000000 0.699700
939.999939 285.000000 25.000000 0.557600
300.000000 365.000000 245.000000 0.946700
300.000000 365.000000 234.999985 0.975500
300.000000 365.000000 225.000000 0.988200
300.000000 365.000000 215.000015 1.056100
300.000000 365.000000 205.000000 1.094800
300.000000 365.000000 185.000000 1.308100
300.000000 365.000000 175.000000 1.450500
300.000000 365.000000 155.000000 1.681600
300.000000 365.000000 145.000000 1.765300
300.000000 365.000000 135.000000 1.890700
300.000000 365.000000 125.000000 1.878700
300.000000 365.000000 115.000000 1.863700
300.000000 365.000000 75.000000 1.448100
300.000000 365.000000 65.000000 1.333900
300.000000 365.000000 55.000000 1.195000
300.000000 365.000000 45.000000 1.096300
300.000000 365.000000 35.000000 1.096000
300.000000 365.000000 25.000000 0.997900
380.000000 365.000000 245.000000 0.282800
380.000000 365.000000 234.999985 0.297000
380.000000 365.000000 195.000000 0.583800
380.000000 365.000000 185.000000 0.676000
380.000000 365.000000 165.000000 0.948800
380.000000 365.000000 155.000000 0.998000
380.000000 365.000000 145.000000 1.120100
380.000000 365.000000 135.000000 1.188500
380.000000 365.000000 115.000000 1.183400
380.000000 365.000000 104.999992 1.175900
380.000000 365.000000 95.000000 1.056600
380.000000 365.000000 85.000000 0.882200
380.000000 365.000000 75.000000 0.818700
380.000000 365.000000 55.000000 0.545200
380.000000 365.000000 45.000000 0.437500
460.000000 365.000000 245.000000 0.098800
460.000000 365.000000 234.999985 0.052700
460.000000 365.000000 225.000000 0.134400
460.000000 365.000000 215.000015 0.144500
460.000000 365.000000 205.000000 0.200700
460.000000 365.000000 185.000000 0.477000
460.000000 365.000000 175.000000 0.526500
460.000000 365.000000 165.000000 0.669600
460.000000 365.000000 155.000000 0.791800
460.000000 365.000000 145.000000 0.938500
460.000000 365.000000 135.000000 0.983400
460.000000 365.000000 125.000000 1.055500
460.000000 365.000000 115.000000 0.931700
460.000000 365.000000 104.999992 0.881400
460.000000 365.000000 95.000000 0.820100
460.000000 365.000000 85.000000 0.692200
460.000000 365.000000 75.000000 0.571800
460.000000 365.000000 45.000000 0.268800
460.000000 365.000000 35.000000 0.187000
460.000000 365.000000 25.000000 0.139900
460.000000 365.000000 15.000001 0.055100
540.000000 365.000000 245.000000 0.017300
540.000000 365.000000 234.999985 0.001900
540.000000 365.000000 225.000000 0.114700
540.000000 365.000000 215.000015 0.157300
540.000000 365.000000 175.000000 0.563300
540.000000 365.000000 165.000000 0.678800
540.000000 365.000000 145.000000 0.927800
540.000000 365.000000 135.000000 0.985400
540.000000 365.000000 125.000000 1.011700
540.000000 365.000000 115.000000 0.951300
540.000000 365.000000 95.000000 0.797800
540.000000 365.000000 45.000000 0.222300
540.000000 365.000000 25.000000 0.128800
540.000000 365.000000 15.000001 0.089200
620.000000 365.000000 245.000000 0.400200
620.000000 365.000000 225.000000 0.466700
620.000000 365.000000 215.000015 0.456800
620.000000 365.000000 205.000000 0.592000
620.000000 365.000000 195.000000 0.744200
620.000000 365.000000 185.000000 0.848900
620.000000 365.000000 175.000000 0.908300
620.000000 365.000000 155.000000 1.143900
620.000000 365.000000 145.000000 1.229300
620.000000 365.000000 135.000000 1.355400
620.000000 365.000000 125.000000 1.386000
620.000000 365.000000 104.999992 1.271800
620.000000 365.000000 85.000000 1.068900
620.000000 365.000000 75.000000 0.937800
620.000000 365.000000 55.000000 0.632900
620.000000 365.000000 45.000000 0.634700
620.000000 365.000000 35.000000 0.525000
620.000000 365.000000 25.000000 0.402600
700.000000 365.000000 234.999985 1.320200
700.000000 365.000000 225.000000 1.318100
700.000000 365.000000 215.000015 1.399900
700.000000 365.000000 205.000000 1.435600
700.000000 365.000000 195.000000 1.576900
700.000000 365.000000 185.000000 1.713300
700.000000 365.000000 175.000000 1.756500
700.000000 365.000000 165.000000 1.914300
700.000000 365.000000 155.000000 2.035600
700.000000 365.000000 135.000000 2.188300
700.000000 365.000000 115.000000 2.245700
700.000000 365.000000 95.000000 2.030300
700.000000 365.000000 85.000000 1.856100
700.000000 365.000000 75.000000 1.805400
700.000000 365.000000 65.000000 1.659400
700.000000 365.000000 55.000000 1.569700
700.000000 365.000000 45.000000 1.428800
700.000000 365.000000 25.000000 1.311100
780.000000 365.000000 245.000000 1.863600
780.000000 365.000000 234.999985 1.826900
780.000000 365.000000 225.000000 1.886900
780.000000 365.000000 215.000015 2.008900
780.000000 365.000000 205.000000 2.072200
780.000000 365.000000 195.000000 2.157300
780.000000 365.000000 185.000000 2.228100
780.000000 365.000000 165.000000 2.456000
780.000000 365.000000 145.000000 2.647000
780.000000 365.000000 135.000000 2.714100
780.000000 365.000000 125.000000 2.780100
780.000000 365.000000 115.000000 2.725200
780.000000 365.000000 104.999992 2.668800
780.000000 365.000000 95.000000 2.575600
780.000000 365.000000 85.000000 2.474500
780.000000 365.000000 65.000000 2.261300
780.000000 365.000000 55.000000 2.079200
780.000000 365.000000 45.000000 2.020100
780.000000 365.000000 35.000000 1.953000
780.000000 365.000000 25.000000 1.876700
860.000061 365.000000 245.000000 1.399700
860.000061 365.000000 234.999985 1.340700
860.000061 365.000000 215.000015 1.489200
860.000061 365.000000 205.000000 1.620400
860.000061 365.000000 185.000000 1.776000
860.000061 365.000000 175.000000 1.932800
860.000061 365.000000 165.000000 1.995200
860.000061 365.000000 155.000000 2.164900
860.000061 365.000000 145.000000 2.279500
860.000061 365.000000 135.000000 2.332100
860.000061 365.000000 125.000000 2.324100
860.000061 365.000000 115.000000 2.298900
860.000061 365.000000 104.999992 2.259500
860.000061 365.000000 95.000000 2.121900
860.000061 365.000000 85.000000 2.077900
860.000061 365.000000 75.000000 1.930100
860.000061 365.000000 65.000000 1.768500
860.000061 365.000000 55.000000 1.683000
860.000061 365.000000 45.000000 1.578700
860.000061 365.000000 35.000000 1.511200
860.000061 365.000000 25.000000 1.394400
860.000061 365.000000 15.000001 1.394800
939.999939 365.000000 215.000015 0.484700
939.999939 365.000000 205.000000 0.641100
939.999939 365.000000 195.000000 0.706200
939.999939 365.000000 175.000000 0.942400
939.999939 365.000000 155.000000 1.156800
939.999939 365.000000 145.000000 1.275300
939.999939 365.000000 135.000000 1.313200
939.999939 365.000000 125.000000 1.371300
939.999939 365.000000 115.000000 1.353200
939.999939 365.000000 104.999992 1.294800
939.999939 365.000000 95.000000 1.165700
939.999939 365.000000 85.000000 1.052900
939.999939 365.000000 75.000000 0.898900
939.999939 365.000000 65.000000 0.828100
939.999939 365.000000 55.000000 0.640900
939.999939 365.000000 45.000000 0.616000
939.999939 365.000000 35.000000 0.549100
300.000000 444.999969 234.999985 1.643500
300.000000 444.999969 225.000000 1.688700
300.000000 444.999969 215.000015 1.699000
300.000000 444.999969 205.000000 1.769100
300.000000 444.999969 195.000000 1.907400
300.000000 444.999969 185.000000 1.963800
300.000000 444.999969 175.000000 2.147400
300.000000 444.999969 165.000000 2.294700
300.000000 444.999969 155.000000 2.332100
300.000000 444.999969 145.000000 2.523300
300.000000 444.999969 135.000000 2.550600
300.000000 444.999969 125.000000 2.538100
300.000000 444.999969 115.000000 2.505200
300.000000 444.999969 104.999992 2.462400
300.000000 444.999969 95.000000 2.397500
300.000000 444.999969 85.000000 2.261800
300.000000 444.999969 75.000000 2.088200
300.000000 444.999969 65.000000 1.982200
300.000000 444.999969 55.000000 1.917000
300.000000 444.999969 45.000000 1.827500
300.000000 444.999969 35.000000 1.787900
300.000000 444.999969 25.000000 1.697600
300.000000 444.999969 15.000001 1.588100
380.000000 444.999969 234.999985 1.038700
380.000000 444.999969 225.000000 1.090600
380.000000 444.999969 215.000015 1.156100
380.000000 444.999969 205.000000 1.208600
380.000000 444.999969 195.000000 1.308100
380.000000 444.999969 175.000000 1.516100
380.000000 444.999969 145.000000 1.901800
380.000000 444.999969 135.000000 1.948100
380.000000 444.999969 115.000000 1.909500
380.000000 444.999969 95.000000 1.760300
380.000000 444.999969 65.000000 1.421400
380.000000 444.999969 55.000000 1.246900
380.000000 444.999969 45.000000 1.195000
380.000000 444.999969 35.000000 1.124600
380.000000 444.999969 25.000000 1.062600
380.000000 444.999969 15.000001 1.029000
460.000000 444.999969 245.000000 0.725300
460.000000 444.999969 225.000000 0.809900
460.000000 444.999969 215.000015 0.811200
460.000000 444.999969 205.000000 0.947100
460.000000 444.999969 185.000000 1.159700
460.000000 444.999969 175.000000 1.306800
460.000000 444.999969 165.000000 1.377000
460.000000 444.999969 155.000000 1.482000
460.000000 444.999969 145.000000 1.607300
460.000000 444.999969 125.000000 1.724400
460.000000 444.999969 115.000000 1.638200
460.000000 444.999969 95.000000 1.548100
460.000000 444.999969 85.000000 1.387900
460.000000 444.999969 75.000000 1.332300
460.000000 444.999969 65.000000 1.117500
460.000000 444.999969 45.000000 0.988300
460.000000 444.999969 35.000000 0.909300
460.000000 444.999969 25.000000 0.758100
460.000000 444.999969 15.000001 0.722800
540.000000 444.999969 234.999985 0.729400
540.000000 444.999969 225.000000 0.828800
540.000000 444.999969 215.000015 0.859500
540.000000 444.999969 205.000000 0.892300
540.000000 444.999969 195.000000 0.980100
540.000000 444.999969 175.000000 1.275300
540.000000 444.999969 165.000000 1.440700
540.000000 444.999969 155.000000 1.496600
540.000000 444.999969 145.000000 1.564700
540.000000 444.999969 135.000000 1.698900
540.000000 444.999969 125.000000 1.691300
540.000000 444.999969 104.999992 1.557700
540.000000 444.999969 95.000000 1.499400
540.000000 444.999969 85.000000 1.410500
540.000000 444.999969 75.000000 1.246100
540.000000 444.999969 65.000000 1.171200
540.000000 444.999969 55.000000 1.011000
540.000000 444.999969 45.000000 0.941700
540.000000 444.999969 35.000000 0.913700
540.000000 444.999969 25.000000 0.793800
540.000000 444.999969 15.000001 0.782200
620.000000 444.999969 245.000000 1.101300
620.000000 444.999969 234.999985 1.200500
620.000000 444.999969 225.000000 1.204900
620.000000 444.999969 215.000015 1.274900
620.000000 444.999969 205.000000 1.307800
620.000000 444.999969 195.000000 1.462400
620.000000 444.999969 185.000000 1.503100
620.000000 444.999969 175.000000 1.645600
620.000000 444.999969 165.000000 1.762300
620.000000 444.999969 155.000000 1.968600
620.000000 444.999969 145.000000 2.011000
620.000000 444.999969 125.000000 2.085500
620.000000 444.999969 115.000000 2.106900
620.000000 444.999969 104.999992 1.982900
620.000000 444.999969 95.000000 1.934800
620.000000 444.999969 75.000000 1.629700
620.000000 444.999969 65.000000 1.490700
620.000000 444.999969 55.000000 1.369300
620.000000 444.999969 25.000000 1.246700
700.000000 444.999969 245.000000 1.629000
700.000000 444.999969 225.000000 1.753500
700.000000 444.999969 215.000015 1.757800
700.000000 444.999969 195.000000 1.980000
700.000000 444.999969 185.000000 2.094700
700.000000 444.999969 165.000000 2.335200
700.000000 444.999969 145.000000 2.573600
700.000000 444.999969 135.000000 2.631000
700.000000 444.999969 125.000000 2.641700
700.000000 444.999969 115.000000 2.607300
700.000000 444.999969 104.999992 2.595700
700.000000 444.999969 95.000000 2.474100
700.000000 444.999969 75.000000 2.236600
700.000000 444.999969 65.000000 2.085500
700.000000 444.999969 55.000000 1.957300
700.000000 444.999969 45.000000 1.841300
700.000000 444.999969 35.000000 1.782500
700.000000 444.999969 25.000000 1.762900
700.000000 444.999969 15.000001 1.711800
780.000000 444.999969 245.000000 1.732700
780.000000 444.999969 234.999985 1.705800
780.000000 444.999969 225.000000 1.782300
780.000000 444.999969 205.000000 1.847800
780.000000 444.999969 195.000000 1.997600
780.000000 444.999969 185.000000 2.122100
780.000000 444.999969 175.000000 2.199600
780.000000 444.999969 145.000000 2.573500
780.000000 444.999969 135.000000 2.658100
780.000000 444.999969 125.000000 2.616900
780.000000 444.999969 104.999992 2.616000
780.000000 444.999969 95.000000 2.449000
780.000000 444.999969 85.000000 2.352000
780.000000 444.999969 75.000000 2.253200
780.000000 444.999969 65.000000 2.059300
780.000000 444.999969 55.000000 1.968900
780.000000 444.999969 45.000000 1.908900
780.000000 444.999969 35.000000 1.798100
780.000000 444.999969 25.000000 1.738400
860.000061 444.999969 245.000000 1.016900
860.000061 444.999969 215.000015 1.179000
860.000061 444.999969 205.000000 1.244800
860.000061 444.999969 195.000000 1.326500
860.000061 444.999969 175.000000 1.507900
860.000061 444.999969 165.000000 1.615700
860.000061 444.999969 155.000000 1.836500
860.000061 444.999969 145.000000 1.904800
860.000061 444.999969 125.000000 1.976700
860.000061 444.999969 115.000000 1.939100
860.000061 444.999969 104.999992 1.816400
860.000061 444.999969 95.000000 1.790600
860.000061 444.999969 85.000000 1.626600
860.000061 444.999969 65.000000 1.391100
860.000061 444.999969 55.000000 1.244600
860.000061 444.999969 45.000000 1.168000
860.000061 444.999969 35.000000 1.064200
860.000061 444.999969 25.000000 1.065800
860.000061 444.999969 15.000001 0.996000
939.999939 444.999969 234.999985 0.000000
939.999939 444.999969 225.000000 0.000000
939.999939 444.999969 215.000015 0.000000
939.999939 444.999969 205.000000 0.000000
939.999939 444.999969 195.000000 0.000000
939.999939 444.999969 165.000000 0.000000
939.999939 444.999969 155.000000 0.000000
939.999939 444.999969 145.000000 0.000000
939.999939 444.999969 115.000000 0.000000
939.999939 444.999969 104.999992 0.000000
939.999939 444.999969 95.000000 0.000000
939.999939 444.999969 85.000000 0.000000
939.999939 444.999969 75.000000 0.000000
939.999939 444.999969 65.000000 0.000000
939.999939 444.999969 55.000000 0.000000
939.999939 444.999969 45.000000 0.000000
939.999939 444.999969 35.000000 0.000000
939.999939 444.999969 25.000000 0.000000
939.999939 444.999969 15.000001 0.000000
