pygeostat_saved_data
4
X
Y
Z
value
480.000031 405.000031 215.000015 0.728700
180.000000 255.000000 85.000000 0.887300
104.999992 104.999992 245.000000 0.835200
180.000000 405.000031 175.000000 1.640200
330.000000 255.000000 15.000001 1.282300
330.000000 255.000000 95.000000 0.940300
330.000000 30.000002 205.000000 0.745500
180.000000 180.000000 15.000001 1.037300
104.999992 104.999992 205.000000 1.220300
480.000031 104.999992 195.000000 0.908100
405.000031 104.999992 245.000000 1.576700
104.999992 180.000000 95.000000 1.609000
180.000000 255.000000 225.000000 1.013100
330.000000 104.999992 25.000000 0.844500
480.000031 480.000031 95.000000 0.699700
30.000002 255.000000 45.000000 0.995700
480.000031 180.000000 165.000000 0.685200
480.000031 255.000000 205.000000 0.937400
330.000000 255.000000 245.000000 1.109800
405.000031 104.999992 205.000000 2.259100
405.000031 104.999992 215.000015 2.372900
104.999992 255.000000 45.000000 1.025600
330.000000 405.000031 185.000000 1.018600
255.000000 480.000031 95.000000 0.567000
405.000031 480.000031 125.000000 0.756800
405.000031 330.000000 205.000000 0.821400
180.000000 480.000031 75.000000 0.899900
30.000002 180.000000 95.000000 1.300400
104.999992 180.000000 195.000000 0.942000
480.000031 480.000031 165.000000 0.436700
405.000031 180.000000 25.000000 0.854100
405.000031 30.000002 225.000000 1.374400
405.000031 480.000031 65.000000 0.967200
330.000000 405.000031 155.000000 1.418900
255.000000 405.000031 115.000000 0.658900
104.999992 30.000002 165.000000 1.098000
330.000000 104.999992 175.000000 0.921800
255.000000 405.000031 45.000000 1.743800
180.000000 104.999992 25.000000 1.020600
180.000000 104.999992 55.000000 0.747300
180.000000 480.000031 45.000000 1.291200
30.000002 330.000000 145.000000 1.269800
330.000000 330.000000 135.000000 0.695400
104.999992 180.000000 175.000000 1.088800
480.000031 180.000000 135.000000 0.778800
405.000031 480.000031 245.000000 1.543400
180.000000 30.000002 15.000001 0.737200
255.000000 330.000000 234.999985 1.237500
30.000002 255.000000 104.999992 1.157300
30.000002 405.000031 45.000000 1.479200
330.000000 104.999992 75.000000 0.676100
255.000000 330.000000 45.000000 2.064000
480.000031 180.000000 25.000000 0.978700
255.000000 330.000000 25.000000 1.911400
30.000002 180.000000 145.000000 1.230300
104.999992 30.000002 25.000000 0.462900
104.999992 330.000000 135.000000 0.894700
405.000031 330.000000 234.999985 0.784100
104.999992 255.000000 165.000000 1.013500
405.000031 104.999992 104.999992 0.979100
330.000000 180.000000 65.000000 1.329600
330.000000 330.000000 95.000000 0.797400
480.000031 480.000031 65.000000 0.940600
255.000000 30.000002 45.000000 1.177000
480.000031 255.000000 55.000000 1.098000
255.000000 30.000002 205.000000 0.712300
104.999992 30.000002 145.000000 1.281600
480.000031 330.000000 115.000000 0.929000
330.000000 480.000031 104.999992 0.649100
104.999992 330.000000 95.000000 0.738800
480.000031 30.000002 15.000001 0.467600
255.000000 480.000031 45.000000 1.310200
180.000000 330.000000 25.000000 1.056200
104.999992 405.000031 175.000000 1.832300
480.000031 104.999992 225.000000 1.297200
180.000000 255.000000 145.000000 0.910200
480.000031 180.000000 185.000000 0.882400
405.000031 330.000000 25.000000 1.487400
180.000000 180.000000 175.000000 0.798700
180.000000 255.000000 45.000000 1.099600
405.000031 405.000031 135.000000 1.243400
405.000031 255.000000 225.000000 0.956800
255.000000 480.000031 115.000000 0.634700
405.000031 330.000000 215.000015 0.771100
480.000031 180.000000 35.000000 1.131200
104.999992 30.000002 185.000000 1.157900
180.000000 30.000002 104.999992 1.542800
255.000000 104.999992 95.000000 1.098000
30.000002 180.000000 205.000000 1.488200
330.000000 255.000000 35.000000 1.530700
405.000031 255.000000 215.000015 1.157400
255.000000 480.000031 65.000000 0.920300
180.000000 480.000031 215.000015 0.889500
180.000000 405.000031 245.000000 0.854000
330.000000 405.000031 25.000000 1.454800
104.999992 30.000002 155.000000 1.193500
180.000000 405.000031 125.000000 0.602500
104.999992 180.000000 165.000000 1.243500
480.000031 180.000000 45.000000 1.223900
104.999992 255.000000 65.000000 0.957800
30.000002 330.000000 65.000000 1.199700
180.000000 104.999992 205.000000 0.804000
30.000002 104.999992 95.000000 1.710400
104.999992 405.000031 135.000000 0.987400
104.999992 480.000031 215.000015 1.087300
180.000000 255.000000 215.000015 1.003300
255.000000 104.999992 205.000000 0.644600
104.999992 180.000000 25.000000 0.995100
255.000000 30.000002 185.000000 0.729600
330.000000 405.000031 95.000000 0.739000
405.000031 480.000031 95.000000 0.643300
480.000031 30.000002 85.000000 1.069700
104.999992 180.000000 35.000000 0.939900
30.000002 330.000000 104.999992 1.295700
405.000031 330.000000 45.000000 1.236700
30.000002 405.000031 75.000000 0.956500
330.000000 104.999992 115.000000 0.745400
30.000002 405.000031 35.000000 1.678600
405.000031 405.000031 104.999992 0.751200
30.000002 104.999992 135.000000 1.171100
405.000031 104.999992 155.000000 0.994000
405.000031 104.999992 165.000000 1.008800
104.999992 405.000031 145.000000 1.029500
480.000031 405.000031 234.999985 1.302100
180.000000 480.000031 104.999992 0.665100
480.000031 405.000031 55.000000 0.711400
180.000000 480.000031 165.000000 0.840200
255.000000 405.000031 85.000000 0.738400
330.000000 30.000002 104.999992 1.133800
104.999992 480.000031 65.000000 1.287100
480.000031 30.000002 65.000000 0.919700
405.000031 330.000000 65.000000 1.026800
180.000000 330.000000 65.000000 0.668400
405.000031 405.000031 225.000000 0.779600
255.000000 480.000031 225.000000 0.660800
30.000002 405.000031 245.000000 1.290500
180.000000 30.000002 165.000000 1.268600
104.999992 480.000031 145.000000 0.703500
480.000031 30.000002 145.000000 0.643500
30.000002 30.000002 195.000000 1.094900
330.000000 405.000031 115.000000 0.596000
30.000002 255.000000 95.000000 1.088800
330.000000 480.000031 125.000000 0.758700
104.999992 30.000002 225.000000 1.191100
330.000000 480.000031 145.000000 0.819600
104.999992 480.000031 245.000000 0.929800
104.999992 104.999992 165.000000 1.042800
30.000002 480.000031 115.000000 0.952800
30.000002 330.000000 165.000000 1.368800
104.999992 255.000000 25.000000 0.969300
104.999992 405.000031 65.000000 0.766200
330.000000 480.000031 215.000015 0.566800
330.000000 480.000031 234.999985 0.875800
480.000031 330.000000 125.000000 1.012000
180.000000 104.999992 185.000000 0.821400
30.000002 104.999992 195.000000 0.868300
255.000000 104.999992 75.000000 0.860100
330.000000 405.000031 85.000000 0.755700
255.000000 30.000002 135.000000 1.323300
330.000000 30.000002 145.000000 0.922600
480.000031 480.000031 55.000000 1.077600
330.000000 255.000000 65.000000 1.424000
104.999992 405.000031 185.000000 2.191700
255.000000 405.000031 35.000000 2.118600
255.000000 255.000000 155.000000 0.849100
30.000002 180.000000 35.000000 1.198500
255.000000 405.000031 125.000000 0.681300
480.000031 180.000000 245.000000 1.047600
480.000031 480.000031 15.000001 0.992700
104.999992 104.999992 75.000000 0.994900
405.000031 180.000000 145.000000 0.854400
180.000000 480.000031 155.000000 0.779500
405.000031 255.000000 135.000000 0.709900
180.000000 180.000000 95.000000 1.682800
180.000000 330.000000 215.000015 2.378400
480.000031 480.000031 234.999985 1.538400
480.000031 255.000000 25.000000 1.202600
330.000000 480.000031 225.000000 0.663400
405.000031 104.999992 85.000000 1.082200
30.000002 104.999992 55.000000 1.225800
255.000000 330.000000 35.000000 2.218900
480.000031 255.000000 45.000000 1.238400
104.999992 255.000000 234.999985 0.867200
30.000002 104.999992 205.000000 0.962800
255.000000 330.000000 55.000000 1.516700
480.000031 480.000031 45.000000 1.225800
480.000031 330.000000 55.000000 0.996000
30.000002 480.000031 15.000001 1.617300
330.000000 330.000000 55.000000 1.228500
30.000002 405.000031 155.000000 1.884200
255.000000 480.000031 125.000000 0.668300
255.000000 480.000031 175.000000 0.879100
180.000000 104.999992 175.000000 0.913100
330.000000 255.000000 125.000000 0.760800
405.000031 180.000000 234.999985 1.792900
330.000000 180.000000 104.999992 0.939300
30.000002 104.999992 15.000001 1.091700
330.000000 104.999992 125.000000 0.838900
104.999992 180.000000 234.999985 0.744700
30.000002 180.000000 225.000000 0.969500
255.000000 180.000000 215.000015 1.006400
330.000000 180.000000 155.000000 1.070300
30.000002 480.000031 35.000000 1.782200
30.000002 180.000000 234.999985 0.923300
330.000000 180.000000 195.000000 1.647700
180.000000 405.000031 155.000000 0.922200
330.000000 104.999992 55.000000 0.799000
104.999992 255.000000 215.000015 0.756000
405.000031 480.000031 135.000000 0.824100
104.999992 405.000031 45.000000 1.303400
330.000000 405.000031 165.000000 1.473100
330.000000 104.999992 45.000000 0.873200
480.000031 104.999992 165.000000 0.727600
255.000000 405.000031 205.000000 1.156600
180.000000 180.000000 75.000000 0.945600
480.000031 405.000031 195.000000 0.467900
405.000031 180.000000 15.000001 0.777000
180.000000 104.999992 45.000000 0.810100
30.000002 480.000031 85.000000 1.067700
104.999992 30.000002 55.000000 0.671200
405.000031 180.000000 195.000000 1.585400
480.000031 255.000000 215.000015 0.862200
405.000031 104.999992 15.000001 0.700200
330.000000 255.000000 55.000000 1.522000
255.000000 30.000002 104.999992 1.449400
255.000000 405.000031 25.000000 2.030900
255.000000 405.000031 215.000015 1.007500
30.000002 480.000031 175.000000 1.335600
480.000031 30.000002 215.000015 1.015900
180.000000 104.999992 85.000000 1.012900
480.000031 30.000002 205.000000 0.918800
104.999992 104.999992 95.000000 1.645900
180.000000 30.000002 245.000000 0.897900
330.000000 405.000031 104.999992 0.653200
104.999992 405.000031 25.000000 1.475100
104.999992 480.000031 185.000000 1.216000
180.000000 180.000000 205.000000 0.636700
180.000000 30.000002 95.000000 1.377000
330.000000 480.000031 185.000000 0.536500
405.000031 255.000000 95.000000 0.908400
104.999992 104.999992 115.000000 1.952000
480.000031 480.000031 125.000000 0.666700
180.000000 480.000031 175.000000 0.841100
405.000031 480.000031 25.000000 1.028800
480.000031 480.000031 35.000000 1.337900
330.000000 255.000000 205.000000 1.964200
104.999992 104.999992 125.000000 2.033700
104.999992 480.000031 85.000000 0.936700
255.000000 405.000031 195.000000 1.335500
480.000031 330.000000 65.000000 0.829300
180.000000 180.000000 195.000000 0.611900
405.000031 480.000031 85.000000 0.680200
180.000000 30.000002 75.000000 1.009800
104.999992 255.000000 85.000000 1.162700
255.000000 405.000031 175.000000 1.413800
405.000031 180.000000 65.000000 1.569500
255.000000 330.000000 75.000000 1.023300
30.000002 330.000000 115.000000 1.349400
180.000000 480.000031 65.000000 0.970900
480.000031 405.000031 135.000000 1.022400
480.000031 405.000031 95.000000 0.623500
330.000000 104.999992 35.000000 0.782000
405.000031 255.000000 234.999985 0.846400
255.000000 255.000000 205.000000 1.820200
180.000000 104.999992 165.000000 1.001600
480.000031 255.000000 65.000000 1.177200
180.000000 180.000000 245.000000 0.775200
180.000000 30.000002 145.000000 1.426900
330.000000 180.000000 45.000000 1.182500
180.000000 330.000000 85.000000 0.522200
405.000031 180.000000 135.000000 1.091700
180.000000 330.000000 165.000000 1.255000
405.000031 30.000002 135.000000 0.661400
30.000002 405.000031 95.000000 1.123700
180.000000 104.999992 115.000000 2.324300
405.000031 104.999992 75.000000 0.998900
180.000000 180.000000 135.000000 1.768900
480.000031 180.000000 125.000000 0.906300
104.999992 255.000000 55.000000 1.012800
104.999992 405.000031 215.000015 1.860100
480.000031 104.999992 175.000000 0.726100
405.000031 330.000000 85.000000 0.896700
255.000000 255.000000 135.000000 0.862200
180.000000 405.000031 234.999985 1.130100
180.000000 180.000000 35.000000 0.978900
480.000031 330.000000 165.000000 0.945600
104.999992 480.000031 45.000000 1.713000
255.000000 480.000031 145.000000 0.879800
330.000000 104.999992 185.000000 1.023000
255.000000 180.000000 145.000000 1.126300
405.000031 30.000002 165.000000 1.029400
405.000031 480.000031 234.999985 1.202800
255.000000 30.000002 245.000000 1.179600
330.000000 180.000000 145.000000 1.033400
480.000031 405.000031 145.000000 1.161400
405.000031 330.000000 195.000000 0.818100
405.000031 480.000031 75.000000 0.805600
480.000031 255.000000 155.000000 0.674300
255.000000 104.999992 25.000000 1.200400
330.000000 330.000000 35.000000 1.424100
104.999992 405.000031 165.000000 1.305000
104.999992 330.000000 234.999985 1.055500
180.000000 104.999992 225.000000 0.820700
180.000000 255.000000 55.000000 0.929300
405.000031 480.000031 225.000000 0.895000
480.000031 255.000000 115.000000 1.063500
330.000000 480.000031 165.000000 0.757400
480.000031 30.000002 125.000000 0.657000
255.000000 255.000000 145.000000 0.818400
104.999992 255.000000 195.000000 0.729700
104.999992 330.000000 25.000000 1.186400
405.000031 104.999992 234.999985 1.924500
104.999992 255.000000 205.000000 0.766300
255.000000 480.000031 35.000000 1.454500
330.000000 255.000000 185.000000 1.354500
104.999992 480.000031 115.000000 0.807700
330.000000 405.000031 135.000000 0.888400
405.000031 255.000000 55.000000 1.030200
30.000002 30.000002 115.000000 1.408300
104.999992 104.999992 234.999985 0.917800
30.000002 330.000000 35.000000 1.066700
405.000031 330.000000 165.000000 1.098700
104.999992 180.000000 65.000000 0.869900
104.999992 30.000002 175.000000 1.061000
30.000002 180.000000 135.000000 1.432900
480.000031 104.999992 125.000000 1.305300
30.000002 30.000002 155.000000 0.953500
405.000031 330.000000 125.000000 0.944700
480.000031 255.000000 195.000000 0.931800
104.999992 180.000000 145.000000 1.470000
480.000031 330.000000 35.000000 1.166800
480.000031 405.000031 85.000000 0.564700
405.000031 30.000002 35.000000 0.519300
255.000000 480.000031 185.000000 0.816800
330.000000 480.000031 45.000000 1.008800
255.000000 104.999992 65.000000 0.834000
405.000031 180.000000 55.000000 1.347400
180.000000 30.000002 234.999985 0.923200
330.000000 405.000031 45.000000 1.111200
330.000000 180.000000 234.999985 1.941500
330.000000 255.000000 75.000000 1.203700
30.000002 255.000000 175.000000 1.545600
180.000000 30.000002 195.000000 1.096600
104.999992 104.999992 45.000000 0.644400
180.000000 180.000000 234.999985 0.842000
255.000000 104.999992 35.000000 1.066700
480.000031 405.000031 165.000000 0.904200
330.000000 330.000000 45.000000 1.250300
30.000002 104.999992 225.000000 1.044500
255.000000 104.999992 145.000000 1.250500
255.000000 330.000000 155.000000 1.009500
180.000000 330.000000 95.000000 0.500300
330.000000 330.000000 15.000001 2.132200
255.000000 255.000000 234.999985 1.543600
30.000002 255.000000 195.000000 1.282100
255.000000 30.000002 85.000000 1.196600
30.000002 30.000002 15.000001 0.964300
255.000000 30.000002 115.000000 1.621100
480.000031 180.000000 145.000000 0.690000
255.000000 30.000002 234.999985 0.992200
30.000002 30.000002 175.000000 0.861600
30.000002 180.000000 65.000000 0.919300
330.000000 180.000000 115.000000 0.953500
255.000000 180.000000 25.000000 1.232300
255.000000 180.000000 234.999985 1.510400
180.000000 330.000000 125.000000 0.570100
405.000031 480.000031 165.000000 0.583400
255.000000 405.000031 135.000000 0.789500
330.000000 255.000000 45.000000 1.518800
30.000002 480.000031 185.000000 1.294200
405.000031 405.000031 85.000000 0.869400
480.000031 104.999992 185.000000 0.772200
180.000000 255.000000 135.000000 0.972100
180.000000 480.000031 55.000000 1.243800
330.000000 480.000031 25.000000 1.084700
180.000000 255.000000 115.000000 1.024700
180.000000 30.000002 55.000000 0.798900
330.000000 330.000000 104.999992 0.680500
480.000031 180.000000 15.000001 1.006200
104.999992 180.000000 15.000001 1.080800
405.000031 104.999992 55.000000 0.914000
480.000031 255.000000 234.999985 0.866300
330.000000 180.000000 175.000000 1.245800
405.000031 480.000031 155.000000 0.698400
104.999992 480.000031 195.000000 1.192500
104.999992 180.000000 225.000000 0.799400
255.000000 104.999992 55.000000 0.887800
180.000000 180.000000 125.000000 2.224000
330.000000 405.000031 234.999985 0.680500
180.000000 180.000000 55.000000 0.758300
330.000000 180.000000 165.000000 1.136800
30.000002 480.000031 104.999992 1.020400
180.000000 180.000000 185.000000 0.650900
255.000000 480.000031 215.000015 0.654000
255.000000 255.000000 175.000000 1.190700
255.000000 180.000000 125.000000 1.162700
255.000000 330.000000 135.000000 0.644600
104.999992 30.000002 234.999985 0.985700
405.000031 30.000002 55.000000 0.598000
30.000002 405.000031 205.000000 1.415400
480.000031 255.000000 165.000000 0.694600
480.000031 480.000031 75.000000 0.828900
180.000000 255.000000 65.000000 0.942500
255.000000 104.999992 225.000000 0.787700
405.000031 255.000000 195.000000 1.241100
104.999992 30.000002 65.000000 0.713000
180.000000 255.000000 104.999992 0.979200
330.000000 330.000000 155.000000 0.850900
480.000031 255.000000 175.000000 0.766900
255.000000 255.000000 125.000000 0.825700
104.999992 104.999992 225.000000 1.020000
330.000000 330.000000 185.000000 1.280600
30.000002 480.000031 45.000000 1.603300
255.000000 180.000000 85.000000 0.977500
330.000000 30.000002 155.000000 0.941100
255.000000 30.000002 145.000000 1.017600
104.999992 104.999992 145.000000 1.240800
330.000000 104.999992 155.000000 1.103100
180.000000 405.000031 145.000000 0.733500
104.999992 255.000000 95.000000 1.427100
255.000000 330.000000 215.000015 2.626500
30.000002 104.999992 185.000000 0.665000
180.000000 104.999992 234.999985 0.781700
180.000000 104.999992 65.000000 0.742600
330.000000 180.000000 125.000000 0.960400
30.000002 255.000000 165.000000 1.578400
104.999992 104.999992 215.000015 1.098000
480.000031 255.000000 15.000001 1.083200
480.000031 480.000031 115.000000 0.743600
255.000000 30.000002 95.000000 1.425900
30.000002 255.000000 75.000000 0.968800
255.000000 180.000000 225.000000 1.274400
480.000031 180.000000 234.999985 1.250600
255.000000 255.000000 215.000015 1.773600
104.999992 330.000000 195.000000 1.469500
180.000000 480.000031 225.000000 0.850600
405.000031 480.000031 185.000000 0.454500
104.999992 255.000000 145.000000 1.068700
104.999992 104.999992 25.000000 0.707800
480.000031 405.000031 75.000000 0.538700
405.000031 255.000000 25.000000 0.884600
330.000000 330.000000 115.000000 0.654800
30.000002 30.000002 205.000000 1.147600
30.000002 180.000000 215.000015 1.232800
30.000002 30.000002 215.000015 1.111300
30.000002 330.000000 75.000000 1.393200
104.999992 104.999992 55.000000 0.686500
405.000031 405.000031 25.000000 1.094800
255.000000 30.000002 195.000000 0.669000
180.000000 180.000000 165.000000 0.964000
30.000002 255.000000 25.000000 0.892800
330.000000 330.000000 234.999985 0.762400
255.000000 330.000000 205.000000 2.833900
480.000031 30.000002 115.000000 0.802000
255.000000 255.000000 185.000000 1.419400
180.000000 30.000002 45.000000 0.714100
30.000002 480.000031 25.000000 1.678000
405.000031 480.000031 104.999992 0.627900
480.000031 480.000031 205.000000 0.813300
30.000002 330.000000 175.000000 1.155300
330.000000 30.000002 215.000015 0.703300
180.000000 30.000002 205.000000 1.050300
180.000000 480.000031 25.000000 1.558300
30.000002 480.000031 215.000015 1.077300
30.000002 104.999992 35.000000 1.483800
330.000000 480.000031 155.000000 0.886100
180.000000 255.000000 15.000001 1.005500
480.000031 480.000031 155.000000 0.516100
405.000031 180.000000 225.000000 2.054300
30.000002 255.000000 234.999985 0.695000
405.000031 30.000002 65.000000 0.651600
480.000031 480.000031 104.999992 0.707300
255.000000 180.000000 95.000000 0.969200
104.999992 480.000031 55.000000 1.504300
255.000000 180.000000 195.000000 0.762300
104.999992 330.000000 215.000015 1.224700
330.000000 104.999992 215.000015 1.491700
255.000000 330.000000 225.000000 1.946100
104.999992 180.000000 104.999992 2.115900
480.000031 30.000002 45.000000 0.608100
180.000000 30.000002 225.000000 1.049200
255.000000 480.000031 15.000001 1.482400
104.999992 480.000031 175.000000 0.999700
480.000031 104.999992 234.999985 1.122900
104.999992 180.000000 205.000000 0.926200
330.000000 255.000000 215.000015 1.852200
104.999992 255.000000 245.000000 0.807800
30.000002 30.000002 125.000000 1.453400
330.000000 104.999992 95.000000 0.674000
255.000000 180.000000 45.000000 1.229900
180.000000 330.000000 15.000001 1.074100
180.000000 180.000000 215.000015 0.718500
480.000031 30.000002 25.000000 0.489100
405.000031 330.000000 104.999992 0.832800
405.000031 180.000000 215.000015 2.498500
180.000000 405.000031 115.000000 0.652300
104.999992 30.000002 75.000000 0.981000
255.000000 180.000000 104.999992 1.144500
30.000002 30.000002 85.000000 1.056800
405.000031 180.000000 175.000000 0.872800
180.000000 255.000000 205.000000 1.105000
330.000000 330.000000 65.000000 1.053700
405.000031 480.000031 115.000000 0.696100
104.999992 480.000031 35.000000 1.775700
180.000000 405.000031 104.999992 0.671500
405.000031 104.999992 45.000000 0.818900
480.000031 330.000000 195.000000 0.583300
255.000000 480.000031 85.000000 0.606300
330.000000 180.000000 15.000001 1.101100
330.000000 180.000000 205.000000 1.992900
180.000000 405.000031 35.000000 1.450300
30.000002 180.000000 85.000000 1.172300
180.000000 405.000031 95.000000 0.647800
104.999992 104.999992 175.000000 0.916400
30.000002 330.000000 234.999985 1.106400
180.000000 330.000000 155.000000 0.812900
480.000031 405.000031 175.000000 0.781300
30.000002 30.000002 234.999985 1.013400
405.000031 405.000031 185.000000 0.747000
480.000031 405.000031 45.000000 0.841800
30.000002 480.000031 245.000000 0.983100
30.000002 104.999992 234.999985 0.989200
330.000000 255.000000 234.999985 1.320600
405.000031 180.000000 245.000000 1.566400
30.000002 480.000031 205.000000 1.155200
480.000031 104.999992 135.000000 1.233500
330.000000 104.999992 65.000000 0.765500
104.999992 30.000002 35.000000 0.526000
480.000031 330.000000 95.000000 0.738600
480.000031 104.999992 245.000000 1.107200
180.000000 104.999992 135.000000 1.935100
30.000002 480.000031 195.000000 1.341100
180.000000 104.999992 35.000000 0.911800
405.000031 330.000000 115.000000 0.884300
330.000000 330.000000 175.000000 1.228200
180.000000 480.000031 185.000000 0.840600
30.000002 180.000000 75.000000 1.022100
405.000031 104.999992 145.000000 0.934800
104.999992 330.000000 145.000000 0.899500
330.000000 480.000031 35.000000 1.076800
330.000000 255.000000 225.000000 1.665400
480.000031 480.000031 215.000015 1.082300
255.000000 180.000000 165.000000 1.080200
180.000000 330.000000 245.000000 0.941300
330.000000 405.000031 245.000000 0.686900
480.000031 255.000000 95.000000 1.101000
405.000031 104.999992 25.000000 0.606400
330.000000 480.000031 65.000000 0.969400
30.000002 180.000000 165.000000 1.261300
405.000031 330.000000 155.000000 1.043900
255.000000 480.000031 245.000000 0.605800
180.000000 330.000000 35.000000 1.172500
30.000002 30.000002 75.000000 0.941300
180.000000 480.000031 35.000000 1.452800
405.000031 104.999992 225.000000 2.336300
480.000031 104.999992 35.000000 0.759900
405.000031 405.000031 234.999985 1.116000
255.000000 180.000000 135.000000 1.091800
180.000000 255.000000 75.000000 0.912100
30.000002 180.000000 155.000000 1.245600
30.000002 405.000031 65.000000 1.068000
30.000002 255.000000 115.000000 1.137900
180.000000 180.000000 45.000000 0.818900
405.000031 30.000002 185.000000 1.274100
405.000031 405.000031 195.000000 0.554100
405.000031 330.000000 75.000000 0.941600
255.000000 255.000000 55.000000 1.722100
255.000000 180.000000 115.000000 1.203400
255.000000 255.000000 45.000000 1.713100
255.000000 405.000031 225.000000 0.827500
480.000031 480.000031 225.000000 1.329900
180.000000 480.000031 234.999985 0.854600
480.000031 180.000000 225.000000 1.392900
405.000031 180.000000 95.000000 1.478900
330.000000 330.000000 215.000015 1.092600
405.000031 30.000002 234.999985 1.349200
30.000002 30.000002 135.000000 1.264700
405.000031 30.000002 25.000000 0.522100
405.000031 180.000000 165.000000 0.798900
480.000031 405.000031 125.000000 0.892400
30.000002 255.000000 65.000000 0.989800
330.000000 480.000031 195.000000 0.497600
405.000031 30.000002 15.000001 0.559400
30.000002 405.000031 85.000000 1.011800
330.000000 405.000031 65.000000 0.977100
255.000000 480.000031 55.000000 1.001000
104.999992 330.000000 55.000000 0.848800
255.000000 480.000031 165.000000 1.008500
330.000000 180.000000 95.000000 0.980600
330.000000 480.000031 15.000001 1.014400
480.000031 30.000002 35.000000 0.472800
255.000000 405.000031 55.000000 1.307500
255.000000 405.000031 104.999992 0.702800
30.000002 180.000000 45.000000 1.097200
104.999992 330.000000 245.000000 0.979400
180.000000 480.000031 195.000000 0.895600
405.000031 255.000000 185.000000 0.935000
180.000000 330.000000 104.999992 0.569600
104.999992 30.000002 205.000000 1.147300
405.000031 30.000002 125.000000 0.748400
104.999992 405.000031 104.999992 0.739200
180.000000 30.000002 125.000000 1.479900
255.000000 480.000031 195.000000 0.791300
405.000031 255.000000 165.000000 0.620200
480.000031 330.000000 25.000000 1.145700
480.000031 104.999992 85.000000 1.825300
480.000031 30.000002 55.000000 0.763400
104.999992 180.000000 125.000000 2.274900
405.000031 104.999992 35.000000 0.642300
480.000031 30.000002 104.999992 0.960300
180.000000 30.000002 135.000000 1.521000
405.000031 180.000000 185.000000 1.219300
30.000002 255.000000 215.000015 0.989900
30.000002 330.000000 215.000015 1.043700
480.000031 405.000031 225.000000 0.991700
104.999992 180.000000 215.000015 0.868300
405.000031 405.000031 15.000001 1.052100
405.000031 405.000031 45.000000 1.053800
104.999992 330.000000 175.000000 1.343400
180.000000 255.000000 155.000000 0.814900
30.000002 480.000031 55.000000 1.558200
180.000000 104.999992 125.000000 2.373700
405.000031 330.000000 35.000000 1.253000
330.000000 104.999992 15.000001 0.943700
480.000031 330.000000 135.000000 1.115700
330.000000 180.000000 35.000000 1.176600
30.000002 30.000002 95.000000 1.222900
30.000002 255.000000 125.000000 1.206900
330.000000 330.000000 225.000000 0.848500
30.000002 330.000000 55.000000 1.164900
405.000031 405.000031 35.000000 0.999800
330.000000 180.000000 85.000000 1.091700
255.000000 30.000002 25.000000 1.229700
330.000000 255.000000 145.000000 0.676900
255.000000 330.000000 15.000001 1.718100
180.000000 480.000031 95.000000 0.691900
180.000000 405.000031 55.000000 1.095200
255.000000 405.000031 234.999985 0.635700
255.000000 180.000000 185.000000 0.832400
405.000031 405.000031 115.000000 0.808300
104.999992 330.000000 65.000000 0.674000
480.000031 405.000031 65.000000 0.633800
480.000031 30.000002 225.000000 1.076300
30.000002 480.000031 75.000000 1.216100
104.999992 104.999992 104.999992 2.073000
405.000031 255.000000 145.000000 0.610600
405.000031 480.000031 205.000000 0.555000
480.000031 104.999992 115.000000 1.578200
30.000002 330.000000 185.000000 1.038300
30.000002 330.000000 135.000000 1.190700
330.000000 330.000000 165.000000 1.057800
480.000031 104.999992 205.000000 1.023300
405.000031 330.000000 15.000001 1.667500
30.000002 30.000002 35.000000 1.320000
480.000031 30.000002 245.000000 0.861800
104.999992 330.000000 104.999992 0.845300
330.000000 30.000002 95.000000 1.013200
30.000002 480.000031 65.000000 1.355800
255.000000 480.000031 25.000000 1.525800
405.000031 330.000000 145.000000 1.168900
330.000000 255.000000 165.000000 0.820400
330.000000 480.000031 175.000000 0.662800
30.000002 30.000002 165.000000 0.854900
30.000002 405.000031 135.000000 1.550400
330.000000 255.000000 25.000000 1.429300
255.000000 480.000031 135.000000 0.785600
255.000000 330.000000 245.000000 0.874500
405.000031 405.000031 215.000015 0.690700
180.000000 405.000031 85.000000 0.656900
480.000031 180.000000 195.000000 1.056900
180.000000 104.999992 195.000000 0.734100
30.000002 405.000031 225.000000 1.310600
30.000002 255.000000 205.000000 1.209400
480.000031 255.000000 125.000000 0.926500
255.000000 405.000031 95.000000 0.668900
255.000000 480.000031 155.000000 0.996400
255.000000 255.000000 85.000000 0.950100
480.000031 255.000000 35.000000 1.241100
405.000031 104.999992 135.000000 1.018800
104.999992 255.000000 115.000000 1.562900
255.000000 104.999992 175.000000 0.667500
330.000000 104.999992 245.000000 1.422500
330.000000 104.999992 104.999992 0.713300
330.000000 180.000000 225.000000 2.187700
104.999992 480.000031 135.000000 0.700700
255.000000 104.999992 45.000000 0.883500
104.999992 30.000002 245.000000 0.897100
104.999992 480.000031 225.000000 0.975500
405.000031 104.999992 125.000000 1.004700
255.000000 104.999992 104.999992 1.283100
255.000000 405.000031 145.000000 1.082700
405.000031 405.000031 245.000000 1.288200
104.999992 480.000031 75.000000 1.117500
480.000031 255.000000 75.000000 1.240400
180.000000 180.000000 25.000000 1.085900
255.000000 330.000000 95.000000 0.845300
480.000031 330.000000 15.000001 1.044800
180.000000 30.000002 25.000000 0.642200
104.999992 330.000000 155.000000 1.062700
480.000031 30.000002 175.000000 0.945400
30.000002 30.000002 45.000000 1.318400
255.000000 30.000002 15.000001 1.248600
104.999992 480.000031 104.999992 0.812300
330.000000 104.999992 225.000000 1.424600
255.000000 255.000000 245.000000 1.165200
330.000000 180.000000 185.000000 1.481300
30.000002 180.000000 55.000000 1.092700
480.000031 330.000000 85.000000 0.740900
330.000000 30.000002 245.000000 0.908700
405.000031 30.000002 115.000000 0.789400
480.000031 480.000031 195.000000 0.626500
480.000031 255.000000 104.999992 0.951000
30.000002 104.999992 65.000000 1.128400
30.000002 180.000000 185.000000 1.435200
180.000000 255.000000 95.000000 0.933400
30.000002 104.999992 165.000000 0.521300
480.000031 30.000002 165.000000 0.894900
30.000002 255.000000 35.000000 0.977500
30.000002 330.000000 45.000000 1.131100
480.000031 330.000000 75.000000 0.694200
405.000031 30.000002 195.000000 1.397700
255.000000 180.000000 155.000000 1.097200
104.999992 30.000002 115.000000 1.839100
30.000002 180.000000 175.000000 1.351700
330.000000 30.000002 75.000000 0.901400
180.000000 480.000031 125.000000 0.787300
180.000000 330.000000 75.000000 0.558200
104.999992 405.000031 234.999985 1.304100
480.000031 30.000002 155.000000 0.741800
180.000000 405.000031 185.000000 2.032100
180.000000 330.000000 175.000000 1.607000
480.000031 405.000031 245.000000 1.581000
405.000031 405.000031 125.000000 0.936400
30.000002 480.000031 165.000000 1.257700
330.000000 405.000031 75.000000 0.937000
30.000002 330.000000 125.000000 1.253400
30.000002 180.000000 115.000000 1.939200
405.000031 255.000000 104.999992 0.860300
30.000002 255.000000 15.000001 0.689400
480.000031 405.000031 25.000000 0.787200
30.000002 30.000002 55.000000 1.138600
255.000000 330.000000 175.000000 1.718200
255.000000 255.000000 15.000001 1.511300
104.999992 330.000000 35.000000 1.170300
330.000000 180.000000 25.000000 1.107300
104.999992 255.000000 135.000000 1.224300
30.000002 480.000031 234.999985 0.879200
255.000000 104.999992 125.000000 1.594600
480.000031 330.000000 145.000000 1.167100
255.000000 180.000000 205.000000 0.881500
30.000002 480.000031 155.000000 1.071600
180.000000 104.999992 145.000000 1.652000
480.000031 104.999992 15.000001 0.739400
255.000000 255.000000 95.000000 0.901100
330.000000 104.999992 145.000000 1.114300
480.000031 104.999992 65.000000 1.486500
480.000031 255.000000 145.000000 0.685900
180.000000 104.999992 15.000001 1.194100
180.000000 405.000031 75.000000 0.731700
480.000031 330.000000 205.000000 0.604900
180.000000 405.000031 135.000000 0.606400
405.000031 104.999992 115.000000 1.050200
104.999992 30.000002 45.000000 0.559400
104.999992 30.000002 104.999992 1.671200
180.000000 330.000000 205.000000 2.872400
330.000000 330.000000 205.000000 1.285800
480.000031 180.000000 95.000000 1.400000
30.000002 405.000031 175.000000 1.633200
30.000002 405.000031 215.000015 1.260100
30.000002 405.000031 25.000000 1.634500
480.000031 180.000000 85.000000 1.482900
104.999992 255.000000 15.000001 0.944800
180.000000 330.000000 115.000000 0.603100
255.000000 30.000002 75.000000 1.030100
180.000000 405.000031 25.000000 1.499900
405.000031 480.000031 35.000000 1.073300
480.000031 104.999992 75.000000 1.659700
30.000002 30.000002 104.999992 1.384400
330.000000 405.000031 205.000000 0.780000
180.000000 180.000000 145.000000 1.587200
180.000000 180.000000 85.000000 1.161500
30.000002 104.999992 145.000000 0.910100
104.999992 255.000000 185.000000 0.761300
30.000002 180.000000 104.999992 1.633400
30.000002 330.000000 205.000000 0.999300
480.000031 180.000000 205.000000 1.153300
405.000031 30.000002 45.000000 0.566100
480.000031 405.000031 104.999992 0.624100
180.000000 330.000000 195.000000 2.836100
480.000031 405.000031 115.000000 0.758500
104.999992 330.000000 45.000000 1.043400
30.000002 480.000031 135.000000 0.934600
180.000000 480.000031 115.000000 0.787500
330.000000 405.000031 215.000015 0.731100
104.999992 180.000000 115.000000 2.514900
180.000000 405.000031 65.000000 0.847500
30.000002 255.000000 85.000000 0.995600
180.000000 180.000000 115.000000 2.225500
30.000002 255.000000 135.000000 1.179800
480.000031 405.000031 155.000000 1.146800
30.000002 104.999992 215.000015 1.064900
30.000002 180.000000 245.000000 0.757700
30.000002 30.000002 185.000000 0.930300
255.000000 30.000002 55.000000 1.099500
180.000000 330.000000 55.000000 0.776100
405.000031 180.000000 85.000000 1.639700
405.000031 255.000000 85.000000 0.876600
330.000000 330.000000 125.000000 0.576900
330.000000 480.000031 135.000000 0.824400
330.000000 180.000000 75.000000 1.266200
180.000000 405.000031 15.000001 1.316900
405.000031 255.000000 45.000000 0.886700
480.000031 255.000000 185.000000 0.853800
180.000000 480.000031 145.000000 0.829600
330.000000 30.000002 35.000000 0.975100
330.000000 330.000000 85.000000 0.840000
104.999992 255.000000 104.999992 1.700700
330.000000 405.000031 15.000001 1.596000
255.000000 30.000002 165.000000 0.752000
104.999992 30.000002 95.000000 1.576700
330.000000 104.999992 234.999985 1.611300
480.000031 30.000002 135.000000 0.670600
255.000000 30.000002 215.000015 0.701300
480.000031 104.999992 104.999992 1.648700
405.000031 405.000031 65.000000 0.968200
30.000002 480.000031 145.000000 0.917800
330.000000 255.000000 85.000000 1.197700
180.000000 255.000000 125.000000 1.033800
180.000000 255.000000 175.000000 0.885500
330.000000 480.000031 205.000000 0.502500
255.000000 255.000000 65.000000 1.399400
180.000000 330.000000 185.000000 2.292700
30.000002 30.000002 245.000000 0.926900
255.000000 330.000000 145.000000 0.774600
30.000002 104.999992 245.000000 0.900000
480.000031 180.000000 155.000000 0.668400
255.000000 330.000000 115.000000 0.662700
30.000002 255.000000 225.000000 0.849500
255.000000 255.000000 104.999992 0.862500
180.000000 104.999992 75.000000 0.774700
104.999992 405.000031 205.000000 2.173700
405.000031 405.000031 175.000000 1.015300
180.000000 480.000031 85.000000 0.750500
180.000000 180.000000 65.000000 0.779200
330.000000 480.000031 75.000000 0.861700
30.000002 104.999992 125.000000 1.621000
480.000031 255.000000 85.000000 1.162500
104.999992 405.000031 85.000000 0.602000
255.000000 30.000002 155.000000 0.802100
104.999992 104.999992 15.000001 0.752100
104.999992 104.999992 185.000000 0.988900
330.000000 255.000000 104.999992 0.967400
104.999992 180.000000 45.000000 0.896400
405.000031 330.000000 55.000000 1.037800
104.999992 405.000031 75.000000 0.681100
180.000000 30.000002 175.000000 1.079000
330.000000 30.000002 85.000000 0.991300
104.999992 405.000031 245.000000 0.986300
30.000002 180.000000 25.000000 1.002600
330.000000 30.000002 195.000000 0.755100
330.000000 330.000000 195.000000 1.295200
104.999992 405.000031 155.000000 1.084000
30.000002 255.000000 185.000000 1.455900
405.000031 255.000000 65.000000 1.062400
405.000031 255.000000 155.000000 0.625000
480.000031 104.999992 215.000015 1.290800
405.000031 104.999992 195.000000 1.916400
104.999992 180.000000 135.000000 1.886800
104.999992 405.000031 55.000000 0.952800
480.000031 330.000000 185.000000 0.624800
30.000002 180.000000 125.000000 1.664500
255.000000 104.999992 215.000015 0.682000
180.000000 405.000031 215.000015 2.093100
30.000002 330.000000 15.000001 0.848400
330.000000 255.000000 195.000000 1.732800
180.000000 255.000000 165.000000 0.767000
30.000002 405.000031 104.999992 1.280800
480.000031 30.000002 95.000000 1.102800
30.000002 480.000031 95.000000 1.009900
104.999992 180.000000 75.000000 1.049300
405.000031 480.000031 145.000000 0.783500
255.000000 180.000000 175.000000 0.919200
180.000000 30.000002 65.000000 0.813900
405.000031 30.000002 245.000000 1.204700
30.000002 255.000000 55.000000 1.103300
180.000000 180.000000 104.999992 2.096800
30.000002 30.000002 65.000000 0.940500
104.999992 480.000031 25.000000 1.633700
255.000000 330.000000 85.000000 0.962500
255.000000 30.000002 125.000000 1.523800
330.000000 30.000002 55.000000 0.879600
255.000000 104.999992 185.000000 0.595400
330.000000 255.000000 155.000000 0.667100
180.000000 480.000031 205.000000 0.928500
480.000031 180.000000 75.000000 1.486800
180.000000 30.000002 185.000000 1.054700
180.000000 330.000000 225.000000 2.041300
480.000031 330.000000 175.000000 0.736700
405.000031 480.000031 175.000000 0.505200
330.000000 405.000031 175.000000 1.328600
104.999992 330.000000 185.000000 1.516100
104.999992 30.000002 85.000000 1.239000
255.000000 30.000002 65.000000 1.115100
30.000002 104.999992 85.000000 1.533300
104.999992 30.000002 195.000000 1.244300
104.999992 405.000031 35.000000 1.455900
104.999992 104.999992 195.000000 1.162000
104.999992 180.000000 85.000000 1.234100
330.000000 180.000000 245.000000 1.528600
30.000002 330.000000 85.000000 1.200700
255.000000 330.000000 185.000000 2.335800
480.000031 104.999992 145.000000 1.046900
30.000002 255.000000 155.000000 1.471100
180.000000 104.999992 155.000000 1.178800
104.999992 405.000031 15.000001 1.304000
330.000000 30.000002 115.000000 1.108300
480.000031 330.000000 104.999992 0.864200
255.000000 330.000000 65.000000 1.306300
255.000000 405.000031 245.000000 0.546300
480.000031 330.000000 45.000000 1.054900
330.000000 480.000031 115.000000 0.729300
405.000031 330.000000 185.000000 0.860800
255.000000 30.000002 35.000000 1.262800
104.999992 480.000031 125.000000 0.743800
180.000000 405.000031 45.000000 1.331200
30.000002 104.999992 175.000000 0.557800
255.000000 330.000000 165.000000 1.315200
330.000000 30.000002 15.000001 1.112800
330.000000 255.000000 115.000000 0.846900
480.000031 330.000000 215.000015 0.654300
30.000002 405.000031 195.000000 1.382200
405.000031 405.000031 145.000000 1.429800
180.000000 180.000000 225.000000 0.867200
30.000002 480.000031 225.000000 0.927400
330.000000 405.000031 145.000000 1.231700
330.000000 405.000031 35.000000 1.259100
104.999992 480.000031 165.000000 1.075300
255.000000 405.000031 165.000000 1.364200
180.000000 330.000000 135.000000 0.554100
480.000031 180.000000 215.000015 1.289300
