pygeostat_saved_data
4
X
Y
Z
value
255.000000 30.000002 245.000000 1.151300
104.999992 104.999992 115.000000 3.957400
330.000000 330.000000 15.000001 4.914100
180.000000 30.000002 185.000000 0.875000
480.000031 104.999992 135.000000 1.284500
405.000031 180.000000 65.000000 2.318800
180.000000 480.000031 115.000000 0.427600
480.000031 255.000000 75.000000 1.302200
180.000000 405.000031 75.000000 0.357000
255.000000 180.000000 175.000000 0.624700
30.000002 255.000000 215.000015 0.749100
480.000031 330.000000 125.000000 0.790800
480.000031 180.000000 15.000001 0.779600
480.000031 30.000002 245.000000 0.533300
405.000031 104.999992 25.000000 0.225300
104.999992 30.000002 234.999985 0.741300
330.000000 30.000002 104.999992 1.044700
330.000000 104.999992 115.000000 0.373700
405.000031 255.000000 145.000000 0.229100
30.000002 180.000000 205.000000 2.035000
180.000000 330.000000 35.000000 1.134200
405.000031 405.000031 165.000000 1.595300
30.000002 255.000000 65.000000 0.748900
480.000031 180.000000 225.000000 1.730400
30.000002 405.000031 175.000000 2.556100
405.000031 405.000031 195.000000 0.180600
255.000000 30.000002 225.000000 0.526400
104.999992 180.000000 85.000000 1.286100
255.000000 104.999992 15.000001 1.469500
30.000002 330.000000 55.000000 1.116400
255.000000 255.000000 125.000000 0.480200
405.000031 180.000000 215.000015 7.248400
405.000031 405.000031 85.000000 0.544900
405.000031 480.000031 205.000000 0.181300
104.999992 255.000000 95.000000 1.836500
405.000031 30.000002 225.000000 1.674600
104.999992 180.000000 115.000000 7.365800
30.000002 405.000031 35.000000 2.733700
405.000031 30.000002 155.000000 0.544700
255.000000 330.000000 115.000000 0.280100
330.000000 405.000031 175.000000 1.541000
30.000002 104.999992 195.000000 0.543200
405.000031 405.000031 104.999992 0.380800
180.000000 330.000000 25.000000 0.878000
104.999992 405.000031 135.000000 0.744500
480.000031 104.999992 75.000000 2.659200
255.000000 30.000002 115.000000 2.510100
104.999992 104.999992 95.000000 2.605200
405.000031 180.000000 135.000000 0.952100
104.999992 330.000000 155.000000 0.891500
405.000031 255.000000 225.000000 0.689200
180.000000 30.000002 35.000000 0.227000
180.000000 330.000000 215.000015 6.423600
30.000002 30.000002 35.000000 1.516800
480.000031 480.000031 245.000000 2.870600
480.000031 405.000031 85.000000 0.189200
30.000002 30.000002 175.000000 0.533000
30.000002 30.000002 85.000000 0.879300
180.000000 480.000031 25.000000 2.278300
104.999992 180.000000 185.000000 0.884400
180.000000 330.000000 95.000000 0.140600
255.000000 405.000031 65.000000 0.860700
30.000002 255.000000 234.999985 0.314700
30.000002 30.000002 55.000000 1.055600
180.000000 30.000002 205.000000 0.866100
405.000031 480.000031 75.000000 0.452000
104.999992 255.000000 215.000015 0.386800
330.000000 30.000002 25.000000 0.733800
480.000031 30.000002 175.000000 0.669100
405.000031 104.999992 234.999985 3.822400
30.000002 30.000002 125.000000 1.920500
104.999992 180.000000 135.000000 3.641500
405.000031 405.000031 55.000000 0.888500
405.000031 480.000031 125.000000 0.387800
480.000031 255.000000 125.000000 0.636800
330.000000 330.000000 35.000000 1.827100
30.000002 480.000031 75.000000 1.240500
104.999992 405.000031 25.000000 1.991600
330.000000 330.000000 195.000000 1.447800
405.000031 405.000031 225.000000 0.417000
330.000000 330.000000 25.000000 3.549700
330.000000 104.999992 125.000000 0.499300
480.000031 104.999992 215.000015 1.435900
180.000000 104.999992 175.000000 0.614600
405.000031 330.000000 185.000000 0.531800
255.000000 480.000031 135.000000 0.425000
330.000000 405.000031 115.000000 0.215900
405.000031 330.000000 145.000000 1.125900
30.000002 104.999992 245.000000 0.593200
255.000000 330.000000 245.000000 0.552800
480.000031 104.999992 85.000000 3.357300
104.999992 104.999992 185.000000 0.747200
180.000000 405.000031 245.000000 0.521600
180.000000 30.000002 65.000000 0.463600
104.999992 255.000000 135.000000 1.261100
405.000031 180.000000 15.000001 0.413700
330.000000 330.000000 95.000000 0.440800
255.000000 104.999992 85.000000 0.615100
330.000000 255.000000 205.000000 4.018500
104.999992 330.000000 234.999985 0.876600
330.000000 480.000031 175.000000 0.280200
104.999992 30.000002 125.000000 2.742800
104.999992 255.000000 25.000000 0.711400
405.000031 104.999992 175.000000 1.468700
255.000000 405.000031 25.000000 4.361400
405.000031 405.000031 35.000000 0.767600
255.000000 255.000000 175.000000 1.178000
180.000000 30.000002 245.000000 0.589700
480.000031 255.000000 245.000000 0.594800
405.000031 480.000031 145.000000 0.422200
255.000000 330.000000 15.000001 2.894400
330.000000 30.000002 45.000000 0.655900
104.999992 330.000000 75.000000 0.342900
104.999992 180.000000 55.000000 0.588000
480.000031 104.999992 155.000000 0.533200
480.000031 180.000000 175.000000 0.286900
255.000000 180.000000 195.000000 0.394800
104.999992 405.000031 185.000000 5.257300
104.999992 30.000002 165.000000 0.965600
330.000000 255.000000 215.000015 3.479900
180.000000 255.000000 35.000000 1.042400
30.000002 480.000031 125.000000 0.639700
30.000002 255.000000 185.000000 1.928500
104.999992 30.000002 55.000000 0.289000
255.000000 104.999992 55.000000 0.573600
30.000002 405.000031 45.000000 2.005200
405.000031 104.999992 225.000000 6.148400
30.000002 180.000000 75.000000 0.810100
104.999992 255.000000 145.000000 0.903800
255.000000 180.000000 185.000000 0.489800
480.000031 330.000000 205.000000 0.224000
104.999992 405.000031 234.999985 1.472300
104.999992 255.000000 65.000000 0.690900
480.000031 405.000031 155.000000 1.074400
30.000002 330.000000 234.999985 0.983900
30.000002 330.000000 115.000000 1.601000
180.000000 255.000000 104.999992 0.729300
255.000000 480.000031 195.000000 0.432600
330.000000 255.000000 35.000000 2.180600
330.000000 104.999992 95.000000 0.291900
30.000002 330.000000 215.000015 0.852700
405.000031 180.000000 145.000000 0.522200
104.999992 104.999992 225.000000 0.806100
480.000031 330.000000 215.000015 0.271400
480.000031 330.000000 95.000000 0.365400
330.000000 255.000000 15.000001 1.412600
255.000000 405.000031 185.000000 2.008300
405.000031 255.000000 35.000000 0.581800
104.999992 104.999992 65.000000 0.354800
104.999992 330.000000 185.000000 2.130000
480.000031 480.000031 15.000001 0.754300
330.000000 104.999992 104.999992 0.335400
30.000002 480.000031 25.000000 2.731700
330.000000 330.000000 104.999992 0.298900
180.000000 104.999992 15.000001 1.186300
104.999992 30.000002 85.000000 1.298600
330.000000 255.000000 45.000000 2.139400
405.000031 104.999992 145.000000 0.650800
480.000031 180.000000 155.000000 0.286100
255.000000 104.999992 25.000000 1.201600
255.000000 405.000031 95.000000 0.286500
480.000031 30.000002 215.000015 0.798200
104.999992 180.000000 175.000000 0.946100
330.000000 405.000031 55.000000 0.791000
330.000000 480.000031 234.999985 0.554800
405.000031 330.000000 155.000000 0.853200
330.000000 255.000000 185.000000 1.615600
405.000031 180.000000 85.000000 2.581300
480.000031 255.000000 25.000000 1.207000
180.000000 255.000000 85.000000 0.572800
480.000031 255.000000 175.000000 0.400700
180.000000 330.000000 155.000000 0.462100
480.000031 330.000000 75.000000 0.313900
255.000000 330.000000 234.999985 1.294800
480.000031 180.000000 25.000000 0.728400
330.000000 480.000031 185.000000 0.166900
405.000031 330.000000 104.999992 0.490400
330.000000 405.000031 234.999985 0.298900
405.000031 480.000031 104.999992 0.245400
480.000031 330.000000 175.000000 0.363100
104.999992 180.000000 25.000000 0.758800
480.000031 480.000031 75.000000 0.484700
330.000000 30.000002 85.000000 0.751700
104.999992 330.000000 95.000000 0.365600
180.000000 30.000002 155.000000 1.790700
330.000000 180.000000 35.000000 1.144100
104.999992 480.000031 45.000000 2.873100
480.000031 405.000031 45.000000 0.503400
405.000031 104.999992 205.000000 5.662300
255.000000 180.000000 85.000000 0.726300
104.999992 104.999992 205.000000 1.251200
180.000000 405.000031 115.000000 0.269400
330.000000 330.000000 205.000000 1.422100
30.000002 104.999992 95.000000 2.862400
30.000002 330.000000 185.000000 0.842000
30.000002 255.000000 115.000000 1.053900
104.999992 330.000000 175.000000 1.583500
480.000031 255.000000 135.000000 0.392100
255.000000 180.000000 75.000000 0.748800
330.000000 255.000000 125.000000 0.392900
30.000002 480.000031 234.999985 0.560100
480.000031 104.999992 225.000000 1.453200
30.000002 330.000000 205.000000 0.766600
405.000031 255.000000 95.000000 0.606800
480.000031 480.000031 165.000000 0.100800
480.000031 480.000031 115.000000 0.371400
180.000000 104.999992 95.000000 1.836600
255.000000 255.000000 145.000000 0.469800
405.000031 180.000000 25.000000 0.521700
180.000000 330.000000 145.000000 0.260400
30.000002 405.000031 145.000000 3.044300
30.000002 30.000002 165.000000 0.522900
480.000031 330.000000 15.000001 0.855000
405.000031 180.000000 115.000000 1.503900
180.000000 104.999992 245.000000 0.529800
180.000000 480.000031 185.000000 0.501700
30.000002 255.000000 85.000000 0.759600
405.000031 30.000002 185.000000 1.390600
30.000002 180.000000 234.999985 0.631500
480.000031 30.000002 205.000000 0.624000
180.000000 405.000031 195.000000 4.941100
480.000031 255.000000 215.000015 0.533900
30.000002 255.000000 104.999992 1.098700
330.000000 330.000000 215.000015 0.954100
330.000000 180.000000 15.000001 0.972400
104.999992 180.000000 195.000000 0.663200
405.000031 30.000002 15.000001 0.184900
330.000000 480.000031 25.000000 0.937300
405.000031 104.999992 185.000000 2.063200
255.000000 104.999992 65.000000 0.492200
480.000031 480.000031 125.000000 0.284200
480.000031 330.000000 234.999985 0.740500
104.999992 180.000000 45.000000 0.587200
104.999992 480.000031 55.000000 2.089400
104.999992 30.000002 245.000000 0.588400
104.999992 405.000031 75.000000 0.299500
405.000031 180.000000 225.000000 4.485500
180.000000 330.000000 135.000000 0.180600
104.999992 330.000000 85.000000 0.317500
104.999992 405.000031 65.000000 0.399700
330.000000 180.000000 205.000000 4.163800
480.000031 330.000000 165.000000 0.669400
255.000000 330.000000 205.000000 9.871000
30.000002 330.000000 195.000000 0.600700
30.000002 30.000002 205.000000 1.076300
30.000002 180.000000 85.000000 1.133900
255.000000 30.000002 95.000000 1.832700
480.000031 180.000000 195.000000 0.879500
255.000000 330.000000 225.000000 3.928400
330.000000 30.000002 165.000000 0.536100
405.000031 330.000000 15.000001 2.689700
104.999992 30.000002 95.000000 2.344700
104.999992 480.000031 145.000000 0.324300
255.000000 255.000000 15.000001 2.113600
405.000031 405.000031 45.000000 0.873200
104.999992 480.000031 185.000000 1.240200
180.000000 104.999992 225.000000 0.473100
30.000002 104.999992 25.000000 1.673900
330.000000 180.000000 95.000000 0.732000
104.999992 180.000000 15.000001 0.929200
330.000000 30.000002 55.000000 0.560700
255.000000 104.999992 165.000000 0.385600
180.000000 180.000000 85.000000 1.108400
405.000031 405.000031 205.000000 0.189600
30.000002 180.000000 35.000000 1.197000
104.999992 330.000000 135.000000 0.584500
405.000031 330.000000 234.999985 0.423100
180.000000 255.000000 125.000000 0.833000
180.000000 30.000002 195.000000 0.962800
480.000031 330.000000 65.000000 0.485300
30.000002 30.000002 195.000000 0.959100
405.000031 104.999992 55.000000 0.615900
180.000000 30.000002 115.000000 2.751900
104.999992 255.000000 205.000000 0.399900
480.000031 255.000000 234.999985 0.540100
405.000031 255.000000 165.000000 0.238100
330.000000 30.000002 225.000000 0.411200
480.000031 405.000031 115.000000 0.389900
30.000002 405.000031 155.000000 3.629200
480.000031 480.000031 95.000000 0.319900
330.000000 480.000031 65.000000 0.711600
330.000000 104.999992 185.000000 0.812000
30.000002 480.000031 85.000000 0.901600
480.000031 405.000031 195.000000 0.119300
255.000000 255.000000 225.000000 3.304300
405.000031 480.000031 225.000000 0.585100
104.999992 405.000031 55.000000 0.682100
480.000031 255.000000 155.000000 0.292200
104.999992 255.000000 75.000000 0.912500
480.000031 104.999992 35.000000 0.391700
330.000000 405.000031 205.000000 0.417700
255.000000 30.000002 205.000000 0.334300
104.999992 104.999992 195.000000 1.109500
330.000000 405.000031 215.000015 0.356300
104.999992 30.000002 215.000015 1.171100
255.000000 30.000002 155.000000 0.447300
180.000000 180.000000 65.000000 0.416500
104.999992 330.000000 195.000000 1.973000
480.000031 405.000031 75.000000 0.168500
255.000000 480.000031 155.000000 0.761200
405.000031 104.999992 115.000000 0.866000
180.000000 180.000000 95.000000 2.750800
104.999992 255.000000 125.000000 1.361700
180.000000 330.000000 85.000000 0.156200
255.000000 180.000000 35.000000 1.353700
480.000031 330.000000 55.000000 0.760500
480.000031 405.000031 125.000000 0.580900
330.000000 255.000000 165.000000 0.472700
330.000000 30.000002 75.000000 0.595400
480.000031 180.000000 75.000000 2.030500
180.000000 255.000000 245.000000 0.558800
405.000031 30.000002 104.999992 0.372700
104.999992 405.000031 35.000000 1.928700
180.000000 180.000000 175.000000 0.442600
405.000031 330.000000 175.000000 0.816100
104.999992 104.999992 155.000000 0.771000
104.999992 104.999992 45.000000 0.261500
330.000000 330.000000 185.000000 1.408100
480.000031 405.000031 104.999992 0.241800
104.999992 405.000031 125.000000 0.547600
330.000000 104.999992 15.000001 0.666200
480.000031 480.000031 145.000000 0.219300
330.000000 405.000031 135.000000 0.574600
255.000000 405.000031 245.000000 0.174400
180.000000 180.000000 155.000000 1.085000
104.999992 480.000031 135.000000 0.321100
255.000000 330.000000 125.000000 0.236700
104.999992 405.000031 195.000000 5.401400
104.999992 30.000002 185.000000 1.100000
330.000000 480.000031 115.000000 0.354200
104.999992 330.000000 225.000000 0.950200
405.000031 405.000031 185.000000 0.375700
405.000031 180.000000 45.000000 0.982700
405.000031 30.000002 75.000000 0.276000
405.000031 330.000000 35.000000 1.334900
180.000000 330.000000 125.000000 0.193600
480.000031 30.000002 115.000000 0.447000
104.999992 180.000000 155.000000 1.455300
180.000000 480.000031 135.000000 0.480000
30.000002 30.000002 115.000000 1.777600
255.000000 330.000000 175.000000 2.894500
104.999992 330.000000 35.000000 1.129100
104.999992 30.000002 205.000000 1.075500
330.000000 330.000000 245.000000 0.258900
480.000031 30.000002 35.000000 0.122400
480.000031 330.000000 145.000000 1.121500
104.999992 480.000031 195.000000 1.182400
180.000000 255.000000 155.000000 0.465000
30.000002 30.000002 185.000000 0.643300
104.999992 255.000000 104.999992 2.822800
480.000031 104.999992 125.000000 1.475500
405.000031 30.000002 165.000000 0.824400
30.000002 104.999992 15.000001 0.952300
180.000000 405.000031 165.000000 1.190600
480.000031 180.000000 55.000000 1.696800
405.000031 180.000000 155.000000 0.402700
180.000000 104.999992 115.000000 6.071400
480.000031 405.000031 15.000001 0.409100
30.000002 255.000000 175.000000 2.233100
255.000000 104.999992 104.999992 1.414900
180.000000 480.000031 45.000000 1.437000
104.999992 104.999992 175.000000 0.620000
480.000031 480.000031 25.000000 1.032300
330.000000 180.000000 185.000000 2.012000
480.000031 405.000031 225.000000 0.752400
30.000002 405.000031 115.000000 1.606800
330.000000 405.000031 45.000000 0.994400
30.000002 104.999992 225.000000 0.854400
330.000000 180.000000 65.000000 1.543800
30.000002 180.000000 185.000000 1.862200
480.000031 104.999992 25.000000 0.309500
180.000000 480.000031 85.000000 0.380000
30.000002 330.000000 245.000000 1.049400
330.000000 104.999992 215.000015 2.046900
405.000031 480.000031 155.000000 0.318500
405.000031 30.000002 145.000000 0.339600
480.000031 104.999992 165.000000 0.352200
405.000031 255.000000 55.000000 0.826100
330.000000 104.999992 175.000000 0.629000
30.000002 180.000000 175.000000 1.607500
104.999992 330.000000 145.000000 0.592200
255.000000 405.000031 75.000000 0.485300
330.000000 180.000000 145.000000 0.832300
405.000031 180.000000 104.999992 1.765100
480.000031 405.000031 25.000000 0.427200
480.000031 180.000000 234.999985 1.328500
480.000031 180.000000 185.000000 0.565200
330.000000 405.000031 125.000000 0.257800
104.999992 330.000000 245.000000 0.729700
180.000000 104.999992 165.000000 0.770900
180.000000 30.000002 135.000000 2.146900
330.000000 405.000031 104.999992 0.270400
405.000031 30.000002 245.000000 1.212300
405.000031 480.000031 165.000000 0.204900
405.000031 255.000000 15.000001 0.674300
405.000031 104.999992 155.000000 0.756600
255.000000 480.000031 245.000000 0.224700
180.000000 405.000031 85.000000 0.274100
480.000031 180.000000 104.999992 1.309100
180.000000 30.000002 25.000000 0.259300
330.000000 405.000031 75.000000 0.654700
30.000002 104.999992 125.000000 2.509400
255.000000 255.000000 115.000000 0.464800
255.000000 180.000000 165.000000 0.927800
180.000000 255.000000 55.000000 0.641500
255.000000 255.000000 185.000000 1.812200
30.000002 405.000031 15.000001 1.825500
255.000000 405.000031 85.000000 0.365100
180.000000 255.000000 95.000000 0.648500
180.000000 180.000000 234.999985 0.503800
480.000031 255.000000 205.000000 0.655300
405.000031 180.000000 245.000000 2.307400
180.000000 405.000031 25.000000 2.074800
480.000031 255.000000 15.000001 0.934100
405.000031 330.000000 245.000000 0.381900
180.000000 480.000031 104.999992 0.282600
330.000000 104.999992 195.000000 1.138600
30.000002 30.000002 155.000000 0.683400
405.000031 255.000000 125.000000 0.425900
255.000000 405.000031 225.000000 0.482700
180.000000 30.000002 104.999992 2.223000
255.000000 180.000000 25.000000 1.281600
30.000002 255.000000 125.000000 1.217800
180.000000 480.000031 155.000000 0.417000
30.000002 30.000002 104.999992 1.704700
255.000000 405.000031 115.000000 0.276200
104.999992 480.000031 15.000001 1.785900
255.000000 405.000031 104.999992 0.323500
255.000000 330.000000 215.000015 8.192600
405.000031 480.000031 55.000000 0.759900
405.000031 330.000000 55.000000 0.841100
255.000000 255.000000 104.999992 0.534300
180.000000 480.000031 15.000001 1.545600
30.000002 255.000000 95.000000 0.946000
104.999992 330.000000 65.000000 0.291900
30.000002 330.000000 155.000000 1.384900
330.000000 30.000002 215.000015 0.324100
104.999992 480.000031 25.000000 2.558000
104.999992 480.000031 175.000000 0.767400
30.000002 180.000000 165.000000 1.356700
330.000000 405.000031 155.000000 1.810600
180.000000 180.000000 35.000000 0.728800
405.000031 255.000000 195.000000 1.303900
405.000031 480.000031 185.000000 0.111100
405.000031 180.000000 125.000000 1.124900
405.000031 104.999992 75.000000 0.765800
405.000031 30.000002 135.000000 0.278700
330.000000 480.000031 85.000000 0.339500
480.000031 255.000000 145.000000 0.304700
255.000000 480.000031 25.000000 2.163600
330.000000 330.000000 145.000000 0.490100
30.000002 480.000031 175.000000 1.561000
480.000031 330.000000 245.000000 1.019200
104.999992 255.000000 15.000001 0.668200
480.000031 405.000031 35.000000 0.575000
104.999992 255.000000 55.000000 0.792300
255.000000 480.000031 225.000000 0.278100
330.000000 330.000000 75.000000 0.635400
30.000002 104.999992 215.000015 0.895900
30.000002 480.000031 195.000000 1.576700
330.000000 104.999992 155.000000 0.976800
255.000000 104.999992 145.000000 1.328400
330.000000 480.000031 145.000000 0.471500
30.000002 30.000002 15.000001 0.702400
30.000002 30.000002 225.000000 0.897500
180.000000 255.000000 205.000000 0.981000
255.000000 480.000031 125.000000 0.285900
255.000000 480.000031 205.000000 0.338400
255.000000 330.000000 104.999992 0.353800
480.000031 30.000002 125.000000 0.274200
255.000000 30.000002 125.000000 2.156500
255.000000 104.999992 115.000000 2.245500
330.000000 255.000000 75.000000 1.209700
405.000031 405.000031 155.000000 2.433600
330.000000 480.000031 75.000000 0.533200
180.000000 180.000000 25.000000 0.939800
104.999992 30.000002 45.000000 0.184800
480.000031 180.000000 115.000000 1.205300
330.000000 30.000002 15.000001 0.998000
405.000031 30.000002 234.999985 1.600300
255.000000 104.999992 234.999985 0.578600
30.000002 480.000031 215.000015 0.921700
180.000000 180.000000 55.000000 0.389700
255.000000 180.000000 145.000000 1.027900
104.999992 480.000031 65.000000 1.425600
30.000002 330.000000 225.000000 1.013800
255.000000 180.000000 95.000000 0.711200
405.000031 180.000000 35.000000 0.533800
30.000002 180.000000 145.000000 1.276500
30.000002 180.000000 135.000000 1.854600
330.000000 104.999992 45.000000 0.550700
255.000000 30.000002 45.000000 1.145000
405.000031 104.999992 65.000000 0.656200
330.000000 405.000031 185.000000 0.803400
405.000031 405.000031 75.000000 0.612700
104.999992 255.000000 165.000000 0.793600
104.999992 405.000031 205.000000 5.151700
30.000002 180.000000 215.000015 1.282900
405.000031 480.000031 65.000000 0.707600
104.999992 180.000000 35.000000 0.659600
104.999992 104.999992 145.000000 1.303200
104.999992 405.000031 104.999992 0.366100
255.000000 480.000031 55.000000 0.769800
480.000031 180.000000 205.000000 1.089300
405.000031 255.000000 215.000015 1.098800
255.000000 330.000000 35.000000 5.418800
480.000031 405.000031 175.000000 0.419400
405.000031 180.000000 195.000000 2.376600
30.000002 104.999992 55.000000 1.264900
30.000002 480.000031 55.000000 2.278100
330.000000 405.000031 245.000000 0.305800
30.000002 480.000031 65.000000 1.619500
405.000031 104.999992 135.000000 0.803800
405.000031 255.000000 75.000000 1.000600
30.000002 330.000000 65.000000 1.200100
330.000000 480.000031 225.000000 0.280800
405.000031 330.000000 95.000000 0.502600
405.000031 30.000002 65.000000 0.268800
104.999992 255.000000 195.000000 0.354700
480.000031 180.000000 245.000000 0.860600
330.000000 180.000000 234.999985 3.905500
330.000000 180.000000 85.000000 0.952200
30.000002 330.000000 145.000000 1.379200
104.999992 480.000031 75.000000 1.008400
255.000000 104.999992 185.000000 0.215400
180.000000 104.999992 195.000000 0.359900
405.000031 330.000000 45.000000 1.292700
255.000000 480.000031 104.999992 0.155400
30.000002 405.000031 104.999992 1.408600
480.000031 180.000000 165.000000 0.304000
330.000000 480.000031 205.000000 0.142100
180.000000 480.000031 234.999985 0.522400
104.999992 330.000000 125.000000 0.579000
255.000000 405.000031 155.000000 1.389600
104.999992 30.000002 115.000000 3.419800
330.000000 30.000002 35.000000 0.721900
104.999992 104.999992 234.999985 0.622300
30.000002 30.000002 145.000000 0.902700
180.000000 405.000031 234.999985 1.036400
405.000031 104.999992 85.000000 0.932000
180.000000 104.999992 35.000000 0.612400
180.000000 104.999992 45.000000 0.458200
480.000031 104.999992 45.000000 0.656600
255.000000 405.000031 234.999985 0.252900
255.000000 330.000000 55.000000 2.132100
405.000031 405.000031 245.000000 1.428800
30.000002 405.000031 225.000000 1.490500
255.000000 480.000031 95.000000 0.191100
480.000031 330.000000 35.000000 1.121000
480.000031 104.999992 205.000000 0.812600
405.000031 480.000031 245.000000 2.225100
255.000000 405.000031 175.000000 1.794800
30.000002 30.000002 75.000000 0.662000
180.000000 30.000002 234.999985 0.631300
480.000031 405.000031 95.000000 0.241100
405.000031 30.000002 85.000000 0.340400
405.000031 255.000000 175.000000 0.347800
30.000002 480.000031 35.000000 3.166000
255.000000 405.000031 195.000000 1.560900
480.000031 30.000002 85.000000 0.905900
255.000000 255.000000 35.000000 3.428500
480.000031 255.000000 115.000000 0.893100
330.000000 405.000031 65.000000 0.725600
180.000000 104.999992 104.999992 2.659500
330.000000 180.000000 225.000000 5.233400
255.000000 255.000000 205.000000 3.334100
30.000002 104.999992 145.000000 0.609600
330.000000 405.000031 165.000000 1.985000
255.000000 180.000000 155.000000 0.964000
255.000000 330.000000 195.000000 12.078000
330.000000 405.000031 35.000000 1.350900
180.000000 30.000002 145.000000 1.835600
180.000000 405.000031 125.000000 0.221800
30.000002 180.000000 55.000000 0.954400
180.000000 255.000000 185.000000 0.539500
255.000000 480.000031 15.000001 2.015700
104.999992 330.000000 215.000015 1.262100
480.000031 104.999992 234.999985 1.020300
480.000031 405.000031 245.000000 2.360500
330.000000 405.000031 25.000000 1.925100
405.000031 330.000000 85.000000 0.587800
405.000031 255.000000 25.000000 0.568600
180.000000 104.999992 215.000015 0.429800
180.000000 405.000031 225.000000 1.893200
255.000000 480.000031 65.000000 0.626400
480.000031 30.000002 45.000000 0.226800
480.000031 330.000000 225.000000 0.396500
104.999992 104.999992 135.000000 2.117400
480.000031 104.999992 15.000001 0.366300
255.000000 30.000002 215.000015 0.321800
480.000031 180.000000 35.000000 1.038800
180.000000 405.000031 205.000000 6.461501
30.000002 405.000031 195.000000 1.697900
330.000000 480.000031 125.000000 0.390200
104.999992 30.000002 195.000000 1.312400
480.000031 480.000031 135.000000 0.297600
405.000031 330.000000 165.000000 0.967100
104.999992 480.000031 115.000000 0.454900
180.000000 330.000000 175.000000 2.456700
104.999992 255.000000 85.000000 1.111300
330.000000 104.999992 55.000000 0.443000
480.000031 30.000002 145.000000 0.260600
480.000031 104.999992 95.000000 3.906600
405.000031 480.000031 234.999985 1.207700
255.000000 180.000000 104.999992 1.069100
405.000031 104.999992 215.000015 6.387100
480.000031 30.000002 15.000001 0.119100
330.000000 405.000031 195.000000 0.567900
180.000000 180.000000 245.000000 0.411300
330.000000 30.000002 234.999985 0.537900
480.000031 255.000000 45.000000 1.297000
480.000031 480.000031 215.000015 0.932100
255.000000 255.000000 165.000000 0.751400
405.000031 180.000000 95.000000 2.004200
104.999992 180.000000 165.000000 1.310300
180.000000 30.000002 95.000000 1.682300
255.000000 104.999992 125.000000 2.410700
330.000000 480.000031 35.000000 0.920600
480.000031 30.000002 195.000000 0.543500
30.000002 180.000000 65.000000 0.624800
255.000000 180.000000 205.000000 0.563700
255.000000 330.000000 145.000000 0.410500
330.000000 330.000000 85.000000 0.500800
255.000000 255.000000 45.000000 2.873500
30.000002 30.000002 135.000000 1.365600
330.000000 104.999992 225.000000 1.828500
180.000000 104.999992 155.000000 1.149300
330.000000 180.000000 55.000000 1.123400
104.999992 30.000002 104.999992 2.704500
480.000031 480.000031 185.000000 0.115100
30.000002 480.000031 185.000000 1.445100
30.000002 480.000031 205.000000 1.093700
30.000002 30.000002 25.000000 1.302000
255.000000 30.000002 15.000001 1.323500
480.000031 255.000000 65.000000 1.145600
30.000002 104.999992 205.000000 0.699700
255.000000 405.000031 125.000000 0.299800
180.000000 405.000031 175.000000 2.583100
180.000000 480.000031 35.000000 1.918400
104.999992 405.000031 225.000000 1.952500
255.000000 405.000031 55.000000 1.481700
180.000000 405.000031 15.000001 1.508000
480.000031 180.000000 215.000015 1.431700
480.000031 255.000000 35.000000 1.304000
30.000002 255.000000 205.000000 1.223800
30.000002 104.999992 85.000000 2.189500
255.000000 180.000000 65.000000 0.909000
405.000031 255.000000 115.000000 0.574600
330.000000 255.000000 115.000000 0.511000
255.000000 255.000000 85.000000 0.677400
405.000031 30.000002 125.000000 0.377400
480.000031 405.000031 135.000000 0.810900
104.999992 30.000002 15.000001 0.102700
255.000000 104.999992 45.000000 0.566900
180.000000 480.000031 55.000000 1.311000
330.000000 104.999992 25.000000 0.507400
405.000031 405.000031 175.000000 0.797000
480.000031 330.000000 25.000000 1.071700
104.999992 480.000031 35.000000 3.137800
480.000031 480.000031 104.999992 0.328600
180.000000 30.000002 225.000000 0.863900
180.000000 104.999992 85.000000 0.792400
480.000031 104.999992 145.000000 0.859200
255.000000 330.000000 185.000000 6.145600
330.000000 405.000031 15.000001 2.415900
405.000031 480.000031 45.000000 0.920300
30.000002 104.999992 104.999992 3.305300
405.000031 104.999992 125.000000 0.776700
30.000002 330.000000 95.000000 1.338900
405.000031 480.000031 25.000000 0.823300
30.000002 255.000000 75.000000 0.710500
405.000031 405.000031 125.000000 0.653700
180.000000 330.000000 205.000000 10.202700
104.999992 104.999992 104.999992 4.586600
405.000031 480.000031 135.000000 0.477900
255.000000 405.000031 135.000000 0.430200
330.000000 180.000000 135.000000 0.589300
180.000000 180.000000 145.000000 2.383200
255.000000 405.000031 205.000000 1.096900
30.000002 330.000000 104.999992 1.449200
104.999992 480.000031 125.000000 0.371700
330.000000 255.000000 85.000000 1.195000
30.000002 330.000000 15.000001 0.513200
255.000000 30.000002 165.000000 0.381900
255.000000 405.000031 35.000000 4.837500
30.000002 330.000000 85.000000 1.202500
330.000000 30.000002 135.000000 0.685500
180.000000 30.000002 45.000000 0.336400
104.999992 30.000002 25.000000 0.116200
30.000002 480.000031 104.999992 0.806800
180.000000 480.000031 225.000000 0.516500
255.000000 255.000000 25.000000 2.793700
405.000031 255.000000 205.000000 1.337200
180.000000 255.000000 45.000000 0.969300
480.000031 255.000000 95.000000 0.972200
30.000002 480.000031 135.000000 0.650700
330.000000 104.999992 85.000000 0.295900
30.000002 405.000031 165.000000 4.352700
255.000000 330.000000 25.000000 3.758700
330.000000 255.000000 135.000000 0.343600
405.000031 405.000031 135.000000 1.310000
330.000000 180.000000 75.000000 1.369600
405.000031 180.000000 175.000000 0.550200
30.000002 255.000000 35.000000 0.726300
30.000002 405.000031 75.000000 0.688500
480.000031 30.000002 135.000000 0.288300
255.000000 255.000000 65.000000 1.750300
330.000000 480.000031 45.000000 0.784600
255.000000 330.000000 65.000000 1.478500
330.000000 255.000000 55.000000 2.150300
104.999992 104.999992 35.000000 0.353700
330.000000 104.999992 135.000000 0.749300
180.000000 30.000002 215.000015 0.806100
104.999992 255.000000 35.000000 0.973000
480.000031 330.000000 104.999992 0.536900
30.000002 405.000031 185.000000 2.350000
405.000031 480.000031 115.000000 0.316000
480.000031 255.000000 104.999992 0.678900
30.000002 405.000031 135.000000 2.250100
255.000000 480.000031 115.000000 0.251900
480.000031 104.999992 195.000000 0.606300
30.000002 104.999992 45.000000 2.265200
30.000002 405.000031 125.000000 2.349000
104.999992 330.000000 25.000000 1.167600
104.999992 180.000000 95.000000 2.464300
180.000000 180.000000 185.000000 0.268000
480.000031 480.000031 195.000000 0.244000
180.000000 405.000031 185.000000 4.367400
330.000000 30.000002 205.000000 0.373800
104.999992 104.999992 165.000000 0.851000
405.000031 255.000000 104.999992 0.531100
104.999992 480.000031 104.999992 0.461400
104.999992 330.000000 104.999992 0.508600
104.999992 405.000031 115.000000 0.477200
180.000000 30.000002 15.000001 0.363700
255.000000 255.000000 95.000000 0.595000
180.000000 255.000000 225.000000 0.792800
30.000002 330.000000 175.000000 1.094000
180.000000 104.999992 25.000000 0.807200
330.000000 30.000002 185.000000 0.334100
30.000002 30.000002 215.000015 0.994600
104.999992 330.000000 45.000000 0.852300
255.000000 30.000002 85.000000 1.192300
30.000002 104.999992 115.000000 3.425400
255.000000 104.999992 95.000000 0.965700
330.000000 30.000002 175.000000 0.405600
480.000031 330.000000 155.000000 0.930500
180.000000 405.000031 65.000000 0.511800
30.000002 405.000031 25.000000 2.561100
30.000002 480.000031 95.000000 0.786800
180.000000 480.000031 95.000000 0.311300
180.000000 255.000000 115.000000 0.815300
330.000000 30.000002 125.000000 0.955900
30.000002 180.000000 225.000000 0.711800
480.000031 104.999992 115.000000 2.350300
405.000031 405.000031 15.000001 0.869700
255.000000 30.000002 234.999985 0.753300
255.000000 330.000000 165.000000 1.503200
255.000000 330.000000 155.000000 0.786000
255.000000 255.000000 195.000000 2.507400
30.000002 30.000002 245.000000 0.637600
104.999992 405.000031 15.000001 1.472000
480.000031 480.000031 65.000000 0.661000
255.000000 104.999992 215.000015 0.300500
330.000000 104.999992 75.000000 0.294100
180.000000 30.000002 75.000000 0.786400
104.999992 30.000002 35.000000 0.159000
255.000000 480.000031 185.000000 0.467500
30.000002 330.000000 75.000000 1.731400
255.000000 104.999992 175.000000 0.285100
480.000031 405.000031 185.000000 0.174000
30.000002 330.000000 45.000000 1.038700
180.000000 480.000031 195.000000 0.586100
104.999992 480.000031 225.000000 0.722700
104.999992 480.000031 165.000000 0.917500
180.000000 330.000000 185.000000 5.871100
30.000002 405.000031 65.000000 0.902300
330.000000 405.000031 225.000000 0.308400
405.000031 330.000000 125.000000 0.667900
330.000000 480.000031 104.999992 0.266200
330.000000 104.999992 35.000000 0.420300
405.000031 30.000002 205.000000 2.094700
104.999992 255.000000 234.999985 0.541500
330.000000 30.000002 115.000000 0.988200
330.000000 330.000000 125.000000 0.199400
30.000002 255.000000 15.000001 0.308500
104.999992 480.000031 155.000000 0.540600
180.000000 330.000000 75.000000 0.183900
30.000002 30.000002 65.000000 0.660700
30.000002 104.999992 35.000000 2.020400
180.000000 104.999992 135.000000 3.874300
30.000002 255.000000 245.000000 0.297000
480.000031 30.000002 75.000000 0.718100
180.000000 405.000031 135.000000 0.225300
180.000000 480.000031 145.000000 0.485800
480.000031 405.000031 165.000000 0.600000
480.000031 330.000000 85.000000 0.368200
30.000002 480.000031 115.000000 0.682000
405.000031 180.000000 55.000000 1.595100
255.000000 180.000000 55.000000 1.143500
30.000002 255.000000 155.000000 1.978400
255.000000 405.000031 165.000000 1.644400
180.000000 104.999992 205.000000 0.449800
104.999992 104.999992 85.000000 1.270300
104.999992 104.999992 25.000000 0.329100
30.000002 180.000000 25.000000 0.772800
30.000002 180.000000 45.000000 0.964100
180.000000 104.999992 75.000000 0.410700
104.999992 30.000002 65.000000 0.335000
405.000031 480.000031 15.000001 0.623200
480.000031 480.000031 55.000000 0.922300
180.000000 104.999992 125.000000 6.392600
180.000000 255.000000 135.000000 0.716400
104.999992 255.000000 45.000000 0.817100
480.000031 330.000000 115.000000 0.641100
405.000031 30.000002 195.000000 1.744900
30.000002 255.000000 165.000000 2.350900
405.000031 104.999992 104.999992 0.729100
30.000002 30.000002 45.000000 1.512300
255.000000 30.000002 104.999992 1.907600
405.000031 180.000000 75.000000 2.610300
104.999992 180.000000 245.000000 0.300200
330.000000 180.000000 215.000015 5.549900
405.000031 330.000000 195.000000 0.469400
330.000000 30.000002 65.000000 0.591400
480.000031 255.000000 195.000000 0.645900
104.999992 180.000000 145.000000 1.974600
330.000000 255.000000 234.999985 1.518300
104.999992 180.000000 125.000000 5.760000
480.000031 480.000031 45.000000 1.265000
480.000031 480.000031 234.999985 2.207500
255.000000 180.000000 15.000001 1.417900
255.000000 104.999992 75.000000 0.530700
330.000000 480.000031 165.000000 0.388500
330.000000 104.999992 245.000000 1.821800
180.000000 480.000031 75.000000 0.593000
405.000031 330.000000 225.000000 0.377500
405.000031 30.000002 35.000000 0.154000
104.999992 405.000031 245.000000 0.742300
480.000031 104.999992 104.999992 2.616000
405.000031 255.000000 155.000000 0.242600
255.000000 30.000002 135.000000 1.526100
330.000000 30.000002 245.000000 0.607300
480.000031 405.000031 145.000000 1.108100
180.000000 480.000031 215.000015 0.576200
480.000031 330.000000 45.000000 0.875400
104.999992 330.000000 205.000000 1.691900
405.000031 104.999992 15.000001 0.320600
180.000000 180.000000 215.000015 0.341400
30.000002 480.000031 45.000000 2.442900
480.000031 30.000002 234.999985 0.918700
255.000000 480.000031 35.000000 1.924100
104.999992 405.000031 175.000000 3.388900
255.000000 330.000000 135.000000 0.261700
30.000002 480.000031 15.000001 2.495400
255.000000 180.000000 215.000015 0.780000
405.000031 104.999992 45.000000 0.470500
330.000000 180.000000 125.000000 0.695500
180.000000 405.000031 215.000015 4.696100
405.000031 405.000031 145.000000 1.845000
330.000000 255.000000 25.000000 1.843400
330.000000 480.000031 215.000015 0.190900
30.000002 255.000000 195.000000 1.412200
255.000000 255.000000 215.000015 3.128800
180.000000 104.999992 65.000000 0.370200
180.000000 330.000000 225.000000 4.416400
480.000031 405.000031 65.000000 0.251100
480.000031 405.000031 234.999985 1.466800
405.000031 330.000000 135.000000 0.974800
180.000000 330.000000 104.999992 0.193200
330.000000 330.000000 45.000000 1.328000
480.000031 330.000000 185.000000 0.242500
180.000000 180.000000 104.999992 4.716600
180.000000 480.000031 125.000000 0.427300
255.000000 255.000000 135.000000 0.534000
255.000000 30.000002 55.000000 0.969100
330.000000 30.000002 145.000000 0.630300
180.000000 104.999992 185.000000 0.474000
180.000000 405.000031 145.000000 0.359200
480.000031 104.999992 55.000000 1.144900
255.000000 330.000000 75.000000 0.812400
104.999992 30.000002 155.000000 1.184900
180.000000 330.000000 65.000000 0.286000
104.999992 480.000031 245.000000 0.642500
405.000031 255.000000 135.000000 0.331500
180.000000 405.000031 35.000000 1.910500
255.000000 30.000002 195.000000 0.286700
330.000000 330.000000 65.000000 0.873000
480.000031 405.000031 215.000015 0.353500
405.000031 180.000000 165.000000 0.442900
104.999992 180.000000 75.000000 0.864200
104.999992 480.000031 215.000015 0.942800
480.000031 180.000000 135.000000 0.416000
30.000002 405.000031 95.000000 1.022000
30.000002 255.000000 135.000000 1.151600
180.000000 330.000000 245.000000 0.662200
480.000031 180.000000 45.000000 1.260200
480.000031 480.000031 155.000000 0.151700
255.000000 480.000031 75.000000 0.373200
405.000031 30.000002 25.000000 0.156100
405.000031 405.000031 115.000000 0.455700
180.000000 255.000000 145.000000 0.609700
480.000031 255.000000 55.000000 0.965700
480.000031 30.000002 165.000000 0.584900
180.000000 30.000002 175.000000 0.925300
104.999992 255.000000 175.000000 0.484200
405.000031 30.000002 215.000015 1.922700
255.000000 180.000000 45.000000 1.275400
255.000000 30.000002 35.000000 1.360700
180.000000 405.000031 45.000000 1.548600
405.000031 255.000000 45.000000 0.571900
104.999992 255.000000 155.000000 0.768200
255.000000 480.000031 234.999985 0.277300
330.000000 480.000031 195.000000 0.138800
480.000031 255.000000 225.000000 0.544800
30.000002 405.000031 234.999985 1.311900
255.000000 255.000000 155.000000 0.514200
104.999992 104.999992 215.000015 0.965600
255.000000 330.000000 45.000000 4.537600
330.000000 480.000031 15.000001 0.795400
104.999992 330.000000 165.000000 1.021800
480.000031 30.000002 155.000000 0.369300
405.000031 30.000002 55.000000 0.217700
480.000031 480.000031 35.000000 1.567500
480.000031 104.999992 175.000000 0.350300
104.999992 104.999992 75.000000 0.758300
104.999992 104.999992 55.000000 0.305400
480.000031 30.000002 104.999992 0.695400
180.000000 330.000000 234.999985 1.668100
480.000031 480.000031 225.000000 1.544800
180.000000 480.000031 165.000000 0.501000
104.999992 480.000031 205.000000 1.309400
330.000000 405.000031 85.000000 0.386500
104.999992 330.000000 115.000000 0.559500
180.000000 255.000000 65.000000 0.664100
405.000031 480.000031 175.000000 0.144000
330.000000 255.000000 225.000000 2.681500
405.000031 104.999992 195.000000 3.783200
104.999992 255.000000 115.000000 2.294700
480.000031 330.000000 195.000000 0.204800
