pygeostat_saved_data
4
X
Y
Z
value
104.999992 104.999992 175.000000 0.974000
405.000031 104.999992 155.000000 1.015500
255.000000 30.000002 95.000000 1.222500
255.000000 30.000002 145.000000 1.027900
30.000002 255.000000 75.000000 1.002300
330.000000 480.000031 135.000000 0.922400
30.000002 405.000031 135.000000 1.276300
330.000000 405.000031 245.000000 0.839800
180.000000 30.000002 65.000000 0.916400
30.000002 330.000000 155.000000 1.152800
104.999992 330.000000 104.999992 0.934400
255.000000 405.000031 225.000000 0.924200
480.000031 104.999992 145.000000 1.043000
405.000031 480.000031 35.000000 1.056400
30.000002 30.000002 115.000000 1.214800
330.000000 180.000000 135.000000 0.963700
30.000002 104.999992 195.000000 0.947400
180.000000 30.000002 75.000000 1.023800
104.999992 255.000000 65.000000 0.996400
30.000002 480.000031 95.000000 1.023900
330.000000 405.000031 205.000000 0.896600
405.000031 255.000000 185.000000 0.984100
255.000000 405.000031 115.000000 0.822100
255.000000 30.000002 75.000000 1.034400
104.999992 255.000000 45.000000 1.032100
30.000002 480.000031 55.000000 1.279600
255.000000 255.000000 195.000000 1.305600
104.999992 330.000000 75.000000 0.860300
255.000000 480.000031 85.000000 0.787600
330.000000 255.000000 185.000000 1.190700
255.000000 30.000002 175.000000 0.848500
480.000031 180.000000 65.000000 1.261100
30.000002 405.000031 185.000000 1.288000
104.999992 405.000031 195.000000 1.533500
180.000000 255.000000 75.000000 0.971700
180.000000 30.000002 95.000000 1.200800
104.999992 330.000000 125.000000 0.960100
405.000031 255.000000 245.000000 0.888300
180.000000 405.000031 215.000015 1.489200
180.000000 480.000031 215.000015 0.959200
330.000000 180.000000 234.999985 1.432700
405.000031 180.000000 175.000000 0.949900
330.000000 180.000000 245.000000 1.267000
180.000000 480.000031 225.000000 0.937400
180.000000 255.000000 195.000000 1.001400
480.000031 330.000000 125.000000 1.025000
30.000002 255.000000 125.000000 1.122100
180.000000 405.000031 195.000000 1.505200
255.000000 30.000002 25.000000 1.133000
405.000031 405.000031 115.000000 0.913100
255.000000 30.000002 225.000000 0.941200
405.000031 104.999992 55.000000 0.972700
30.000002 180.000000 75.000000 1.030200
30.000002 180.000000 155.000000 1.140400
180.000000 30.000002 165.000000 1.151200
480.000031 330.000000 104.999992 0.945100
255.000000 255.000000 95.000000 0.965600
104.999992 180.000000 55.000000 0.963300
480.000031 480.000031 215.000015 1.061000
405.000031 104.999992 195.000000 1.423200
104.999992 30.000002 45.000000 0.755700
104.999992 405.000031 125.000000 0.949000
180.000000 330.000000 225.000000 1.470200
405.000031 330.000000 125.000000 0.989300
330.000000 330.000000 45.000000 1.142700
255.000000 180.000000 225.000000 1.153900
255.000000 480.000031 155.000000 1.016800
180.000000 330.000000 155.000000 0.915800
104.999992 180.000000 125.000000 1.554400
255.000000 405.000031 85.000000 0.871700
180.000000 104.999992 225.000000 0.920300
405.000031 405.000031 215.000015 0.842300
30.000002 30.000002 195.000000 1.067300
255.000000 180.000000 175.000000 0.975500
30.000002 104.999992 234.999985 1.013100
330.000000 104.999992 104.999992 0.856300
104.999992 30.000002 225.000000 1.114500
480.000031 104.999992 185.000000 0.892000
180.000000 180.000000 75.000000 0.989800
405.000031 255.000000 135.000000 0.854200
30.000002 30.000002 125.000000 1.234600
255.000000 104.999992 205.000000 0.812900
330.000000 180.000000 125.000000 0.997800
405.000031 30.000002 195.000000 1.210000
180.000000 30.000002 234.999985 0.977700
30.000002 30.000002 135.000000 1.149400
255.000000 180.000000 234.999985 1.259300
180.000000 480.000031 104.999992 0.826000
480.000031 480.000031 185.000000 0.684200
30.000002 180.000000 115.000000 1.431900
180.000000 30.000002 135.000000 1.263800
104.999992 255.000000 165.000000 1.025800
330.000000 104.999992 234.999985 1.301800
480.000031 180.000000 205.000000 1.096200
180.000000 330.000000 245.000000 0.987500
405.000031 330.000000 75.000000 0.987700
405.000031 480.000031 45.000000 1.058100
480.000031 405.000031 245.000000 1.289200
180.000000 255.000000 95.000000 0.983200
480.000031 480.000031 205.000000 0.916100
104.999992 180.000000 75.000000 1.044200
330.000000 30.000002 35.000000 1.005600
30.000002 104.999992 45.000000 1.278100
255.000000 480.000031 185.000000 0.918000
405.000031 104.999992 45.000000 0.919300
180.000000 405.000031 85.000000 0.820800
180.000000 480.000031 165.000000 0.931500
480.000031 180.000000 55.000000 1.203000
330.000000 30.000002 245.000000 0.969800
180.000000 180.000000 85.000000 1.100200
104.999992 104.999992 75.000000 1.016000
480.000031 330.000000 35.000000 1.102800
480.000031 330.000000 205.000000 0.786800
104.999992 405.000031 85.000000 0.784800
104.999992 104.999992 25.000000 0.852900
480.000031 330.000000 135.000000 1.077700
180.000000 480.000031 195.000000 0.962600
330.000000 330.000000 215.000015 1.066200
180.000000 104.999992 165.000000 1.019500
330.000000 480.000031 195.000000 0.711600
330.000000 30.000002 195.000000 0.881700
104.999992 180.000000 165.000000 1.139500
405.000031 104.999992 65.000000 0.985700
480.000031 30.000002 115.000000 0.909400
405.000031 330.000000 234.999985 0.899000
30.000002 480.000031 234.999985 0.953500
405.000031 330.000000 195.000000 0.918800
180.000000 330.000000 85.000000 0.729500
330.000000 180.000000 85.000000 1.065700
180.000000 480.000031 234.999985 0.939700
104.999992 480.000031 205.000000 1.139300
330.000000 480.000031 85.000000 0.858500
480.000031 255.000000 245.000000 0.965600
405.000031 30.000002 85.000000 0.858900
330.000000 255.000000 75.000000 1.120600
180.000000 104.999992 35.000000 0.971500
180.000000 405.000031 75.000000 0.867600
255.000000 180.000000 45.000000 1.133100
30.000002 330.000000 45.000000 1.085300
405.000031 405.000031 45.000000 1.046500
30.000002 104.999992 15.000001 1.065700
104.999992 104.999992 234.999985 0.974800
180.000000 480.000031 35.000000 1.234300
180.000000 30.000002 104.999992 1.273100
480.000031 104.999992 15.000001 0.872300
480.000031 255.000000 215.000015 0.943900
30.000002 405.000031 55.000000 1.109600
480.000031 405.000031 155.000000 1.093000
255.000000 255.000000 145.000000 0.919000
330.000000 30.000002 65.000000 0.964400
405.000031 104.999992 115.000000 1.044700
104.999992 30.000002 104.999992 1.326500
180.000000 255.000000 115.000000 1.031600
30.000002 180.000000 145.000000 1.133300
480.000031 104.999992 245.000000 1.073500
405.000031 405.000031 175.000000 1.026700
330.000000 480.000031 104.999992 0.815800
104.999992 104.999992 95.000000 1.316100
30.000002 480.000031 135.000000 0.983900
480.000031 405.000031 234.999985 1.166800
180.000000 330.000000 165.000000 1.144900
330.000000 255.000000 125.000000 0.885200
180.000000 104.999992 15.000001 1.116000
405.000031 405.000031 155.000000 1.297400
330.000000 255.000000 65.000000 1.221700
30.000002 180.000000 65.000000 0.975600
104.999992 255.000000 175.000000 0.924800
255.000000 480.000031 215.000015 0.818900
480.000031 405.000031 175.000000 0.897300
180.000000 330.000000 25.000000 1.047700
480.000031 480.000031 85.000000 0.878800
480.000031 330.000000 225.000000 0.886900
30.000002 255.000000 185.000000 1.235700
104.999992 180.000000 195.000000 0.987900
255.000000 480.000031 104.999992 0.728700
405.000031 30.000002 155.000000 0.947900
104.999992 255.000000 195.000000 0.866400
405.000031 480.000031 145.000000 0.898600
30.000002 180.000000 175.000000 1.189400
180.000000 30.000002 155.000000 1.216600
330.000000 255.000000 175.000000 1.040500
104.999992 480.000031 215.000015 1.063500
480.000031 330.000000 215.000015 0.819100
405.000031 330.000000 15.000001 1.325000
104.999992 405.000031 234.999985 1.167700
104.999992 104.999992 215.000015 1.068800
255.000000 30.000002 185.000000 0.866300
405.000031 405.000031 165.000000 1.187500
330.000000 330.000000 125.000000 0.767800
104.999992 480.000031 35.000000 1.368500
405.000031 30.000002 115.000000 0.902100
180.000000 330.000000 234.999985 1.198700
255.000000 480.000031 115.000000 0.806400
330.000000 330.000000 175.000000 1.132200
405.000031 480.000031 205.000000 0.752600
330.000000 30.000002 234.999985 0.945400
180.000000 480.000031 135.000000 0.923100
330.000000 104.999992 225.000000 1.222000
180.000000 30.000002 225.000000 1.044200
180.000000 255.000000 55.000000 0.981000
180.000000 255.000000 15.000001 1.021600
255.000000 330.000000 205.000000 1.740200
330.000000 180.000000 15.000001 1.070400
104.999992 180.000000 185.000000 1.049300
330.000000 30.000002 95.000000 1.025600
255.000000 405.000031 205.000000 1.097800
104.999992 30.000002 215.000015 1.113000
30.000002 480.000031 15.000001 1.304300
405.000031 480.000031 225.000000 0.962300
180.000000 104.999992 215.000015 0.902000
180.000000 255.000000 245.000000 0.953000
480.000031 480.000031 245.000000 1.343200
104.999992 255.000000 185.000000 0.885400
330.000000 255.000000 234.999985 1.175200
330.000000 330.000000 25.000000 1.404300
405.000031 30.000002 75.000000 0.822000
30.000002 30.000002 15.000001 0.999800
405.000031 104.999992 135.000000 1.028500
330.000000 330.000000 165.000000 1.048600
30.000002 180.000000 215.000015 1.134400
104.999992 180.000000 215.000015 0.947400
104.999992 480.000031 85.000000 0.985100
405.000031 405.000031 245.000000 1.160400
104.999992 330.000000 245.000000 1.007900
104.999992 405.000031 104.999992 0.872100
255.000000 104.999992 65.000000 0.928000
480.000031 405.000031 115.000000 0.883800
330.000000 405.000031 215.000015 0.867200
255.000000 330.000000 245.000000 0.950900
104.999992 330.000000 185.000000 1.261700
405.000031 180.000000 225.000000 1.474900
405.000031 104.999992 25.000000 0.787700
30.000002 330.000000 245.000000 1.087700
480.000031 255.000000 85.000000 1.100700
405.000031 405.000031 85.000000 0.948000
30.000002 330.000000 65.000000 1.118700
330.000000 255.000000 215.000015 1.398500
405.000031 30.000002 95.000000 0.880700
480.000031 104.999992 195.000000 0.969500
330.000000 180.000000 155.000000 1.054900
330.000000 255.000000 195.000000 1.351400
480.000031 480.000031 65.000000 0.987200
255.000000 255.000000 225.000000 1.383400
405.000031 180.000000 75.000000 1.316700
480.000031 180.000000 234.999985 1.142800
255.000000 255.000000 215.000015 1.367600
480.000031 405.000031 215.000015 0.865800
180.000000 330.000000 35.000000 1.105500
180.000000 255.000000 165.000000 0.888900
30.000002 30.000002 245.000000 0.979700
405.000031 180.000000 65.000000 1.284400
480.000031 480.000031 104.999992 0.852600
405.000031 255.000000 175.000000 0.862800
405.000031 405.000031 15.000001 1.045600
30.000002 255.000000 195.000000 1.157500
30.000002 480.000031 35.000000 1.371000
255.000000 30.000002 155.000000 0.909600
405.000031 330.000000 145.000000 1.103800
180.000000 405.000031 25.000000 1.254800
30.000002 255.000000 135.000000 1.109100
255.000000 30.000002 55.000000 1.069600
104.999992 104.999992 65.000000 0.866400
480.000031 30.000002 234.999985 1.057700
30.000002 330.000000 35.000000 1.053100
480.000031 480.000031 55.000000 1.058600
330.000000 330.000000 234.999985 0.886100
180.000000 30.000002 175.000000 1.059300
180.000000 180.000000 65.000000 0.896100
330.000000 405.000031 195.000000 0.956300
480.000031 255.000000 115.000000 1.051500
30.000002 405.000031 35.000000 1.329500
180.000000 180.000000 145.000000 1.291800
30.000002 255.000000 145.000000 1.118800
180.000000 180.000000 185.000000 0.816900
180.000000 330.000000 95.000000 0.713500
330.000000 255.000000 15.000001 1.157600
104.999992 480.000031 15.000001 1.215900
480.000031 330.000000 245.000000 1.081000
480.000031 480.000031 135.000000 0.835100
180.000000 104.999992 45.000000 0.914200
405.000031 330.000000 135.000000 1.071000
330.000000 180.000000 165.000000 1.088100
104.999992 480.000031 195.000000 1.115200
104.999992 330.000000 215.000015 1.130600
255.000000 330.000000 35.000000 1.534600
480.000031 180.000000 195.000000 1.048100
255.000000 480.000031 225.000000 0.823300
405.000031 104.999992 85.000000 1.060900
30.000002 405.000031 115.000000 1.189300
30.000002 405.000031 95.000000 1.081600
104.999992 330.000000 35.000000 1.104500
104.999992 104.999992 195.000000 1.100400
104.999992 405.000031 15.000001 1.167600
30.000002 330.000000 85.000000 1.119200
104.999992 104.999992 165.000000 1.040900
255.000000 104.999992 245.000000 1.033300
30.000002 330.000000 205.000000 1.018300
405.000031 104.999992 75.000000 1.018100
480.000031 330.000000 195.000000 0.772100
330.000000 30.000002 25.000000 1.009100
405.000031 330.000000 215.000015 0.891300
480.000031 405.000031 35.000000 0.958700
480.000031 180.000000 135.000000 0.895800
104.999992 30.000002 125.000000 1.330400
330.000000 104.999992 25.000000 0.933900
255.000000 330.000000 125.000000 0.796000
30.000002 480.000031 175.000000 1.182100
330.000000 180.000000 215.000015 1.542300
405.000031 180.000000 115.000000 1.172900
480.000031 30.000002 175.000000 0.989700
30.000002 104.999992 104.999992 1.383500
405.000031 480.000031 15.000001 0.975100
255.000000 255.000000 15.000001 1.259700
405.000031 30.000002 45.000000 0.760400
330.000000 30.000002 165.000000 0.944800
480.000031 330.000000 155.000000 1.060600
104.999992 30.000002 155.000000 1.115700
330.000000 104.999992 115.000000 0.875900
180.000000 480.000031 115.000000 0.901000
480.000031 30.000002 95.000000 1.071200
180.000000 330.000000 145.000000 0.812000
104.999992 405.000031 65.000000 0.888300
180.000000 104.999992 25.000000 1.029400
480.000031 255.000000 15.000001 1.061400
405.000031 30.000002 234.999985 1.188300
255.000000 30.000002 15.000001 1.141900
480.000031 30.000002 195.000000 0.947500
104.999992 104.999992 135.000000 1.260100
30.000002 104.999992 35.000000 1.247800
30.000002 405.000031 65.000000 1.053700
104.999992 104.999992 45.000000 0.812700
30.000002 405.000031 195.000000 1.203100
30.000002 255.000000 45.000000 1.016500
330.000000 405.000031 85.000000 0.882100
180.000000 180.000000 104.999992 1.490600
405.000031 330.000000 245.000000 0.879900
255.000000 255.000000 125.000000 0.923200
330.000000 180.000000 175.000000 1.140500
180.000000 405.000031 175.000000 1.313800
330.000000 180.000000 195.000000 1.316800
104.999992 30.000002 205.000000 1.093300
330.000000 330.000000 85.000000 0.931400
330.000000 255.000000 104.999992 1.001500
480.000031 405.000031 185.000000 0.746200
330.000000 255.000000 135.000000 0.860600
330.000000 480.000031 225.000000 0.825000
180.000000 330.000000 125.000000 0.763100
405.000031 405.000031 104.999992 0.879400
104.999992 255.000000 25.000000 1.002500
180.000000 180.000000 175.000000 0.907500
405.000031 330.000000 85.000000 0.963200
405.000031 180.000000 135.000000 1.065700
255.000000 180.000000 35.000000 1.147300
480.000031 330.000000 25.000000 1.092500
330.000000 255.000000 165.000000 0.920200
330.000000 480.000031 245.000000 0.962200
255.000000 255.000000 155.000000 0.936600
104.999992 180.000000 225.000000 0.908000
480.000031 405.000031 25.000000 0.900800
330.000000 104.999992 215.000015 1.251200
480.000031 104.999992 125.000000 1.168200
330.000000 405.000031 104.999992 0.818400
104.999992 180.000000 85.000000 1.135000
104.999992 330.000000 25.000000 1.112300
255.000000 405.000031 65.000000 1.043400
104.999992 480.000031 125.000000 0.874900
480.000031 480.000031 35.000000 1.183100
30.000002 255.000000 155.000000 1.242300
255.000000 330.000000 45.000000 1.478500
104.999992 480.000031 175.000000 1.018600
180.000000 30.000002 185.000000 1.047000
30.000002 405.000031 145.000000 1.359800
480.000031 480.000031 115.000000 0.874800
405.000031 30.000002 65.000000 0.817400
180.000000 180.000000 225.000000 0.946800
30.000002 480.000031 225.000000 0.980000
30.000002 30.000002 225.000000 1.052600
255.000000 330.000000 185.000000 1.575600
180.000000 104.999992 245.000000 0.942400
255.000000 180.000000 165.000000 1.059900
255.000000 405.000031 95.000000 0.828400
104.999992 180.000000 95.000000 1.300900
30.000002 255.000000 175.000000 1.274300
180.000000 180.000000 135.000000 1.365800
180.000000 255.000000 85.000000 0.958000
180.000000 104.999992 75.000000 0.893400
405.000031 405.000031 234.999985 1.077800
255.000000 405.000031 215.000015 1.022600
480.000031 104.999992 225.000000 1.164500
330.000000 180.000000 75.000000 1.150100
180.000000 255.000000 215.000015 1.020400
480.000031 30.000002 65.000000 0.975800
480.000031 405.000031 205.000000 0.743600
405.000031 255.000000 155.000000 0.800100
405.000031 180.000000 234.999985 1.375300
180.000000 405.000031 95.000000 0.814900
480.000031 30.000002 205.000000 0.975300
180.000000 405.000031 55.000000 1.067500
480.000031 180.000000 75.000000 1.249100
405.000031 180.000000 155.000000 0.889800
30.000002 180.000000 234.999985 0.977800
405.000031 30.000002 165.000000 1.034000
30.000002 405.000031 215.000015 1.147300
255.000000 180.000000 55.000000 1.107400
480.000031 255.000000 155.000000 0.831900
30.000002 30.000002 45.000000 1.174300
30.000002 480.000031 205.000000 1.097100
255.000000 405.000031 245.000000 0.746600
405.000031 405.000031 25.000000 1.067200
30.000002 180.000000 135.000000 1.225600
180.000000 405.000031 15.000001 1.173600
330.000000 405.000031 95.000000 0.872000
104.999992 104.999992 115.000000 1.436700
330.000000 330.000000 55.000000 1.132400
405.000031 30.000002 215.000015 1.234900
104.999992 330.000000 15.000001 1.076400
180.000000 330.000000 195.000000 1.740900
104.999992 330.000000 234.999985 1.047400
330.000000 480.000031 185.000000 0.739700
30.000002 104.999992 135.000000 1.104900
330.000000 180.000000 65.000000 1.179400
330.000000 104.999992 45.000000 0.950100
330.000000 330.000000 95.000000 0.906800
30.000002 255.000000 225.000000 0.936800
30.000002 480.000031 155.000000 1.055600
405.000031 480.000031 55.000000 1.016500
330.000000 180.000000 45.000000 1.110400
30.000002 180.000000 245.000000 0.883300
330.000000 104.999992 75.000000 0.833000
30.000002 104.999992 125.000000 1.305800
405.000031 180.000000 55.000000 1.187500
255.000000 30.000002 234.999985 1.014600
330.000000 255.000000 245.000000 1.074700
30.000002 104.999992 75.000000 1.140000
480.000031 405.000031 95.000000 0.799000
104.999992 480.000031 185.000000 1.126400
480.000031 104.999992 135.000000 1.134800
480.000031 255.000000 175.000000 0.888800
330.000000 180.000000 185.000000 1.246700
405.000031 180.000000 215.000015 1.631100
255.000000 480.000031 55.000000 1.019200
405.000031 330.000000 25.000000 1.249400
30.000002 255.000000 65.000000 1.013400
405.000031 255.000000 195.000000 1.138300
180.000000 405.000031 165.000000 1.116800
330.000000 330.000000 75.000000 0.979000
104.999992 104.999992 155.000000 1.019600
180.000000 104.999992 55.000000 0.877000
330.000000 30.000002 15.000001 1.076300
255.000000 255.000000 115.000000 0.916900
104.999992 480.000031 115.000000 0.912800
330.000000 330.000000 225.000000 0.936200
330.000000 330.000000 185.000000 1.156800
104.999992 180.000000 175.000000 1.064300
255.000000 180.000000 25.000000 1.134200
104.999992 30.000002 135.000000 1.262500
104.999992 180.000000 245.000000 0.836600
480.000031 330.000000 165.000000 0.989800
104.999992 480.000031 55.000000 1.256600
180.000000 255.000000 135.000000 1.004000
255.000000 30.000002 195.000000 0.828600
104.999992 255.000000 135.000000 1.130400
330.000000 255.000000 145.000000 0.833500
30.000002 480.000031 215.000015 1.058500
330.000000 480.000031 234.999985 0.951600
104.999992 405.000031 35.000000 1.235700
405.000031 480.000031 215.000015 0.809900
30.000002 255.000000 104.999992 1.098200
330.000000 480.000031 165.000000 0.883100
104.999992 255.000000 145.000000 1.054100
405.000031 480.000031 65.000000 1.001400
180.000000 30.000002 195.000000 1.068200
255.000000 405.000031 175.000000 1.217200
104.999992 480.000031 245.000000 0.981300
330.000000 480.000031 25.000000 1.062200
255.000000 480.000031 35.000000 1.235100
480.000031 255.000000 35.000000 1.138300
255.000000 180.000000 215.000015 1.022000
30.000002 255.000000 245.000000 0.834700
30.000002 104.999992 245.000000 0.965000
330.000000 405.000031 55.000000 1.025100
30.000002 255.000000 215.000015 1.013400
330.000000 255.000000 225.000000 1.324100
330.000000 405.000031 65.000000 1.006700
330.000000 104.999992 245.000000 1.221000
104.999992 104.999992 85.000000 1.132100
30.000002 480.000031 104.999992 1.029300
330.000000 30.000002 205.000000 0.876000
330.000000 330.000000 135.000000 0.845200
330.000000 30.000002 135.000000 0.994700
255.000000 480.000031 135.000000 0.899900
405.000031 405.000031 145.000000 1.224300
330.000000 104.999992 195.000000 1.106400
104.999992 30.000002 145.000000 1.157300
180.000000 104.999992 125.000000 1.588700
104.999992 180.000000 115.000000 1.636600
104.999992 180.000000 45.000000 0.963000
330.000000 104.999992 175.000000 0.977000
330.000000 30.000002 185.000000 0.855600
30.000002 480.000031 65.000000 1.191300
405.000031 255.000000 165.000000 0.796900
480.000031 180.000000 35.000000 1.085300
405.000031 255.000000 65.000000 1.050900
255.000000 180.000000 85.000000 1.006900
30.000002 30.000002 205.000000 1.093400
180.000000 30.000002 15.000001 0.870900
255.000000 255.000000 35.000000 1.394100
480.000031 405.000031 145.000000 1.100100
255.000000 104.999992 125.000000 1.294900
104.999992 405.000031 175.000000 1.390700
30.000002 104.999992 55.000000 1.131100
405.000031 480.000031 165.000000 0.772200
480.000031 330.000000 145.000000 1.102900
255.000000 30.000002 215.000015 0.848900
30.000002 330.000000 25.000000 1.064700
180.000000 405.000031 65.000000 0.935600
405.000031 405.000031 225.000000 0.896300
180.000000 104.999992 145.000000 1.318600
255.000000 330.000000 155.000000 1.023700
30.000002 480.000031 75.000000 1.126500
405.000031 180.000000 195.000000 1.291000
255.000000 255.000000 185.000000 1.219700
180.000000 104.999992 85.000000 1.025400
255.000000 30.000002 135.000000 1.176500
30.000002 104.999992 145.000000 0.970600
180.000000 330.000000 205.000000 1.752300
180.000000 330.000000 45.000000 1.016900
104.999992 255.000000 75.000000 1.056200
180.000000 30.000002 145.000000 1.223000
330.000000 330.000000 65.000000 1.046500
330.000000 30.000002 215.000015 0.850100
180.000000 180.000000 234.999985 0.932500
255.000000 255.000000 45.000000 1.343500
480.000031 30.000002 35.000000 0.693100
104.999992 480.000031 45.000000 1.343400
480.000031 104.999992 115.000000 1.288000
255.000000 180.000000 115.000000 1.120400
480.000031 480.000031 75.000000 0.925000
180.000000 480.000031 185.000000 0.931700
330.000000 180.000000 35.000000 1.107500
480.000031 480.000031 45.000000 1.131100
104.999992 405.000031 45.000000 1.167400
30.000002 330.000000 125.000000 1.144100
405.000031 30.000002 125.000000 0.877700
480.000031 330.000000 95.000000 0.871800
104.999992 330.000000 95.000000 0.871900
330.000000 255.000000 95.000000 0.987000
30.000002 30.000002 55.000000 1.089000
255.000000 405.000031 45.000000 1.355800
330.000000 104.999992 95.000000 0.831700
30.000002 30.000002 75.000000 0.987500
104.999992 30.000002 25.000000 0.685600
104.999992 330.000000 165.000000 1.081600
180.000000 30.000002 205.000000 1.044700
104.999992 255.000000 155.000000 1.018800
180.000000 405.000031 205.000000 1.592300
330.000000 330.000000 245.000000 0.811000
405.000031 30.000002 245.000000 1.121100
30.000002 104.999992 175.000000 0.754600
405.000031 180.000000 25.000000 0.939400
180.000000 104.999992 195.000000 0.869000
480.000031 180.000000 175.000000 0.828700
330.000000 30.000002 145.000000 0.977400
480.000031 180.000000 145.000000 0.841800
30.000002 180.000000 25.000000 1.020100
480.000031 30.000002 155.000000 0.873700
255.000000 104.999992 185.000000 0.780400
405.000031 104.999992 35.000000 0.811400
255.000000 330.000000 215.000015 1.673500
255.000000 104.999992 135.000000 1.197200
330.000000 30.000002 115.000000 1.074000
480.000031 255.000000 135.000000 0.884800
255.000000 104.999992 234.999985 0.960000
180.000000 330.000000 55.000000 0.894300
480.000031 255.000000 225.000000 0.947900
255.000000 104.999992 165.000000 0.881700
30.000002 405.000031 75.000000 0.995700
255.000000 30.000002 104.999992 1.232900
480.000031 104.999992 25.000000 0.842000
104.999992 480.000031 155.000000 0.946400
30.000002 480.000031 245.000000 1.009800
30.000002 480.000031 85.000000 1.053600
405.000031 255.000000 125.000000 0.900300
104.999992 255.000000 225.000000 0.907700
255.000000 480.000031 195.000000 0.903200
30.000002 480.000031 165.000000 1.146100
30.000002 480.000031 25.000000 1.329300
480.000031 30.000002 225.000000 1.058000
30.000002 330.000000 95.000000 1.144700
30.000002 480.000031 145.000000 0.974700
104.999992 30.000002 115.000000 1.393400
255.000000 104.999992 15.000001 1.167200
104.999992 255.000000 245.000000 0.912800
405.000031 330.000000 225.000000 0.877800
30.000002 330.000000 145.000000 1.151800
180.000000 104.999992 175.000000 0.972200
255.000000 30.000002 45.000000 1.107700
330.000000 405.000031 225.000000 0.841300
255.000000 30.000002 115.000000 1.305900
180.000000 180.000000 205.000000 0.807800
405.000031 255.000000 35.000000 0.961100
330.000000 405.000031 25.000000 1.235200
255.000000 255.000000 65.000000 1.210800
255.000000 30.000002 35.000000 1.148500
480.000031 30.000002 215.000015 1.027000
330.000000 330.000000 15.000001 1.503400
30.000002 480.000031 185.000000 1.163100
255.000000 104.999992 35.000000 1.053100
180.000000 405.000031 245.000000 0.939300
405.000031 405.000031 55.000000 1.050300
405.000031 480.000031 75.000000 0.911500
255.000000 30.000002 205.000000 0.855700
255.000000 30.000002 245.000000 1.109000
180.000000 480.000031 45.000000 1.161800
480.000031 255.000000 185.000000 0.939200
104.999992 405.000031 25.000000 1.244100
255.000000 255.000000 104.999992 0.944100
330.000000 104.999992 35.000000 0.897800
255.000000 480.000031 175.000000 0.953400
30.000002 405.000031 155.000000 1.410900
180.000000 330.000000 15.000001 1.056900
330.000000 480.000031 45.000000 1.023300
180.000000 30.000002 125.000000 1.246100
30.000002 30.000002 35.000000 1.175000
104.999992 30.000002 234.999985 1.011200
30.000002 480.000031 115.000000 0.993700
330.000000 405.000031 15.000001 1.295500
480.000031 405.000031 165.000000 0.967300
405.000031 104.999992 234.999985 1.426300
405.000031 330.000000 165.000000 1.069200
330.000000 405.000031 165.000000 1.243200
30.000002 30.000002 215.000015 1.075500
104.999992 330.000000 155.000000 1.051100
180.000000 30.000002 25.000000 0.811300
480.000031 330.000000 85.000000 0.873200
180.000000 255.000000 65.000000 0.988100
405.000031 480.000031 85.000000 0.835700
480.000031 405.000031 104.999992 0.799500
405.000031 330.000000 35.000000 1.143900
330.000000 330.000000 195.000000 1.163600
480.000031 480.000031 175.000000 0.643600
180.000000 255.000000 205.000000 1.072400
255.000000 255.000000 175.000000 1.114300
480.000031 405.000031 65.000000 0.805800
330.000000 405.000031 45.000000 1.075400
405.000031 180.000000 125.000000 1.103600
104.999992 330.000000 85.000000 0.846500
405.000031 30.000002 225.000000 1.199600
30.000002 330.000000 234.999985 1.073100
180.000000 405.000031 45.000000 1.180100
255.000000 405.000031 185.000000 1.246200
480.000031 405.000031 195.000000 0.689400
104.999992 405.000031 145.000000 1.034000
104.999992 30.000002 65.000000 0.856100
480.000031 480.000031 165.000000 0.665400
480.000031 330.000000 234.999985 1.011000
30.000002 180.000000 225.000000 1.002600
480.000031 180.000000 85.000000 1.247400
104.999992 255.000000 234.999985 0.946800
405.000031 180.000000 35.000000 0.943900
255.000000 330.000000 234.999985 1.136600
480.000031 30.000002 145.000000 0.812100
255.000000 330.000000 104.999992 0.865900
255.000000 180.000000 15.000001 1.158500
180.000000 104.999992 205.000000 0.910600
330.000000 180.000000 205.000000 1.452100
255.000000 255.000000 165.000000 1.014100
480.000031 104.999992 45.000000 0.985800
405.000031 104.999992 165.000000 1.023300
255.000000 330.000000 175.000000 1.345500
480.000031 405.000031 85.000000 0.759400
180.000000 405.000031 155.000000 0.977200
480.000031 30.000002 165.000000 0.962200
330.000000 480.000031 125.000000 0.883900
104.999992 104.999992 185.000000 1.012900
330.000000 104.999992 85.000000 0.834100
180.000000 255.000000 25.000000 1.104100
255.000000 405.000031 25.000000 1.466300
180.000000 480.000031 25.000000 1.279600
480.000031 255.000000 95.000000 1.070400
480.000031 180.000000 155.000000 0.828200
480.000031 255.000000 234.999985 0.946300
255.000000 330.000000 145.000000 0.893300
405.000031 104.999992 215.000015 1.588400
104.999992 480.000031 65.000000 1.159800
255.000000 180.000000 135.000000 1.065800
104.999992 180.000000 15.000001 1.060200
180.000000 480.000031 145.000000 0.925400
30.000002 30.000002 234.999985 1.025700
405.000031 104.999992 15.000001 0.848200
104.999992 405.000031 205.000000 1.518400
30.000002 30.000002 95.000000 1.129700
330.000000 104.999992 155.000000 1.071400
480.000031 30.000002 245.000000 0.943700
405.000031 480.000031 95.000000 0.812000
180.000000 180.000000 15.000001 1.038100
104.999992 180.000000 155.000000 1.164800
255.000000 180.000000 245.000000 1.181000
405.000031 30.000002 145.000000 0.858500
480.000031 30.000002 104.999992 0.997700
255.000000 104.999992 155.000000 1.059300
30.000002 405.000031 104.999992 1.156900
255.000000 180.000000 185.000000 0.927000
480.000031 405.000031 225.000000 1.014400
330.000000 480.000031 55.000000 1.034800
104.999992 30.000002 175.000000 1.050200
30.000002 104.999992 215.000015 1.052200
255.000000 330.000000 85.000000 0.998900
30.000002 255.000000 205.000000 1.123300
104.999992 330.000000 145.000000 0.964700
30.000002 330.000000 135.000000 1.114300
330.000000 30.000002 75.000000 0.965800
104.999992 30.000002 35.000000 0.732200
255.000000 330.000000 195.000000 1.815400
104.999992 480.000031 145.000000 0.850300
405.000031 255.000000 95.000000 0.969600
30.000002 104.999992 25.000000 1.199500
255.000000 330.000000 25.000000 1.421300
255.000000 405.000031 155.000000 1.153600
405.000031 480.000031 125.000000 0.882700
330.000000 30.000002 45.000000 0.985600
405.000031 255.000000 225.000000 0.995900
330.000000 255.000000 25.000000 1.224000
180.000000 30.000002 55.000000 0.907700
330.000000 180.000000 55.000000 1.103300
104.999992 104.999992 104.999992 1.481900
180.000000 480.000031 205.000000 0.980600
480.000031 330.000000 55.000000 1.016600
104.999992 405.000031 75.000000 0.836200
330.000000 330.000000 155.000000 0.937500
180.000000 180.000000 55.000000 0.883600
480.000031 104.999992 85.000000 1.388000
30.000002 180.000000 205.000000 1.249700
255.000000 180.000000 125.000000 1.100800
405.000031 104.999992 175.000000 1.167100
180.000000 104.999992 135.000000 1.430300
30.000002 330.000000 165.000000 1.197100
30.000002 255.000000 115.000000 1.088600
405.000031 405.000031 35.000000 1.018600
480.000031 104.999992 55.000000 1.107700
180.000000 180.000000 215.000015 0.859500
405.000031 104.999992 125.000000 1.021100
180.000000 180.000000 25.000000 1.062800
405.000031 255.000000 215.000015 1.098200
480.000031 180.000000 25.000000 1.007500
180.000000 30.000002 35.000000 0.788900
255.000000 480.000031 234.999985 0.822800
480.000031 480.000031 125.000000 0.827000
255.000000 255.000000 245.000000 1.102000
180.000000 255.000000 104.999992 1.007700
30.000002 405.000031 234.999985 1.139800
330.000000 480.000031 75.000000 0.943700
330.000000 30.000002 175.000000 0.891100
30.000002 180.000000 35.000000 1.118100
330.000000 255.000000 35.000000 1.267900
30.000002 180.000000 165.000000 1.147800
180.000000 330.000000 215.000015 1.590300
405.000031 30.000002 135.000000 0.823700
104.999992 405.000031 215.000015 1.401500
405.000031 30.000002 205.000000 1.257300
180.000000 180.000000 165.000000 0.999700
255.000000 255.000000 135.000000 0.944000
330.000000 330.000000 205.000000 1.159200
480.000031 104.999992 165.000000 0.865100
480.000031 104.999992 75.000000 1.321800
330.000000 30.000002 125.000000 1.066600
180.000000 104.999992 104.999992 1.321800
30.000002 180.000000 104.999992 1.311000
255.000000 180.000000 95.000000 1.002400
405.000031 180.000000 185.000000 1.128000
255.000000 480.000031 145.000000 0.953800
405.000031 405.000031 205.000000 0.759700
104.999992 255.000000 115.000000 1.281600
480.000031 180.000000 225.000000 1.207900
30.000002 330.000000 225.000000 1.079800
30.000002 405.000031 175.000000 1.310900
480.000031 30.000002 55.000000 0.886700
480.000031 180.000000 45.000000 1.130200
405.000031 255.000000 234.999985 0.935000
330.000000 104.999992 145.000000 1.077000
255.000000 30.000002 125.000000 1.265000
104.999992 480.000031 25.000000 1.311100
330.000000 405.000031 175.000000 1.178900
180.000000 405.000031 234.999985 1.084800
405.000031 480.000031 115.000000 0.845600
180.000000 480.000031 125.000000 0.900900
330.000000 104.999992 205.000000 1.119900
405.000031 255.000000 205.000000 1.144400
405.000031 255.000000 85.000000 0.952000
104.999992 405.000031 155.000000 1.061800
180.000000 180.000000 195.000000 0.791400
480.000031 104.999992 65.000000 1.249000
405.000031 104.999992 104.999992 1.007700
180.000000 405.000031 115.000000 0.817800
180.000000 255.000000 225.000000 1.025500
104.999992 104.999992 205.000000 1.128500
180.000000 405.000031 145.000000 0.868700
180.000000 104.999992 95.000000 1.223100
405.000031 480.000031 104.999992 0.802000
255.000000 330.000000 165.000000 1.172800
480.000031 405.000031 55.000000 0.855100
104.999992 180.000000 35.000000 0.986800
405.000031 180.000000 15.000001 0.894800
330.000000 180.000000 104.999992 0.986400
104.999992 405.000031 245.000000 1.011500
405.000031 255.000000 25.000000 0.956500
30.000002 30.000002 104.999992 1.204100
480.000031 180.000000 95.000000 1.211100
330.000000 104.999992 185.000000 1.030700
405.000031 30.000002 104.999992 0.875400
180.000000 104.999992 185.000000 0.920700
480.000031 180.000000 245.000000 1.043300
30.000002 330.000000 115.000000 1.188400
104.999992 480.000031 95.000000 0.947400
405.000031 480.000031 234.999985 1.120200
405.000031 30.000002 55.000000 0.782100
180.000000 405.000031 104.999992 0.830100
255.000000 330.000000 95.000000 0.934400
180.000000 480.000031 55.000000 1.139600
104.999992 30.000002 55.000000 0.829900
480.000031 405.000031 75.000000 0.741200
104.999992 480.000031 135.000000 0.848500
480.000031 104.999992 95.000000 1.432800
104.999992 255.000000 205.000000 0.888500
405.000031 180.000000 95.000000 1.245700
255.000000 255.000000 85.000000 0.992300
180.000000 405.000031 225.000000 1.230900
255.000000 255.000000 205.000000 1.386000
30.000002 255.000000 165.000000 1.288100
480.000031 30.000002 125.000000 0.820800
104.999992 30.000002 95.000000 1.287400
30.000002 104.999992 225.000000 1.041800
480.000031 480.000031 25.000000 1.083900
104.999992 255.000000 35.000000 1.070500
255.000000 104.999992 104.999992 1.158000
255.000000 180.000000 75.000000 1.013300
30.000002 30.000002 145.000000 1.053800
30.000002 255.000000 234.999985 0.844900
30.000002 104.999992 205.000000 0.999000
405.000031 104.999992 145.000000 0.984000
255.000000 104.999992 55.000000 0.958300
30.000002 180.000000 95.000000 1.166000
405.000031 480.000031 195.000000 0.680200
255.000000 255.000000 234.999985 1.273400
405.000031 30.000002 15.000001 0.755700
180.000000 330.000000 65.000000 0.828100
104.999992 255.000000 85.000000 1.100800
255.000000 104.999992 215.000015 0.836800
180.000000 180.000000 125.000000 1.536400
405.000031 480.000031 185.000000 0.679200
405.000031 330.000000 175.000000 1.031800
30.000002 104.999992 185.000000 0.826000
180.000000 255.000000 185.000000 0.946000
180.000000 104.999992 115.000000 1.571600
180.000000 180.000000 115.000000 1.536900
255.000000 480.000031 15.000001 1.247200
30.000002 405.000031 125.000000 1.287900
480.000031 405.000031 125.000000 0.960800
104.999992 104.999992 35.000000 0.865900
255.000000 405.000031 15.000001 1.500600
480.000031 480.000031 145.000000 0.783300
255.000000 405.000031 234.999985 0.807100
480.000031 255.000000 195.000000 0.982400
30.000002 405.000031 245.000000 1.161400
330.000000 330.000000 115.000000 0.819500
104.999992 255.000000 15.000001 0.989400
480.000031 30.000002 135.000000 0.829500
255.000000 480.000031 65.000000 0.976100
255.000000 104.999992 145.000000 1.142800
405.000031 30.000002 35.000000 0.727400
30.000002 255.000000 15.000001 0.841400
30.000002 30.000002 175.000000 0.943600
480.000031 330.000000 75.000000 0.844400
480.000031 104.999992 35.000000 0.884600
255.000000 30.000002 85.000000 1.117200
480.000031 180.000000 215.000015 1.160900
405.000031 30.000002 25.000000 0.729400
30.000002 180.000000 85.000000 1.105500
180.000000 180.000000 245.000000 0.893700
405.000031 255.000000 115.000000 0.958600
30.000002 30.000002 25.000000 1.138000
104.999992 480.000031 165.000000 1.057400
480.000031 104.999992 234.999985 1.081300
180.000000 180.000000 95.000000 1.331200
480.000031 330.000000 115.000000 0.980900
180.000000 255.000000 234.999985 0.966300
330.000000 180.000000 95.000000 1.008500
405.000031 180.000000 45.000000 1.072800
480.000031 104.999992 175.000000 0.864100
330.000000 30.000002 85.000000 1.014200
255.000000 104.999992 195.000000 0.794200
104.999992 330.000000 135.000000 0.962100
104.999992 255.000000 104.999992 1.338400
255.000000 255.000000 75.000000 1.070500
330.000000 405.000031 185.000000 1.028400
405.000031 330.000000 45.000000 1.136300
330.000000 480.000031 205.000000 0.715200
104.999992 104.999992 245.000000 0.928600
405.000031 180.000000 205.000000 1.536200
104.999992 405.000031 185.000000 1.524900
255.000000 255.000000 25.000000 1.335500
480.000031 330.000000 15.000001 1.041900
30.000002 255.000000 85.000000 1.016400
180.000000 255.000000 125.000000 1.036200
330.000000 104.999992 65.000000 0.888000
480.000031 180.000000 165.000000 0.838800
30.000002 180.000000 15.000001 0.957300
180.000000 180.000000 35.000000 1.007600
255.000000 180.000000 195.000000 0.886100
480.000031 480.000031 195.000000 0.801000
30.000002 405.000031 25.000000 1.311400
405.000031 405.000031 95.000000 0.885300
30.000002 30.000002 85.000000 1.048100
405.000031 480.000031 135.000000 0.922300
330.000000 330.000000 145.000000 0.927100
30.000002 255.000000 95.000000 1.064200
180.000000 405.000031 125.000000 0.785100
480.000031 330.000000 185.000000 0.800000
480.000031 255.000000 145.000000 0.839200
104.999992 30.000002 245.000000 0.963400
30.000002 180.000000 185.000000 1.226600
104.999992 330.000000 175.000000 1.185700
480.000031 255.000000 104.999992 0.992700
255.000000 405.000031 104.999992 0.849800
104.999992 480.000031 234.999985 0.975800
255.000000 30.000002 65.000000 1.077400
480.000031 104.999992 215.000015 1.161600
104.999992 30.000002 185.000000 1.098400
180.000000 255.000000 45.000000 1.069700
255.000000 180.000000 205.000000 0.954800
480.000031 405.000031 45.000000 0.932400
405.000031 255.000000 75.000000 1.076800
104.999992 330.000000 115.000000 0.953300
104.999992 480.000031 75.000000 1.078600
480.000031 180.000000 115.000000 1.119700
104.999992 104.999992 145.000000 1.138200
330.000000 180.000000 115.000000 0.994100
480.000031 104.999992 155.000000 0.943700
30.000002 104.999992 155.000000 0.833100
104.999992 405.000031 115.000000 0.922000
