pygeostat_saved_data
4
X
Y
Z
value
405.000031 30.000002 55.000000 0.349700
330.000000 104.999992 75.000000 0.437600
30.000002 330.000000 95.000000 1.352700
180.000000 104.999992 95.000000 1.711700
104.999992 330.000000 115.000000 0.706400
330.000000 480.000031 205.000000 0.254600
30.000002 405.000031 95.000000 1.106300
405.000031 330.000000 155.000000 0.967100
104.999992 30.000002 35.000000 0.276800
480.000031 330.000000 45.000000 0.985800
180.000000 180.000000 165.000000 0.836300
480.000031 180.000000 165.000000 0.448500
405.000031 104.999992 145.000000 0.790500
330.000000 330.000000 55.000000 1.301900
104.999992 330.000000 95.000000 0.514500
30.000002 255.000000 225.000000 0.663900
104.999992 180.000000 25.000000 0.886200
330.000000 330.000000 155.000000 0.665800
30.000002 330.000000 55.000000 1.181500
330.000000 330.000000 195.000000 1.433900
104.999992 405.000031 15.000001 1.451700
104.999992 30.000002 65.000000 0.482100
104.999992 480.000031 225.000000 0.854700
405.000031 180.000000 65.000000 2.036300
255.000000 180.000000 45.000000 1.304700
480.000031 255.000000 145.000000 0.449200
480.000031 255.000000 185.000000 0.670100
180.000000 480.000031 104.999992 0.424700
104.999992 405.000031 195.000000 3.822300
405.000031 480.000031 95.000000 0.399600
255.000000 180.000000 245.000000 1.511400
104.999992 104.999992 85.000000 1.300800
104.999992 480.000031 234.999985 0.767500
405.000031 104.999992 15.000001 0.466500
180.000000 480.000031 245.000000 0.646800
180.000000 30.000002 234.999985 0.772800
180.000000 180.000000 104.999992 3.455300
104.999992 30.000002 125.000000 2.307600
255.000000 255.000000 165.000000 0.879800
330.000000 104.999992 165.000000 1.019300
30.000002 405.000031 115.000000 1.549500
255.000000 480.000031 104.999992 0.272000
480.000031 104.999992 175.000000 0.498400
480.000031 405.000031 234.999985 1.447800
255.000000 330.000000 245.000000 0.700000
330.000000 104.999992 205.000000 1.251500
480.000031 30.000002 225.000000 1.022700
255.000000 480.000031 135.000000 0.575600
330.000000 180.000000 205.000000 3.148900
405.000031 255.000000 145.000000 0.363300
405.000031 255.000000 25.000000 0.714800
30.000002 255.000000 15.000001 0.453400
180.000000 255.000000 145.000000 0.753000
480.000031 30.000002 65.000000 0.767500
255.000000 180.000000 55.000000 1.202800
30.000002 255.000000 165.000000 2.057200
480.000031 180.000000 205.000000 1.160000
30.000002 480.000031 225.000000 0.779200
255.000000 405.000031 145.000000 1.033800
104.999992 255.000000 225.000000 0.593500
180.000000 104.999992 35.000000 0.755500
104.999992 405.000031 95.000000 0.488100
255.000000 330.000000 195.000000 6.959800
405.000031 330.000000 125.000000 0.805900
405.000031 104.999992 75.000000 0.892300
30.000002 255.000000 45.000000 0.887200
480.000031 104.999992 245.000000 1.076900
405.000031 405.000031 104.999992 0.530300
480.000031 405.000031 45.000000 0.652900
180.000000 104.999992 104.999992 2.255100
180.000000 30.000002 175.000000 1.027300
180.000000 30.000002 145.000000 1.711100
255.000000 255.000000 234.999985 1.975400
104.999992 180.000000 55.000000 0.733000
104.999992 180.000000 145.000000 1.806600
30.000002 30.000002 175.000000 0.681200
180.000000 330.000000 205.000000 6.138000
104.999992 104.999992 45.000000 0.400800
405.000031 180.000000 104.999992 1.661900
330.000000 30.000002 165.000000 0.684300
255.000000 180.000000 104.999992 1.144000
480.000031 480.000031 245.000000 2.387200
104.999992 330.000000 25.000000 1.221600
480.000031 480.000031 104.999992 0.475200
180.000000 104.999992 115.000000 4.170100
255.000000 480.000031 125.000000 0.428500
180.000000 480.000031 45.000000 1.425900
405.000031 255.000000 104.999992 0.679400
330.000000 104.999992 215.000015 1.855700
255.000000 255.000000 35.000000 2.724700
480.000031 330.000000 215.000015 0.412200
255.000000 480.000031 185.000000 0.617900
405.000031 480.000031 195.000000 0.213000
30.000002 480.000031 135.000000 0.790400
330.000000 30.000002 195.000000 0.535400
480.000031 480.000031 15.000001 0.882300
330.000000 405.000031 55.000000 0.914100
405.000031 480.000031 85.000000 0.442500
30.000002 480.000031 205.000000 1.163600
480.000031 480.000031 55.000000 1.024800
104.999992 255.000000 215.000015 0.536600
480.000031 405.000031 104.999992 0.378200
180.000000 405.000031 85.000000 0.415100
480.000031 330.000000 35.000000 1.185100
480.000031 330.000000 135.000000 1.092000
330.000000 480.000031 15.000001 0.917900
480.000031 30.000002 205.000000 0.766100
480.000031 104.999992 145.000000 0.972200
405.000031 405.000031 125.000000 0.793200
405.000031 104.999992 95.000000 0.841500
330.000000 480.000031 104.999992 0.406200
330.000000 255.000000 75.000000 1.254300
180.000000 330.000000 234.999985 1.593300
330.000000 180.000000 115.000000 0.819700
30.000002 104.999992 25.000000 1.597500
104.999992 255.000000 205.000000 0.550100
104.999992 480.000031 35.000000 2.550700
330.000000 480.000031 155.000000 0.717000
330.000000 255.000000 15.000001 1.407800
255.000000 180.000000 125.000000 1.177400
180.000000 480.000031 85.000000 0.529500
405.000031 405.000031 45.000000 0.984000
480.000031 330.000000 95.000000 0.514300
104.999992 180.000000 195.000000 0.801700
255.000000 480.000031 145.000000 0.707700
30.000002 405.000031 25.000000 2.192700
30.000002 180.000000 245.000000 0.538800
330.000000 405.000031 25.000000 1.772800
180.000000 180.000000 15.000001 0.956000
255.000000 480.000031 205.000000 0.485700
330.000000 255.000000 175.000000 0.964000
104.999992 405.000031 115.000000 0.627400
30.000002 405.000031 225.000000 1.465200
180.000000 405.000031 35.000000 1.762800
330.000000 255.000000 45.000000 1.917800
405.000031 30.000002 45.000000 0.316500
405.000031 480.000031 45.000000 1.023200
480.000031 104.999992 234.999985 1.104900
104.999992 255.000000 165.000000 0.916400
30.000002 255.000000 115.000000 1.131900
30.000002 330.000000 145.000000 1.382900
180.000000 255.000000 95.000000 0.788400
30.000002 30.000002 225.000000 1.004200
255.000000 255.000000 115.000000 0.615200
104.999992 30.000002 205.000000 1.149100
30.000002 104.999992 55.000000 1.296600
255.000000 405.000031 185.000000 1.829600
104.999992 405.000031 65.000000 0.549800
330.000000 255.000000 245.000000 1.081500
30.000002 330.000000 135.000000 1.229600
30.000002 405.000031 195.000000 1.614500
480.000031 180.000000 125.000000 0.747200
104.999992 255.000000 175.000000 0.634200
104.999992 480.000031 205.000000 1.330500
30.000002 480.000031 15.000001 2.150700
480.000031 255.000000 155.000000 0.435400
104.999992 30.000002 115.000000 2.719600
30.000002 405.000031 205.000000 1.686100
330.000000 255.000000 205.000000 3.066700
330.000000 480.000031 95.000000 0.535100
104.999992 330.000000 175.000000 1.532800
405.000031 104.999992 234.999985 2.954600
405.000031 330.000000 104.999992 0.640300
480.000031 480.000031 115.000000 0.520600
180.000000 480.000031 95.000000 0.456500
330.000000 405.000031 135.000000 0.720500
405.000031 480.000031 15.000001 0.765400
255.000000 405.000031 115.000000 0.417500
255.000000 104.999992 185.000000 0.347000
30.000002 180.000000 25.000000 0.898400
104.999992 255.000000 245.000000 0.605500
330.000000 30.000002 205.000000 0.523100
480.000031 330.000000 165.000000 0.807300
330.000000 330.000000 215.000015 1.051100
180.000000 480.000031 15.000001 1.505400
330.000000 405.000031 15.000001 2.099400
30.000002 104.999992 225.000000 0.968200
480.000031 330.000000 175.000000 0.511900
180.000000 104.999992 55.000000 0.525300
104.999992 330.000000 55.000000 0.662800
255.000000 30.000002 15.000001 1.341200
180.000000 330.000000 245.000000 0.800700
104.999992 330.000000 15.000001 1.087300
180.000000 180.000000 25.000000 1.039300
405.000031 180.000000 195.000000 2.073900
180.000000 480.000031 125.000000 0.577900
330.000000 180.000000 35.000000 1.203300
330.000000 255.000000 195.000000 2.439400
180.000000 405.000031 15.000001 1.478000
330.000000 330.000000 15.000001 3.562400
104.999992 180.000000 175.000000 1.044500
30.000002 30.000002 15.000001 0.836700
104.999992 330.000000 85.000000 0.463200
30.000002 180.000000 95.000000 1.444400
330.000000 405.000031 95.000000 0.514800
255.000000 180.000000 25.000000 1.309400
405.000031 405.000031 25.000000 1.054900
180.000000 480.000031 225.000000 0.665500
255.000000 330.000000 95.000000 0.657900
255.000000 330.000000 225.000000 3.015400
180.000000 104.999992 135.000000 2.984400
180.000000 180.000000 215.000015 0.488900
104.999992 104.999992 65.000000 0.503100
330.000000 30.000002 215.000015 0.470300
255.000000 480.000031 245.000000 0.358100
30.000002 480.000031 35.000000 2.567800
30.000002 104.999992 195.000000 0.691000
255.000000 330.000000 234.999985 1.319400
405.000031 104.999992 205.000000 3.959000
330.000000 104.999992 15.000001 0.804400
405.000031 255.000000 135.000000 0.478300
330.000000 480.000031 65.000000 0.844800
255.000000 330.000000 145.000000 0.560900
255.000000 255.000000 195.000000 2.158400
180.000000 30.000002 104.999992 1.973300
104.999992 330.000000 234.999985 0.986800
480.000031 405.000031 155.000000 1.148300
255.000000 255.000000 205.000000 2.668700
104.999992 330.000000 205.000000 1.610200
405.000031 405.000031 195.000000 0.304300
30.000002 405.000031 15.000001 1.704000
405.000031 30.000002 234.999985 1.544900
405.000031 480.000031 55.000000 0.887200
330.000000 405.000031 45.000000 1.083900
480.000031 30.000002 185.000000 0.656000
180.000000 180.000000 45.000000 0.620900
30.000002 330.000000 234.999985 1.075400
405.000031 255.000000 55.000000 0.944100
104.999992 255.000000 104.999992 2.357500
104.999992 330.000000 195.000000 1.805500
180.000000 405.000031 145.000000 0.507800
255.000000 30.000002 215.000015 0.467900
30.000002 405.000031 85.000000 0.913500
255.000000 330.000000 55.000000 1.912900
180.000000 104.999992 125.000000 4.333300
30.000002 405.000031 65.000000 1.008200
104.999992 180.000000 75.000000 0.976400
30.000002 30.000002 65.000000 0.799400
30.000002 180.000000 195.000000 1.807200
480.000031 330.000000 185.000000 0.378900
405.000031 104.999992 195.000000 2.932000
480.000031 180.000000 65.000000 1.908000
255.000000 180.000000 35.000000 1.363900
255.000000 405.000031 125.000000 0.443800
104.999992 180.000000 185.000000 0.993400
330.000000 30.000002 45.000000 0.795100
104.999992 480.000031 135.000000 0.467100
330.000000 180.000000 65.000000 1.504100
104.999992 180.000000 215.000015 0.690900
330.000000 30.000002 35.000000 0.854000
480.000031 104.999992 25.000000 0.454500
405.000031 30.000002 175.000000 1.190900
330.000000 180.000000 125.000000 0.830600
480.000031 104.999992 55.000000 1.203900
30.000002 330.000000 155.000000 1.387200
330.000000 330.000000 234.999985 0.544900
104.999992 255.000000 75.000000 1.016700
255.000000 330.000000 215.000015 5.212700
30.000002 480.000031 45.000000 2.116900
255.000000 30.000002 205.000000 0.481400
405.000031 480.000031 234.999985 1.252700
480.000031 330.000000 195.000000 0.334200
255.000000 480.000031 75.000000 0.522400
480.000031 330.000000 125.000000 0.913900
480.000031 330.000000 85.000000 0.517200
480.000031 255.000000 95.000000 1.065900
405.000031 405.000031 245.000000 1.419800
480.000031 104.999992 185.000000 0.557800
330.000000 30.000002 104.999992 1.124500
330.000000 480.000031 45.000000 0.908600
480.000031 405.000031 135.000000 0.931100
255.000000 480.000031 155.000000 0.888300
30.000002 104.999992 245.000000 0.737800
330.000000 480.000031 25.000000 1.037300
30.000002 405.000031 165.000000 3.254700
405.000031 405.000031 225.000000 0.567500
180.000000 180.000000 85.000000 1.175200
330.000000 180.000000 104.999992 0.797500
405.000031 405.000031 135.000000 1.330900
30.000002 255.000000 205.000000 1.265200
405.000031 255.000000 85.000000 0.703100
330.000000 104.999992 195.000000 1.199000
480.000031 104.999992 135.000000 1.311600
180.000000 30.000002 115.000000 2.313200
30.000002 30.000002 185.000000 0.783700
330.000000 255.000000 155.000000 0.427000
480.000031 255.000000 85.000000 1.177200
405.000031 180.000000 205.000000 3.845500
480.000031 180.000000 95.000000 1.652800
330.000000 480.000031 245.000000 0.730100
30.000002 180.000000 15.000001 0.717000
180.000000 104.999992 165.000000 0.896800
104.999992 180.000000 125.000000 4.009800
405.000031 180.000000 185.000000 1.284200
30.000002 480.000031 65.000000 1.558700
180.000000 480.000031 135.000000 0.630100
330.000000 104.999992 55.000000 0.593600
405.000031 255.000000 234.999985 0.659500
480.000031 255.000000 245.000000 0.739300
30.000002 480.000031 155.000000 1.014500
255.000000 104.999992 155.000000 1.027300
180.000000 104.999992 175.000000 0.757500
330.000000 330.000000 115.000000 0.412800
480.000031 180.000000 234.999985 1.344900
405.000031 180.000000 175.000000 0.697600
330.000000 104.999992 35.000000 0.570800
330.000000 104.999992 85.000000 0.439500
330.000000 180.000000 215.000015 3.900400
255.000000 180.000000 155.000000 1.059200
255.000000 104.999992 215.000015 0.444600
104.999992 255.000000 195.000000 0.503000
405.000031 480.000031 145.000000 0.572700
104.999992 405.000031 175.000000 2.701200
30.000002 480.000031 195.000000 1.527900
30.000002 30.000002 115.000000 1.670600
480.000031 30.000002 85.000000 1.011200
330.000000 480.000031 115.000000 0.502500
405.000031 104.999992 25.000000 0.358700
180.000000 30.000002 225.000000 0.976100
330.000000 255.000000 125.000000 0.542900
104.999992 104.999992 215.000015 1.060500
30.000002 30.000002 165.000000 0.671700
330.000000 180.000000 95.000000 0.862800
255.000000 30.000002 185.000000 0.502900
30.000002 180.000000 205.000000 1.847700
405.000031 330.000000 45.000000 1.317800
330.000000 480.000031 85.000000 0.486900
330.000000 104.999992 145.000000 1.089500
30.000002 330.000000 185.000000 0.957600
480.000031 180.000000 85.000000 1.835700
405.000031 104.999992 104.999992 0.860300
330.000000 330.000000 45.000000 1.344500
480.000031 180.000000 25.000000 0.859600
405.000031 30.000002 185.000000 1.391500
330.000000 330.000000 35.000000 1.705100
30.000002 405.000031 35.000000 2.301900
255.000000 405.000031 245.000000 0.296500
30.000002 330.000000 75.000000 1.638100
180.000000 405.000031 165.000000 1.239500
180.000000 180.000000 75.000000 0.807300
104.999992 330.000000 145.000000 0.736900
330.000000 330.000000 225.000000 0.662400
480.000031 330.000000 25.000000 1.146100
405.000031 180.000000 165.000000 0.593500
104.999992 30.000002 25.000000 0.219100
330.000000 405.000031 215.000015 0.504700
480.000031 180.000000 155.000000 0.428600
255.000000 104.999992 115.000000 1.988200
104.999992 255.000000 25.000000 0.844700
255.000000 255.000000 135.000000 0.682200
330.000000 104.999992 125.000000 0.648900
405.000031 30.000002 35.000000 0.270300
255.000000 405.000031 85.000000 0.514000
255.000000 330.000000 75.000000 0.932500
330.000000 30.000002 225.000000 0.561500
104.999992 180.000000 165.000000 1.331100
104.999992 405.000031 35.000000 1.775300
330.000000 405.000031 205.000000 0.568100
480.000031 30.000002 165.000000 0.730000
255.000000 330.000000 205.000000 5.988700
104.999992 480.000031 195.000000 1.233200
405.000031 30.000002 65.000000 0.409100
255.000000 480.000031 45.000000 1.464300
30.000002 30.000002 125.000000 1.769600
104.999992 104.999992 175.000000 0.762500
104.999992 405.000031 25.000000 1.818200
405.000031 104.999992 55.000000 0.758700
405.000031 480.000031 115.000000 0.461500
104.999992 255.000000 155.000000 0.894400
405.000031 480.000031 245.000000 1.974700
30.000002 330.000000 245.000000 1.128300
180.000000 405.000031 45.000000 1.507500
104.999992 480.000031 55.000000 1.884300
30.000002 480.000031 25.000000 2.300600
30.000002 30.000002 145.000000 1.008600
104.999992 30.000002 155.000000 1.235100
255.000000 330.000000 175.000000 2.402000
180.000000 405.000031 95.000000 0.404700
480.000031 480.000031 205.000000 0.613200
104.999992 104.999992 195.000000 1.176100
330.000000 330.000000 104.999992 0.442800
104.999992 330.000000 155.000000 0.999200
180.000000 255.000000 155.000000 0.615400
480.000031 104.999992 95.000000 3.002900
104.999992 480.000031 175.000000 0.893700
104.999992 104.999992 35.000000 0.502000
104.999992 480.000031 15.000001 1.676400
180.000000 330.000000 95.000000 0.252500
104.999992 405.000031 145.000000 0.942900
405.000031 180.000000 25.000000 0.670500
30.000002 255.000000 104.999992 1.167600
480.000031 180.000000 104.999992 1.330300
480.000031 30.000002 55.000000 0.546200
480.000031 405.000031 115.000000 0.539800
480.000031 480.000031 155.000000 0.267300
255.000000 255.000000 25.000000 2.339400
330.000000 480.000031 55.000000 0.945500
104.999992 405.000031 245.000000 0.871900
480.000031 480.000031 175.000000 0.175000
30.000002 405.000031 45.000000 1.827500
30.000002 104.999992 15.000001 1.049500
330.000000 405.000031 35.000000 1.361700
405.000031 104.999992 165.000000 0.908500
255.000000 330.000000 65.000000 1.456400
180.000000 330.000000 155.000000 0.612500
180.000000 405.000031 135.000000 0.358800
480.000031 104.999992 165.000000 0.500400
330.000000 104.999992 225.000000 1.706100
480.000031 255.000000 135.000000 0.542000
30.000002 330.000000 104.999992 1.434900
255.000000 180.000000 234.999985 1.898400
480.000031 330.000000 104.999992 0.685000
104.999992 405.000031 135.000000 0.873700
255.000000 480.000031 234.999985 0.418800
405.000031 255.000000 45.000000 0.718000
330.000000 180.000000 165.000000 1.129900
255.000000 30.000002 104.999992 1.760800
30.000002 330.000000 225.000000 1.099600
405.000031 480.000031 225.000000 0.730300
104.999992 180.000000 225.000000 0.594200
180.000000 480.000031 145.000000 0.635800
255.000000 30.000002 125.000000 1.929200
104.999992 480.000031 65.000000 1.417500
30.000002 104.999992 185.000000 0.424600
330.000000 480.000031 75.000000 0.681400
330.000000 104.999992 135.000000 0.877900
255.000000 330.000000 155.000000 0.909800
30.000002 255.000000 175.000000 1.979900
255.000000 30.000002 135.000000 1.491200
405.000031 180.000000 85.000000 2.205600
180.000000 480.000031 234.999985 0.671200
330.000000 255.000000 65.000000 1.704900
330.000000 480.000031 135.000000 0.628500
480.000031 30.000002 25.000000 0.242300
104.999992 330.000000 135.000000 0.729700
405.000031 330.000000 215.000015 0.556300
330.000000 405.000031 85.000000 0.536200
180.000000 255.000000 234.999985 0.741200
104.999992 255.000000 145.000000 1.009500
405.000031 330.000000 245.000000 0.531500
480.000031 405.000031 75.000000 0.289000
30.000002 30.000002 215.000015 1.084100
255.000000 255.000000 215.000015 2.545300
30.000002 180.000000 234.999985 0.773000
255.000000 405.000031 45.000000 2.467900
405.000031 180.000000 245.000000 2.028900
255.000000 255.000000 55.000000 2.411900
255.000000 330.000000 104.999992 0.502100
180.000000 480.000031 215.000015 0.722000
330.000000 330.000000 165.000000 0.990800
405.000031 330.000000 25.000000 1.846000
30.000002 30.000002 75.000000 0.800600
480.000031 104.999992 225.000000 1.437900
30.000002 405.000031 175.000000 2.189500
30.000002 255.000000 55.000000 1.069900
480.000031 480.000031 25.000000 1.114600
180.000000 405.000031 25.000000 1.874500
180.000000 255.000000 165.000000 0.551000
405.000031 180.000000 35.000000 0.682000
180.000000 180.000000 195.000000 0.364800
405.000031 480.000031 125.000000 0.537600
480.000031 180.000000 225.000000 1.637500
104.999992 180.000000 135.000000 2.849800
104.999992 30.000002 45.000000 0.309600
30.000002 480.000031 234.999985 0.706900
104.999992 405.000031 205.000000 3.689900
480.000031 330.000000 75.000000 0.459200
255.000000 104.999992 225.000000 0.578300
405.000031 30.000002 165.000000 0.942700
405.000031 255.000000 175.000000 0.495800
480.000031 255.000000 15.000001 1.034600
480.000031 255.000000 165.000000 0.459800
104.999992 405.000031 155.000000 1.036000
330.000000 330.000000 145.000000 0.640000
480.000031 480.000031 45.000000 1.296700
480.000031 405.000031 85.000000 0.315000
30.000002 480.000031 165.000000 1.359000
480.000031 405.000031 175.000000 0.569900
104.999992 255.000000 65.000000 0.826500
104.999992 405.000031 104.999992 0.515000
180.000000 180.000000 95.000000 2.312500
255.000000 30.000002 115.000000 2.160100
255.000000 180.000000 65.000000 1.013800
405.000031 255.000000 195.000000 1.326300
180.000000 480.000031 65.000000 0.847200
30.000002 255.000000 85.000000 0.887000
30.000002 30.000002 85.000000 0.989100
180.000000 255.000000 245.000000 0.705700
30.000002 180.000000 45.000000 1.059200
104.999992 180.000000 245.000000 0.444300
330.000000 405.000031 104.999992 0.410900
255.000000 180.000000 225.000000 1.392100
405.000031 405.000031 65.000000 0.843000
104.999992 405.000031 225.000000 1.791500
104.999992 180.000000 115.000000 4.815600
104.999992 104.999992 15.000001 0.531500
30.000002 180.000000 215.000015 1.310400
330.000000 30.000002 65.000000 0.736100
480.000031 330.000000 115.000000 0.781700
104.999992 180.000000 35.000000 0.798500
405.000031 255.000000 35.000000 0.727200
330.000000 180.000000 195.000000 2.225100
180.000000 330.000000 115.000000 0.355200
255.000000 405.000031 35.000000 3.521000
255.000000 30.000002 25.000000 1.304200
405.000031 30.000002 195.000000 1.647700
255.000000 104.999992 35.000000 1.006000
480.000031 104.999992 104.999992 2.227700
180.000000 104.999992 225.000000 0.623300
255.000000 330.000000 35.000000 3.831500
405.000031 480.000031 155.000000 0.464300
405.000031 30.000002 155.000000 0.692400
180.000000 30.000002 45.000000 0.483600
104.999992 480.000031 165.000000 1.020800
480.000031 330.000000 155.000000 1.031600
255.000000 480.000031 85.000000 0.358600
30.000002 30.000002 245.000000 0.778500
255.000000 180.000000 215.000015 0.904600
405.000031 480.000031 104.999992 0.382300
405.000031 480.000031 75.000000 0.602500
405.000031 480.000031 215.000015 0.396000
30.000002 480.000031 175.000000 1.516500
480.000031 330.000000 225.000000 0.546600
104.999992 104.999992 104.999992 3.384100
405.000031 180.000000 15.000001 0.564100
405.000031 30.000002 215.000015 1.771200
405.000031 30.000002 25.000000 0.273000
480.000031 30.000002 245.000000 0.681500
480.000031 405.000031 195.000000 0.223400
405.000031 30.000002 245.000000 1.256300
330.000000 480.000031 225.000000 0.422700
405.000031 104.999992 85.000000 1.032800
405.000031 405.000031 85.000000 0.692600
30.000002 180.000000 135.000000 1.724300
480.000031 180.000000 35.000000 1.119800
405.000031 405.000031 145.000000 1.717600
30.000002 30.000002 45.000000 1.481200
330.000000 330.000000 95.000000 0.591400
104.999992 255.000000 125.000000 1.369900
405.000031 104.999992 155.000000 0.884300
405.000031 104.999992 245.000000 2.053200
330.000000 255.000000 225.000000 2.269000
104.999992 405.000031 55.000000 0.818600
330.000000 405.000031 234.999985 0.442800
104.999992 104.999992 95.000000 2.220800
30.000002 330.000000 115.000000 1.545400
104.999992 330.000000 65.000000 0.435100
405.000031 255.000000 205.000000 1.351400
180.000000 405.000031 125.000000 0.354600
405.000031 104.999992 35.000000 0.398500
330.000000 480.000031 145.000000 0.621800
405.000031 30.000002 95.000000 0.533100
180.000000 330.000000 35.000000 1.195500
255.000000 405.000031 25.000000 3.259600
255.000000 405.000031 165.000000 1.576500
255.000000 104.999992 165.000000 0.535300
30.000002 330.000000 195.000000 0.744700
480.000031 255.000000 45.000000 1.321100
104.999992 405.000031 215.000015 2.776400
330.000000 480.000031 195.000000 0.250100
180.000000 405.000031 234.999985 1.117900
180.000000 255.000000 115.000000 0.934900
30.000002 30.000002 205.000000 1.149700
480.000031 480.000031 135.000000 0.441400
480.000031 180.000000 195.000000 0.989200
30.000002 330.000000 205.000000 0.893000
480.000031 405.000031 25.000000 0.577700
30.000002 104.999992 35.000000 1.837800
104.999992 255.000000 234.999985 0.689300
330.000000 330.000000 135.000000 0.460700
30.000002 405.000031 135.000000 1.991200
480.000031 255.000000 65.000000 1.204500
30.000002 480.000031 104.999992 0.927700
330.000000 405.000031 185.000000 0.924700
255.000000 180.000000 95.000000 0.844500
405.000031 330.000000 234.999985 0.573600
255.000000 255.000000 95.000000 0.739400
180.000000 330.000000 195.000000 5.997000
30.000002 255.000000 195.000000 1.407500
104.999992 330.000000 75.000000 0.490500
30.000002 104.999992 175.000000 0.308100
405.000031 405.000031 155.000000 2.110900
255.000000 480.000031 225.000000 0.419700
405.000031 104.999992 135.000000 0.925100
30.000002 480.000031 215.000015 1.024400
104.999992 104.999992 135.000000 1.903100
180.000000 30.000002 125.000000 1.828900
104.999992 104.999992 205.000000 1.286200
180.000000 330.000000 45.000000 0.888600
405.000031 480.000031 35.000000 1.017400
30.000002 104.999992 125.000000 2.159700
405.000031 330.000000 85.000000 0.732800
255.000000 104.999992 45.000000 0.713300
180.000000 30.000002 135.000000 1.922800
405.000031 180.000000 234.999985 2.596300
480.000031 30.000002 104.999992 0.830500
180.000000 255.000000 215.000015 0.899500
180.000000 180.000000 185.000000 0.408300
405.000031 255.000000 95.000000 0.750300
255.000000 480.000031 15.000001 1.834500
180.000000 30.000002 85.000000 1.494000
480.000031 104.999992 155.000000 0.681400
405.000031 330.000000 145.000000 1.189000
104.999992 405.000031 234.999985 1.451900
30.000002 330.000000 85.000000 1.248700
255.000000 104.999992 25.000000 1.248000
330.000000 104.999992 45.000000 0.698100
30.000002 30.000002 155.000000 0.819800
480.000031 104.999992 85.000000 2.682500
104.999992 30.000002 215.000015 1.224400
30.000002 255.000000 75.000000 0.843900
480.000031 30.000002 95.000000 1.069000
104.999992 104.999992 185.000000 0.876100
480.000031 405.000031 215.000015 0.501800
30.000002 255.000000 25.000000 0.726900
480.000031 104.999992 195.000000 0.749900
255.000000 480.000031 115.000000 0.389900
255.000000 255.000000 245.000000 1.182000
255.000000 255.000000 75.000000 1.066200
330.000000 330.000000 75.000000 0.776500
104.999992 255.000000 115.000000 2.020500
405.000031 330.000000 135.000000 1.068000
330.000000 255.000000 95.000000 0.799100
255.000000 330.000000 135.000000 0.401100
480.000031 330.000000 145.000000 1.185500
480.000031 180.000000 215.000015 1.422000
330.000000 255.000000 55.000000 1.925000
30.000002 255.000000 185.000000 1.775100
330.000000 330.000000 185.000000 1.404500
255.000000 480.000031 25.000000 1.933900
405.000031 330.000000 75.000000 0.801200
330.000000 255.000000 165.000000 0.623000
480.000031 30.000002 125.000000 0.415300
30.000002 480.000031 145.000000 0.764500
104.999992 30.000002 185.000000 1.168600
405.000031 180.000000 135.000000 1.049500
480.000031 330.000000 205.000000 0.357200
255.000000 30.000002 155.000000 0.597900
180.000000 330.000000 145.000000 0.399600
104.999992 405.000031 85.000000 0.354000
30.000002 180.000000 145.000000 1.305500
480.000031 255.000000 215.000015 0.682100
180.000000 330.000000 135.000000 0.304300
255.000000 104.999992 195.000000 0.369300
30.000002 180.000000 65.000000 0.766900
30.000002 104.999992 165.000000 0.272200
30.000002 480.000031 125.000000 0.780400
480.000031 255.000000 175.000000 0.550800
255.000000 180.000000 165.000000 1.029400
330.000000 180.000000 55.000000 1.187000
30.000002 180.000000 155.000000 1.335100
405.000031 330.000000 175.000000 0.935600
330.000000 405.000031 65.000000 0.857200
30.000002 180.000000 185.000000 1.729500
480.000031 180.000000 145.000000 0.454100
255.000000 255.000000 145.000000 0.620200
405.000031 30.000002 85.000000 0.487800
30.000002 255.000000 234.999985 0.460100
180.000000 30.000002 15.000001 0.512500
104.999992 180.000000 45.000000 0.732200
480.000031 255.000000 125.000000 0.777800
255.000000 30.000002 225.000000 0.675000
480.000031 480.000031 195.000000 0.380700
104.999992 330.000000 125.000000 0.724500
104.999992 180.000000 155.000000 1.439400
30.000002 104.999992 104.999992 2.651500
104.999992 30.000002 104.999992 2.283500
255.000000 104.999992 65.000000 0.642000
104.999992 255.000000 55.000000 0.915200
330.000000 255.000000 35.000000 1.945200
255.000000 255.000000 45.000000 2.389000
330.000000 180.000000 15.000001 1.066100
405.000031 104.999992 125.000000 0.901800
30.000002 104.999992 135.000000 1.193000
480.000031 405.000031 55.000000 0.480200
104.999992 30.000002 75.000000 0.863300
480.000031 180.000000 75.000000 1.844600
405.000031 255.000000 125.000000 0.576500
255.000000 480.000031 55.000000 0.895800
480.000031 30.000002 115.000000 0.597600
255.000000 180.000000 195.000000 0.544800
180.000000 30.000002 245.000000 0.734500
255.000000 180.000000 15.000001 1.411800
330.000000 480.000031 175.000000 0.422000
30.000002 255.000000 135.000000 1.209200
255.000000 180.000000 135.000000 1.049700
330.000000 255.000000 185.000000 1.555900
104.999992 104.999992 125.000000 3.267600
255.000000 30.000002 245.000000 1.208900
180.000000 330.000000 25.000000 0.988000
480.000031 330.000000 234.999985 0.870300
255.000000 330.000000 45.000000 3.357200
180.000000 30.000002 155.000000 1.679800
330.000000 104.999992 185.000000 0.932100
30.000002 405.000031 55.000000 1.211200
330.000000 480.000031 215.000015 0.317100
180.000000 480.000031 175.000000 0.652000
480.000031 104.999992 115.000000 2.056800
330.000000 30.000002 25.000000 0.864400
255.000000 480.000031 175.000000 0.706800
330.000000 330.000000 205.000000 1.414800
330.000000 180.000000 245.000000 1.940200
480.000031 104.999992 205.000000 0.932600
104.999992 30.000002 165.000000 1.060500
330.000000 405.000031 125.000000 0.396700
180.000000 405.000031 245.000000 0.670300
180.000000 255.000000 35.000000 1.122700
30.000002 180.000000 85.000000 1.195300
480.000031 480.000031 215.000015 1.033000
104.999992 480.000031 145.000000 0.470600
480.000031 480.000031 35.000000 1.521300
104.999992 405.000031 185.000000 3.746100
30.000002 180.000000 75.000000 0.930500
180.000000 255.000000 25.000000 1.190200
30.000002 30.000002 25.000000 1.324900
180.000000 330.000000 165.000000 1.353700
480.000031 255.000000 234.999985 0.688000
480.000031 330.000000 55.000000 0.887700
180.000000 405.000031 215.000015 3.444100
330.000000 104.999992 155.000000 1.069700
330.000000 180.000000 225.000000 3.733500
330.000000 104.999992 104.999992 0.482500
180.000000 330.000000 75.000000 0.308400
255.000000 405.000031 15.000001 3.538400
255.000000 480.000031 35.000000 1.772100
330.000000 30.000002 245.000000 0.750800
405.000031 330.000000 65.000000 0.938500
180.000000 255.000000 185.000000 0.687400
480.000031 30.000002 175.000000 0.807000
255.000000 104.999992 125.000000 2.096100
480.000031 405.000031 225.000000 0.880700
30.000002 405.000031 125.000000 2.056000
480.000031 405.000031 165.000000 0.744000
405.000031 255.000000 65.000000 0.998700
405.000031 405.000031 175.000000 0.919300
255.000000 30.000002 175.000000 0.467000
330.000000 330.000000 175.000000 1.301400
480.000031 255.000000 25.000000 1.252200
255.000000 30.000002 75.000000 0.944000
480.000031 255.000000 55.000000 1.060500
330.000000 30.000002 135.000000 0.821700
480.000031 30.000002 45.000000 0.360600
330.000000 255.000000 104.999992 0.841700
180.000000 104.999992 75.000000 0.561100
405.000031 480.000031 25.000000 0.941800
480.000031 30.000002 135.000000 0.431100
405.000031 255.000000 165.000000 0.373800
104.999992 30.000002 85.000000 1.322300
405.000031 255.000000 155.000000 0.379100
330.000000 30.000002 115.000000 1.078900
405.000031 405.000031 205.000000 0.315500
255.000000 330.000000 25.000000 2.917800
255.000000 255.000000 104.999992 0.682500
255.000000 330.000000 185.000000 4.208000
480.000031 180.000000 55.000000 1.613700
30.000002 255.000000 125.000000 1.260500
180.000000 330.000000 85.000000 0.273100
330.000000 405.000031 75.000000 0.794000
104.999992 255.000000 35.000000 1.066500
330.000000 30.000002 75.000000 0.739800
180.000000 405.000031 185.000000 3.262900
180.000000 405.000031 104.999992 0.432200
104.999992 480.000031 104.999992 0.611800
330.000000 255.000000 25.000000 1.716500
255.000000 180.000000 85.000000 0.857800
180.000000 405.000031 65.000000 0.661000
480.000031 104.999992 15.000001 0.515300
180.000000 30.000002 215.000015 0.927100
104.999992 255.000000 85.000000 1.177500
255.000000 104.999992 15.000001 1.449800
255.000000 30.000002 234.999985 0.881400
480.000031 330.000000 65.000000 0.635400
330.000000 330.000000 65.000000 0.983700
330.000000 330.000000 25.000000 2.796100
330.000000 405.000031 155.000000 1.693700
330.000000 180.000000 45.000000 1.214300
30.000002 30.000002 55.000000 1.133200
405.000031 255.000000 75.000000 1.089000
104.999992 330.000000 185.000000 1.911500
330.000000 480.000031 35.000000 1.023500
180.000000 30.000002 35.000000 0.360700
30.000002 330.000000 25.000000 1.045800
480.000031 104.999992 215.000015 1.425100
30.000002 104.999992 65.000000 1.114800
30.000002 30.000002 234.999985 0.916100
330.000000 255.000000 135.000000 0.491300
480.000031 255.000000 35.000000 1.326400
255.000000 255.000000 65.000000 1.651500
30.000002 30.000002 135.000000 1.372800
255.000000 330.000000 115.000000 0.421900
104.999992 30.000002 95.000000 2.053200
180.000000 104.999992 245.000000 0.678200
104.999992 330.000000 35.000000 1.191500
30.000002 255.000000 155.000000 1.809300
405.000031 180.000000 215.000015 4.758300
330.000000 180.000000 185.000000 1.832000
30.000002 330.000000 125.000000 1.350400
480.000031 180.000000 185.000000 0.711600
255.000000 104.999992 175.000000 0.427500
480.000031 405.000031 245.000000 2.063500
480.000031 255.000000 225.000000 0.692400
104.999992 330.000000 245.000000 0.860800
330.000000 255.000000 215.000015 2.755100
30.000002 330.000000 65.000000 1.246800
255.000000 480.000031 95.000000 0.317400
104.999992 104.999992 115.000000 3.031900
480.000031 480.000031 145.000000 0.351600
180.000000 330.000000 104.999992 0.320000
255.000000 330.000000 125.000000 0.372200
480.000031 180.000000 245.000000 0.973400
255.000000 104.999992 104.999992 1.409600
405.000031 480.000031 165.000000 0.334300
180.000000 405.000031 55.000000 1.055700
255.000000 180.000000 145.000000 1.111000
480.000031 30.000002 15.000001 0.223200
180.000000 480.000031 185.000000 0.651200
330.000000 405.000031 165.000000 1.813700
405.000031 180.000000 55.000000 1.541200
255.000000 330.000000 165.000000 1.474500
405.000031 330.000000 55.000000 0.956900
330.000000 405.000031 195.000000 0.714200
330.000000 30.000002 185.000000 0.481100
180.000000 255.000000 85.000000 0.718800
480.000031 255.000000 205.000000 0.794600
255.000000 330.000000 15.000001 2.401900
480.000031 104.999992 45.000000 0.795700
180.000000 255.000000 45.000000 1.063500
30.000002 255.000000 145.000000 1.247400
330.000000 405.000031 145.000000 1.308100
255.000000 255.000000 15.000001 1.900500
180.000000 180.000000 115.000000 3.852100
405.000031 180.000000 115.000000 1.475000
30.000002 104.999992 205.000000 0.834300
30.000002 104.999992 95.000000 2.382100
480.000031 104.999992 125.000000 1.454300
405.000031 30.000002 205.000000 1.887900
180.000000 405.000031 225.000000 1.750900
180.000000 480.000031 75.000000 0.737600
104.999992 255.000000 45.000000 0.936500
480.000031 180.000000 45.000000 1.293100
104.999992 180.000000 65.000000 0.693200
405.000031 330.000000 205.000000 0.624300
405.000031 30.000002 104.999992 0.521900
330.000000 104.999992 245.000000 1.701500
405.000031 405.000031 215.000015 0.455000
180.000000 104.999992 45.000000 0.608700
104.999992 30.000002 135.000000 1.915700
104.999992 330.000000 45.000000 0.966300
330.000000 330.000000 245.000000 0.397900
480.000031 180.000000 115.000000 1.250900
480.000031 405.000031 205.000000 0.292300
405.000031 104.999992 215.000015 4.330500
104.999992 104.999992 245.000000 0.643600
180.000000 480.000031 115.000000 0.578200
405.000031 405.000031 165.000000 1.541300
330.000000 104.999992 95.000000 0.435100
480.000031 180.000000 175.000000 0.429500
255.000000 255.000000 185.000000 1.694800
180.000000 255.000000 55.000000 0.782100
480.000031 330.000000 245.000000 1.104000
180.000000 255.000000 104.999992 0.860400
180.000000 255.000000 225.000000 0.915700
330.000000 405.000031 115.000000 0.347600
104.999992 330.000000 215.000015 1.294500
405.000031 405.000031 95.000000 0.543000
405.000031 104.999992 185.000000 1.866700
180.000000 104.999992 215.000015 0.580400
30.000002 405.000031 155.000000 2.842600
405.000031 180.000000 225.000000 3.328400
405.000031 30.000002 135.000000 0.420400
180.000000 480.000031 165.000000 0.650600
330.000000 405.000031 245.000000 0.450400
255.000000 480.000031 195.000000 0.583200
480.000031 255.000000 104.999992 0.815800
255.000000 30.000002 35.000000 1.369100
480.000031 480.000031 185.000000 0.217500
480.000031 405.000031 95.000000 0.377400
405.000031 405.000031 15.000001 0.981000
104.999992 480.000031 45.000000 2.388700
180.000000 180.000000 125.000000 3.847500
480.000031 104.999992 65.000000 1.843900
255.000000 405.000031 175.000000 1.682600
180.000000 255.000000 75.000000 0.755900
405.000031 405.000031 185.000000 0.525000
180.000000 330.000000 215.000015 4.348900
30.000002 180.000000 125.000000 2.266900
480.000031 30.000002 234.999985 1.021900
180.000000 180.000000 245.000000 0.561700
405.000031 104.999992 175.000000 1.449200
255.000000 104.999992 135.000000 1.586400
30.000002 255.000000 65.000000 0.877600
480.000031 480.000031 65.000000 0.799700
30.000002 330.000000 175.000000 1.163800
180.000000 180.000000 175.000000 0.593200
405.000031 480.000031 205.000000 0.305200
480.000031 180.000000 15.000001 0.904300
255.000000 30.000002 195.000000 0.429300
104.999992 180.000000 104.999992 3.512900
480.000031 480.000031 234.999985 1.963000
405.000031 330.000000 115.000000 0.714300
255.000000 405.000031 225.000000 0.632800
180.000000 30.000002 95.000000 1.603500
30.000002 405.000031 75.000000 0.824400
330.000000 30.000002 125.000000 1.052600
180.000000 180.000000 55.000000 0.539500
330.000000 405.000031 175.000000 1.502000
255.000000 104.999992 75.000000 0.679100
255.000000 104.999992 55.000000 0.719600
480.000031 480.000031 85.000000 0.529200
330.000000 405.000031 225.000000 0.453300
480.000031 405.000031 185.000000 0.296000
30.000002 480.000031 75.000000 1.278000
255.000000 330.000000 85.000000 0.834000
330.000000 255.000000 115.000000 0.660200
104.999992 180.000000 205.000000 0.777400
255.000000 104.999992 95.000000 1.060600
30.000002 405.000031 245.000000 1.424300
330.000000 480.000031 234.999985 0.701900
405.000031 30.000002 115.000000 0.580600
480.000031 180.000000 135.000000 0.566500
104.999992 480.000031 155.000000 0.688500
405.000031 330.000000 165.000000 1.061700
30.000002 330.000000 35.000000 1.006000
255.000000 104.999992 234.999985 0.724200
180.000000 180.000000 155.000000 1.156700
180.000000 30.000002 25.000000 0.398300
104.999992 405.000031 125.000000 0.695100
405.000031 330.000000 225.000000 0.527000
330.000000 180.000000 234.999985 3.002300
255.000000 104.999992 85.000000 0.758000
330.000000 104.999992 25.000000 0.656800
104.999992 104.999992 55.000000 0.450000
180.000000 330.000000 55.000000 0.563000
180.000000 180.000000 145.000000 2.078300
180.000000 104.999992 234.999985 0.570400
330.000000 330.000000 125.000000 0.327600
255.000000 480.000031 65.000000 0.768300
30.000002 480.000031 115.000000 0.818500
330.000000 180.000000 85.000000 1.049500
30.000002 104.999992 45.000000 2.001100
