pygeostat_saved_data
4
X
Y
Z
value
255.000000 180.000000 234.999985 2.199900
405.000031 180.000000 35.000000 0.426700
405.000031 30.000002 155.000000 0.437100
405.000031 480.000031 195.000000 0.066100
405.000031 30.000002 75.000000 0.194300
104.999992 30.000002 215.000015 1.089500
255.000000 480.000031 145.000000 0.452700
405.000031 480.000031 245.000000 2.343100
480.000031 180.000000 25.000000 0.618200
330.000000 255.000000 45.000000 2.235900
405.000031 405.000031 135.000000 1.245300
30.000002 180.000000 125.000000 2.922900
30.000002 405.000031 65.000000 0.798200
104.999992 180.000000 15.000001 0.826600
30.000002 104.999992 215.000015 0.791400
180.000000 255.000000 245.000000 0.450700
104.999992 480.000031 15.000001 1.802500
104.999992 405.000031 185.000000 6.536100
30.000002 480.000031 145.000000 0.512300
480.000031 405.000031 95.000000 0.165300
180.000000 255.000000 25.000000 1.041200
104.999992 104.999992 85.000000 1.200500
330.000000 30.000002 115.000000 0.889600
480.000031 480.000031 95.000000 0.231700
30.000002 255.000000 45.000000 0.650200
480.000031 255.000000 165.000000 0.226800
405.000031 480.000031 175.000000 0.089400
180.000000 330.000000 125.000000 0.127300
405.000031 104.999992 75.000000 0.656300
255.000000 30.000002 115.000000 2.705500
30.000002 30.000002 115.000000 1.792500
180.000000 30.000002 115.000000 3.019200
180.000000 255.000000 85.000000 0.464200
180.000000 30.000002 25.000000 0.180300
30.000002 480.000031 35.000000 3.569000
180.000000 104.999992 205.000000 0.347800
255.000000 30.000002 165.000000 0.286100
480.000031 180.000000 125.000000 0.493900
104.999992 104.999992 245.000000 0.388900
480.000031 255.000000 15.000001 0.831800
104.999992 255.000000 75.000000 0.809000
255.000000 104.999992 65.000000 0.387300
180.000000 330.000000 115.000000 0.150100
405.000031 30.000002 145.000000 0.248800
30.000002 480.000031 234.999985 0.451900
255.000000 405.000031 145.000000 0.830800
480.000031 30.000002 234.999985 0.815500
330.000000 255.000000 195.000000 3.287400
405.000031 405.000031 65.000000 0.599100
255.000000 255.000000 234.999985 2.344400
405.000031 330.000000 35.000000 1.273600
405.000031 180.000000 55.000000 1.575200
480.000031 180.000000 104.999992 1.244400
30.000002 180.000000 195.000000 2.032900
180.000000 330.000000 215.000015 8.301100
255.000000 180.000000 115.000000 1.131600
30.000002 480.000031 55.000000 2.409800
330.000000 330.000000 85.000000 0.395400
180.000000 180.000000 75.000000 0.559100
330.000000 104.999992 75.000000 0.209600
480.000031 30.000002 245.000000 0.426200
255.000000 255.000000 195.000000 2.702000
330.000000 104.999992 225.000000 1.853800
480.000031 180.000000 155.000000 0.202700
330.000000 480.000031 215.000015 0.125100
405.000031 330.000000 85.000000 0.478700
255.000000 480.000031 25.000000 2.266000
480.000031 480.000031 195.000000 0.167700
255.000000 180.000000 45.000000 1.206200
405.000031 480.000031 35.000000 0.809800
480.000031 30.000002 85.000000 0.801900
405.000031 330.000000 175.000000 0.708100
104.999992 30.000002 95.000000 2.494200
30.000002 255.000000 95.000000 0.844500
30.000002 405.000031 245.000000 1.388200
30.000002 255.000000 185.000000 1.975500
104.999992 330.000000 234.999985 0.771100
480.000031 330.000000 234.999985 0.630500
104.999992 180.000000 245.000000 0.214700
405.000031 180.000000 15.000001 0.314800
480.000031 255.000000 205.000000 0.545000
255.000000 104.999992 115.000000 2.368800
255.000000 405.000031 115.000000 0.194400
255.000000 180.000000 75.000000 0.639000
30.000002 180.000000 205.000000 2.106400
255.000000 30.000002 215.000015 0.233300
405.000031 104.999992 25.000000 0.152400
30.000002 480.000031 25.000000 2.992800
480.000031 180.000000 75.000000 2.100700
104.999992 104.999992 45.000000 0.182100
30.000002 104.999992 35.000000 2.088300
330.000000 104.999992 185.000000 0.703800
480.000031 480.000031 104.999992 0.239200
180.000000 30.000002 45.000000 0.246000
405.000031 480.000031 65.000000 0.597200
30.000002 405.000031 15.000001 1.850200
405.000031 104.999992 145.000000 0.540500
180.000000 405.000031 104.999992 0.205500
30.000002 330.000000 245.000000 0.955800
104.999992 30.000002 205.000000 0.984200
255.000000 30.000002 245.000000 1.067500
180.000000 180.000000 15.000001 0.732900
330.000000 255.000000 85.000000 1.116100
480.000031 104.999992 65.000000 2.099500
330.000000 405.000031 234.999985 0.213600
405.000031 330.000000 115.000000 0.459500
255.000000 480.000031 35.000000 1.970000
30.000002 480.000031 65.000000 1.603900
405.000031 405.000031 165.000000 1.575400
104.999992 405.000031 245.000000 0.632400
30.000002 104.999992 175.000000 0.119400
30.000002 104.999992 195.000000 0.435700
405.000031 480.000031 85.000000 0.213400
480.000031 180.000000 115.000000 1.127600
255.000000 30.000002 205.000000 0.244200
405.000031 330.000000 245.000000 0.286200
330.000000 330.000000 75.000000 0.525200
30.000002 480.000031 245.000000 0.626500
405.000031 405.000031 35.000000 0.658200
104.999992 30.000002 115.000000 3.912800
405.000031 255.000000 65.000000 0.786100
104.999992 104.999992 155.000000 0.661600
330.000000 330.000000 104.999992 0.213600
255.000000 480.000031 104.999992 0.097800
405.000031 30.000002 95.000000 0.287600
480.000031 480.000031 185.000000 0.068400
405.000031 30.000002 125.000000 0.282100
480.000031 255.000000 104.999992 0.568500
30.000002 104.999992 75.000000 1.248700
330.000000 104.999992 145.000000 0.903600
480.000031 255.000000 65.000000 1.061300
30.000002 180.000000 175.000000 1.589700
104.999992 255.000000 195.000000 0.262000
480.000031 255.000000 25.000000 1.129400
480.000031 405.000031 225.000000 0.642600
330.000000 480.000031 185.000000 0.106500
180.000000 255.000000 215.000015 0.664800
104.999992 330.000000 165.000000 0.925800
30.000002 104.999992 25.000000 1.668500
30.000002 180.000000 65.000000 0.514900
405.000031 255.000000 95.000000 0.497200
180.000000 104.999992 25.000000 0.698900
104.999992 104.999992 234.999985 0.512300
30.000002 255.000000 225.000000 0.408700
405.000031 180.000000 135.000000 0.851100
255.000000 255.000000 75.000000 0.872900
180.000000 104.999992 85.000000 0.683600
255.000000 330.000000 185.000000 7.874300
180.000000 480.000031 104.999992 0.199700
104.999992 180.000000 205.000000 0.526200
405.000031 104.999992 205.000000 7.141300
30.000002 330.000000 175.000000 1.004400
480.000031 180.000000 55.000000 1.695700
480.000031 480.000031 25.000000 0.937200
330.000000 330.000000 145.000000 0.385300
104.999992 255.000000 145.000000 0.799800
255.000000 255.000000 55.000000 3.228200
30.000002 180.000000 215.000015 1.214600
255.000000 30.000002 104.999992 1.950000
180.000000 30.000002 195.000000 0.862400
104.999992 180.000000 165.000000 1.245600
180.000000 104.999992 215.000015 0.329500
330.000000 30.000002 145.000000 0.520200
255.000000 330.000000 75.000000 0.704300
480.000031 104.999992 205.000000 0.704400
330.000000 104.999992 155.000000 0.877500
480.000031 330.000000 35.000000 1.034100
180.000000 180.000000 195.000000 0.156500
255.000000 30.000002 135.000000 1.494200
255.000000 480.000031 215.000015 0.190100
405.000031 180.000000 145.000000 0.415600
255.000000 104.999992 245.000000 0.714000
30.000002 180.000000 185.000000 1.894700
405.000031 330.000000 135.000000 0.875300
480.000031 104.999992 155.000000 0.426100
480.000031 330.000000 75.000000 0.226400
255.000000 180.000000 104.999992 0.977200
180.000000 180.000000 95.000000 3.017800
330.000000 255.000000 15.000001 1.362600
405.000031 30.000002 205.000000 2.180300
255.000000 255.000000 155.000000 0.408100
180.000000 30.000002 145.000000 1.862500
480.000031 480.000031 215.000015 0.829800
405.000031 104.999992 215.000015 8.244900
330.000000 255.000000 215.000015 3.995100
104.999992 330.000000 65.000000 0.207700
104.999992 255.000000 185.000000 0.296500
180.000000 405.000031 65.000000 0.405800
104.999992 180.000000 25.000000 0.649200
405.000031 255.000000 25.000000 0.460000
180.000000 180.000000 35.000000 0.618600
180.000000 480.000031 225.000000 0.410300
330.000000 180.000000 135.000000 0.480100
30.000002 180.000000 85.000000 1.048300
330.000000 180.000000 35.000000 1.059600
180.000000 180.000000 185.000000 0.187600
30.000002 180.000000 225.000000 0.601500
104.999992 405.000031 85.000000 0.149300
30.000002 30.000002 104.999992 1.705100
255.000000 255.000000 225.000000 3.755700
330.000000 104.999992 245.000000 1.845800
30.000002 180.000000 104.999992 2.766000
180.000000 30.000002 95.000000 1.678400
30.000002 30.000002 45.000000 1.478100
480.000031 255.000000 125.000000 0.526700
255.000000 104.999992 205.000000 0.182300
104.999992 255.000000 95.000000 1.863600
104.999992 480.000031 234.999985 0.515600
330.000000 180.000000 115.000000 0.572900
30.000002 30.000002 125.000000 1.965700
180.000000 180.000000 55.000000 0.293100
30.000002 180.000000 15.000001 0.462200
30.000002 104.999992 45.000000 2.393500
104.999992 330.000000 55.000000 0.407600
330.000000 180.000000 234.999985 4.584600
104.999992 180.000000 234.999985 0.278000
405.000031 405.000031 15.000001 0.763900
405.000031 480.000031 185.000000 0.065600
255.000000 30.000002 55.000000 0.869100
180.000000 480.000031 135.000000 0.375900
180.000000 480.000031 245.000000 0.392000
255.000000 180.000000 25.000000 1.213200
405.000031 405.000031 104.999992 0.285100
255.000000 330.000000 125.000000 0.161700
30.000002 405.000031 165.000000 5.217700
480.000031 405.000031 65.000000 0.173500
330.000000 255.000000 205.000000 4.743300
330.000000 330.000000 55.000000 1.202000
330.000000 30.000002 125.000000 0.855100
405.000031 330.000000 75.000000 0.552300
180.000000 330.000000 45.000000 0.651900
104.999992 255.000000 125.000000 1.304200
180.000000 104.999992 95.000000 1.863700
255.000000 255.000000 35.000000 3.924700
330.000000 255.000000 185.000000 1.599400
255.000000 180.000000 125.000000 1.023300
330.000000 180.000000 185.000000 2.077900
330.000000 480.000031 95.000000 0.289300
30.000002 330.000000 104.999992 1.404800
104.999992 30.000002 165.000000 0.865500
405.000031 104.999992 165.000000 0.675500
104.999992 405.000031 104.999992 0.272100
255.000000 480.000031 45.000000 1.451200
180.000000 405.000031 125.000000 0.149600
104.999992 480.000031 225.000000 0.612500
104.999992 480.000031 75.000000 0.911400
180.000000 405.000031 155.000000 0.519600
104.999992 104.999992 35.000000 0.261100
255.000000 104.999992 75.000000 0.423800
330.000000 104.999992 234.999985 2.657700
330.000000 330.000000 95.000000 0.339600
330.000000 255.000000 245.000000 0.893000
480.000031 480.000031 15.000001 0.644600
330.000000 330.000000 15.000001 6.030300
180.000000 405.000031 205.000000 8.359600
30.000002 104.999992 185.000000 0.199700
330.000000 330.000000 45.000000 1.265700
480.000031 330.000000 55.000000 0.650900
480.000031 180.000000 205.000000 0.999200
405.000031 104.999992 85.000000 0.829600
255.000000 330.000000 104.999992 0.261300
480.000031 30.000002 145.000000 0.181300
255.000000 405.000031 175.000000 1.813200
405.000031 104.999992 175.000000 1.427400
480.000031 480.000031 35.000000 1.542700
405.000031 30.000002 25.000000 0.098400
180.000000 104.999992 65.000000 0.275700
30.000002 180.000000 245.000000 0.292500
330.000000 330.000000 234.999985 0.297800
255.000000 330.000000 225.000000 4.616700
480.000031 180.000000 245.000000 0.754400
255.000000 30.000002 125.000000 2.257200
330.000000 104.999992 95.000000 0.207700
480.000031 30.000002 135.000000 0.204600
255.000000 255.000000 125.000000 0.376100
405.000031 30.000002 35.000000 0.096900
30.000002 30.000002 245.000000 0.527400
480.000031 104.999992 95.000000 4.586200
30.000002 104.999992 205.000000 0.589300
405.000031 255.000000 195.000000 1.238400
480.000031 255.000000 85.000000 1.023000
104.999992 405.000031 155.000000 0.833700
180.000000 405.000031 35.000000 1.953500
104.999992 405.000031 65.000000 0.302100
405.000031 180.000000 85.000000 2.797300
480.000031 104.999992 165.000000 0.259800
330.000000 330.000000 25.000000 4.090800
405.000031 180.000000 225.000000 5.408100
480.000031 104.999992 85.000000 3.827700
30.000002 405.000031 75.000000 0.578100
255.000000 330.000000 45.000000 5.483300
480.000031 30.000002 215.000015 0.689500
405.000031 255.000000 215.000015 1.009700
255.000000 180.000000 15.000001 1.368700
30.000002 30.000002 75.000000 0.551700
330.000000 330.000000 135.000000 0.227600
255.000000 405.000031 95.000000 0.203100
30.000002 405.000031 145.000000 3.405900
405.000031 330.000000 125.000000 0.557500
104.999992 30.000002 15.000001 0.059700
405.000031 480.000031 104.999992 0.168800
480.000031 480.000031 245.000000 3.175300
255.000000 480.000031 175.000000 0.451800
104.999992 330.000000 35.000000 1.043000
405.000031 30.000002 45.000000 0.124700
30.000002 405.000031 125.000000 2.499700
255.000000 104.999992 135.000000 1.649900
480.000031 104.999992 234.999985 0.924200
104.999992 330.000000 25.000000 1.085600
330.000000 255.000000 95.000000 0.550000
30.000002 255.000000 55.000000 0.877800
480.000031 405.000031 45.000000 0.397900
104.999992 480.000031 104.999992 0.358500
30.000002 255.000000 195.000000 1.362100
255.000000 405.000031 45.000000 3.349100
180.000000 480.000031 125.000000 0.327200
104.999992 255.000000 25.000000 0.601000
330.000000 180.000000 85.000000 0.851100
180.000000 30.000002 75.000000 0.677400
104.999992 330.000000 135.000000 0.475500
30.000002 104.999992 65.000000 0.937500
180.000000 330.000000 95.000000 0.086800
405.000031 104.999992 45.000000 0.367000
180.000000 30.000002 155.000000 1.808200
104.999992 480.000031 25.000000 2.767200
104.999992 480.000031 135.000000 0.232700
480.000031 30.000002 35.000000 0.073600
330.000000 255.000000 165.000000 0.369100
255.000000 180.000000 35.000000 1.295100
104.999992 480.000031 95.000000 0.435800
104.999992 480.000031 175.000000 0.657900
480.000031 330.000000 95.000000 0.271400
480.000031 104.999992 185.000000 0.309200
255.000000 405.000031 35.000000 5.918300
255.000000 104.999992 55.000000 0.464900
30.000002 405.000031 155.000000 4.200400
255.000000 30.000002 225.000000 0.419600
30.000002 255.000000 155.000000 2.036700
255.000000 480.000031 65.000000 0.516400
104.999992 255.000000 45.000000 0.709100
330.000000 30.000002 85.000000 0.642000
255.000000 480.000031 85.000000 0.152400
480.000031 180.000000 234.999985 1.266400
330.000000 180.000000 104.999992 0.548200
480.000031 104.999992 195.000000 0.496700
180.000000 255.000000 115.000000 0.707200
405.000031 405.000031 185.000000 0.280600
30.000002 104.999992 85.000000 2.298500
330.000000 255.000000 145.000000 0.210300
330.000000 104.999992 215.000015 2.121100
104.999992 255.000000 15.000001 0.557800
30.000002 330.000000 125.000000 1.274700
104.999992 255.000000 155.000000 0.658700
255.000000 330.000000 65.000000 1.438700
405.000031 255.000000 185.000000 0.540900
405.000031 180.000000 195.000000 2.534700
255.000000 480.000031 234.999985 0.195300
180.000000 180.000000 165.000000 0.591600
180.000000 480.000031 175.000000 0.397000
330.000000 104.999992 205.000000 1.128400
330.000000 30.000002 25.000000 0.623700
180.000000 104.999992 35.000000 0.502700
180.000000 480.000031 185.000000 0.396300
255.000000 330.000000 155.000000 0.677000
255.000000 330.000000 215.000015 11.096400
180.000000 330.000000 104.999992 0.126900
180.000000 330.000000 225.000000 5.308900
405.000031 405.000031 155.000000 2.607400
330.000000 255.000000 175.000000 0.742800
30.000002 255.000000 135.000000 1.067900
480.000031 480.000031 234.999985 2.321000
180.000000 180.000000 234.999985 0.398200
480.000031 104.999992 75.000000 2.898300
480.000031 104.999992 45.000000 0.546200
405.000031 405.000031 225.000000 0.317800
104.999992 405.000031 175.000000 3.870700
30.000002 480.000031 135.000000 0.540400
405.000031 405.000031 85.000000 0.437300
30.000002 330.000000 195.000000 0.491200
480.000031 30.000002 55.000000 0.299000
405.000031 255.000000 104.999992 0.424100
30.000002 255.000000 25.000000 0.472600
30.000002 104.999992 245.000000 0.483900
330.000000 255.000000 35.000000 2.287300
330.000000 180.000000 25.000000 0.887200
330.000000 30.000002 65.000000 0.482200
480.000031 30.000002 104.999992 0.585000
30.000002 405.000031 115.000000 1.588900
30.000002 255.000000 75.000000 0.600200
405.000031 255.000000 75.000000 0.903000
255.000000 180.000000 205.000000 0.455300
405.000031 405.000031 125.000000 0.543400
480.000031 405.000031 195.000000 0.071400
330.000000 405.000031 95.000000 0.271900
330.000000 180.000000 245.000000 2.278000
255.000000 180.000000 225.000000 1.338300
104.999992 104.999992 175.000000 0.510100
30.000002 330.000000 55.000000 1.029100
104.999992 180.000000 45.000000 0.478100
405.000031 330.000000 225.000000 0.282200
180.000000 255.000000 205.000000 0.881900
30.000002 405.000031 215.000015 1.294900
104.999992 30.000002 25.000000 0.069200
480.000031 405.000031 205.000000 0.109800
405.000031 30.000002 175.000000 1.042200
180.000000 330.000000 245.000000 0.551800
255.000000 180.000000 195.000000 0.297700
480.000031 480.000031 125.000000 0.201100
255.000000 255.000000 205.000000 3.796200
180.000000 104.999992 195.000000 0.266600
255.000000 30.000002 45.000000 1.060500
255.000000 480.000031 95.000000 0.125300
480.000031 405.000031 35.000000 0.466300
30.000002 180.000000 75.000000 0.701900
30.000002 104.999992 165.000000 0.097900
330.000000 480.000031 15.000001 0.686700
480.000031 180.000000 65.000000 2.217700
30.000002 405.000031 95.000000 0.926100
104.999992 330.000000 215.000015 1.191200
104.999992 405.000031 125.000000 0.439800
30.000002 30.000002 95.000000 1.186200
405.000031 405.000031 95.000000 0.296200
104.999992 405.000031 115.000000 0.373300
180.000000 480.000031 155.000000 0.317800
30.000002 480.000031 165.000000 1.287700
480.000031 330.000000 65.000000 0.380900
255.000000 480.000031 225.000000 0.196000
330.000000 180.000000 225.000000 6.500700
180.000000 330.000000 65.000000 0.202600
405.000031 104.999992 95.000000 0.597400
180.000000 30.000002 85.000000 1.498700
405.000031 330.000000 195.000000 0.366000
104.999992 480.000031 35.000000 3.531000
255.000000 405.000031 205.000000 1.007600
255.000000 480.000031 55.000000 0.660400
330.000000 330.000000 225.000000 0.407200
330.000000 405.000031 55.000000 0.682200
255.000000 30.000002 25.000000 1.205600
30.000002 180.000000 115.000000 4.568600
255.000000 30.000002 85.000000 1.113000
480.000031 30.000002 25.000000 0.081300
405.000031 180.000000 65.000000 2.461300
30.000002 330.000000 25.000000 0.846300
405.000031 480.000031 55.000000 0.650300
180.000000 180.000000 145.000000 2.543100
104.999992 180.000000 85.000000 1.218300
30.000002 330.000000 234.999985 0.885100
30.000002 30.000002 215.000015 0.896500
405.000031 405.000031 205.000000 0.124100
255.000000 330.000000 15.000001 3.206700
104.999992 104.999992 65.000000 0.262100
405.000031 30.000002 65.000000 0.188200
330.000000 330.000000 175.000000 1.201300
330.000000 104.999992 165.000000 0.812300
180.000000 405.000031 55.000000 0.859100
255.000000 30.000002 145.000000 0.692900
104.999992 480.000031 185.000000 1.166600
255.000000 104.999992 145.000000 1.266300
30.000002 480.000031 195.000000 1.553500
330.000000 30.000002 135.000000 0.575100
104.999992 330.000000 85.000000 0.229500
405.000031 330.000000 234.999985 0.323300
104.999992 405.000031 95.000000 0.249600
104.999992 255.000000 215.000015 0.290500
104.999992 330.000000 225.000000 0.849000
180.000000 255.000000 15.000001 0.669100
330.000000 330.000000 245.000000 0.179900
180.000000 330.000000 85.000000 0.098400
255.000000 330.000000 115.000000 0.197700
405.000031 255.000000 225.000000 0.578700
480.000031 30.000002 155.000000 0.274900
104.999992 180.000000 104.999992 5.896500
30.000002 480.000031 75.000000 1.166900
104.999992 180.000000 155.000000 1.411800
30.000002 330.000000 45.000000 0.944100
30.000002 255.000000 175.000000 2.353100
330.000000 405.000031 145.000000 1.211300
405.000031 255.000000 245.000000 0.302100
180.000000 405.000031 175.000000 2.799700
30.000002 405.000031 234.999985 1.247400
104.999992 180.000000 125.000000 7.288500
180.000000 180.000000 215.000015 0.250300
330.000000 405.000031 125.000000 0.179100
104.999992 255.000000 104.999992 3.112300
480.000031 180.000000 145.000000 0.222400
104.999992 330.000000 175.000000 1.561500
480.000031 255.000000 45.000000 1.230600
405.000031 30.000002 135.000000 0.196500
255.000000 255.000000 95.000000 0.485600
330.000000 480.000031 75.000000 0.426100
405.000031 480.000031 115.000000 0.228200
405.000031 104.999992 104.999992 0.619000
480.000031 180.000000 15.000001 0.670400
180.000000 255.000000 145.000000 0.500000
30.000002 480.000031 95.000000 0.677800
104.999992 330.000000 125.000000 0.470100
180.000000 330.000000 25.000000 0.772600
330.000000 330.000000 195.000000 1.403200
180.000000 104.999992 165.000000 0.661600
405.000031 480.000031 234.999985 1.130200
104.999992 405.000031 75.000000 0.214100
104.999992 30.000002 75.000000 0.622500
30.000002 30.000002 165.000000 0.416300
330.000000 104.999992 65.000000 0.301400
180.000000 104.999992 55.000000 0.280800
480.000031 30.000002 185.000000 0.400900
480.000031 405.000031 234.999985 1.425100
180.000000 255.000000 225.000000 0.684000
104.999992 30.000002 195.000000 1.248100
330.000000 180.000000 215.000015 6.972500
180.000000 405.000031 225.000000 1.932400
180.000000 480.000031 215.000015 0.467400
255.000000 30.000002 65.000000 0.905500
104.999992 104.999992 185.000000 0.637300
104.999992 330.000000 155.000000 0.786800
330.000000 30.000002 95.000000 0.684100
405.000031 180.000000 25.000000 0.415200
405.000031 104.999992 155.000000 0.646900
330.000000 30.000002 195.000000 0.289500
30.000002 30.000002 225.000000 0.793100
405.000031 405.000031 45.000000 0.767600
30.000002 104.999992 95.000000 3.164500
330.000000 330.000000 35.000000 1.852200
30.000002 255.000000 35.000000 0.616100
104.999992 480.000031 85.000000 0.543900
104.999992 255.000000 135.000000 1.190000
180.000000 104.999992 225.000000 0.369400
255.000000 180.000000 215.000015 0.670800
180.000000 405.000031 245.000000 0.415000
30.000002 405.000031 225.000000 1.452700
180.000000 405.000031 45.000000 1.520500
405.000031 405.000031 115.000000 0.353300
180.000000 30.000002 125.000000 2.072300
104.999992 255.000000 234.999985 0.434000
330.000000 480.000031 125.000000 0.293600
480.000031 180.000000 135.000000 0.316900
180.000000 30.000002 104.999992 2.340500
180.000000 30.000002 55.000000 0.341500
405.000031 330.000000 65.000000 0.711500
480.000031 255.000000 145.000000 0.218500
255.000000 405.000031 234.999985 0.175000
330.000000 180.000000 155.000000 0.803300
180.000000 104.999992 104.999992 2.898700
405.000031 405.000031 25.000000 0.858100
480.000031 180.000000 45.000000 1.189100
330.000000 30.000002 55.000000 0.452400
104.999992 104.999992 195.000000 1.021500
480.000031 480.000031 65.000000 0.550600
255.000000 480.000031 125.000000 0.202600
30.000002 330.000000 165.000000 1.649500
180.000000 180.000000 45.000000 0.367100
255.000000 255.000000 135.000000 0.426800
255.000000 255.000000 165.000000 0.641600
330.000000 405.000031 205.000000 0.318400
255.000000 405.000031 85.000000 0.271200
480.000031 330.000000 165.000000 0.559000
180.000000 480.000031 55.000000 1.246400
104.999992 405.000031 215.000015 4.044700
405.000031 180.000000 125.000000 1.038300
405.000031 30.000002 245.000000 1.135400
104.999992 30.000002 104.999992 2.957400
30.000002 30.000002 145.000000 0.798600
480.000031 405.000031 75.000000 0.107800
30.000002 480.000031 115.000000 0.571600
480.000031 405.000031 155.000000 0.983000
30.000002 180.000000 95.000000 1.419800
330.000000 104.999992 135.000000 0.639400
480.000031 405.000031 55.000000 0.243200
330.000000 330.000000 125.000000 0.131800
480.000031 30.000002 225.000000 0.816600
104.999992 255.000000 245.000000 0.352700
30.000002 255.000000 125.000000 1.141500
405.000031 104.999992 195.000000 4.413900
255.000000 180.000000 155.000000 0.863800
480.000031 104.999992 35.000000 0.294900
480.000031 480.000031 175.000000 0.048300
30.000002 255.000000 215.000015 0.639300
180.000000 180.000000 125.000000 6.821700
104.999992 330.000000 45.000000 0.745700
180.000000 104.999992 145.000000 2.858800
104.999992 255.000000 85.000000 1.023400
104.999992 104.999992 125.000000 5.250900
405.000031 405.000031 145.000000 1.873800
255.000000 255.000000 104.999992 0.427200
180.000000 330.000000 55.000000 0.313800
330.000000 480.000031 234.999985 0.446800
405.000031 180.000000 45.000000 0.883700
255.000000 255.000000 145.000000 0.366400
405.000031 180.000000 185.000000 1.176000
405.000031 104.999992 225.000000 7.878700
255.000000 30.000002 234.999985 0.643500
30.000002 30.000002 35.000000 1.483300
405.000031 480.000031 135.000000 0.374000
255.000000 330.000000 35.000000 6.776300
180.000000 480.000031 195.000000 0.477000
480.000031 255.000000 175.000000 0.303000
255.000000 104.999992 35.000000 0.795300
180.000000 405.000031 95.000000 0.184900
180.000000 255.000000 185.000000 0.432100
480.000031 330.000000 115.000000 0.530900
330.000000 180.000000 195.000000 2.837000
180.000000 180.000000 225.000000 0.434100
255.000000 405.000031 165.000000 1.633400
104.999992 255.000000 165.000000 0.684800
405.000031 180.000000 234.999985 3.632500
480.000031 330.000000 155.000000 0.828000
30.000002 480.000031 45.000000 2.619300
255.000000 405.000031 75.000000 0.380800
330.000000 255.000000 135.000000 0.252300
180.000000 330.000000 185.000000 7.456600
180.000000 330.000000 165.000000 1.279700
480.000031 480.000031 115.000000 0.276800
255.000000 104.999992 25.000000 1.123400
405.000031 104.999992 15.000001 0.232200
104.999992 330.000000 15.000001 0.900800
180.000000 255.000000 125.000000 0.725600
180.000000 180.000000 104.999992 5.742300
480.000031 180.000000 35.000000 0.944300
104.999992 180.000000 185.000000 0.779400
480.000031 255.000000 215.000015 0.426700
30.000002 30.000002 65.000000 0.550300
405.000031 30.000002 55.000000 0.146300
255.000000 104.999992 155.000000 0.822400
104.999992 180.000000 145.000000 2.031900
255.000000 180.000000 65.000000 0.805200
480.000031 104.999992 135.000000 1.216500
405.000031 255.000000 115.000000 0.465900
255.000000 30.000002 95.000000 1.858900
180.000000 180.000000 115.000000 6.834800
180.000000 480.000031 234.999985 0.415900
180.000000 255.000000 55.000000 0.531300
330.000000 405.000031 75.000000 0.544400
180.000000 405.000031 185.000000 5.238800
480.000031 330.000000 15.000001 0.748500
405.000031 330.000000 45.000000 1.225700
330.000000 30.000002 35.000000 0.611700
255.000000 104.999992 104.999992 1.365300
255.000000 104.999992 225.000000 0.327600
255.000000 104.999992 85.000000 0.505300
104.999992 104.999992 135.000000 2.208500
480.000031 30.000002 115.000000 0.345300
480.000031 480.000031 135.000000 0.212500
180.000000 405.000031 15.000001 1.473000
30.000002 180.000000 155.000000 1.251600
30.000002 255.000000 145.000000 1.122500
104.999992 104.999992 25.000000 0.239600
480.000031 405.000031 175.000000 0.319900
30.000002 30.000002 185.000000 0.533000
104.999992 405.000031 205.000000 6.379700
330.000000 405.000031 135.000000 0.465900
30.000002 30.000002 85.000000 0.774000
30.000002 405.000031 205.000000 1.819200
104.999992 405.000031 234.999985 1.431600
180.000000 330.000000 145.000000 0.181200
480.000031 405.000031 165.000000 0.490500
180.000000 30.000002 245.000000 0.480500
330.000000 104.999992 115.000000 0.278800
405.000031 405.000031 195.000000 0.117100
405.000031 30.000002 225.000000 1.669300
30.000002 330.000000 155.000000 1.330700
180.000000 255.000000 75.000000 0.503200
180.000000 405.000031 135.000000 0.152500
104.999992 30.000002 145.000000 1.360400
405.000031 255.000000 45.000000 0.463300
104.999992 255.000000 55.000000 0.683500
30.000002 104.999992 145.000000 0.499900
255.000000 405.000031 215.000015 0.672900
180.000000 255.000000 35.000000 0.948100
255.000000 330.000000 234.999985 1.228100
480.000031 330.000000 225.000000 0.299300
30.000002 255.000000 234.999985 0.227100
405.000031 30.000002 185.000000 1.337300
180.000000 30.000002 35.000000 0.153800
255.000000 405.000031 15.000001 5.965099
405.000031 480.000031 165.000000 0.136100
255.000000 480.000031 245.000000 0.152000
480.000031 255.000000 195.000000 0.535600
330.000000 180.000000 175.000000 1.252200
405.000031 255.000000 165.000000 0.162800
255.000000 405.000031 225.000000 0.378400
480.000031 104.999992 15.000001 0.272300
330.000000 30.000002 104.999992 0.950600
330.000000 480.000031 65.000000 0.601200
104.999992 330.000000 104.999992 0.402800
405.000031 180.000000 75.000000 2.834900
405.000031 104.999992 185.000000 2.141200
405.000031 104.999992 115.000000 0.760000
104.999992 180.000000 175.000000 0.844600
180.000000 255.000000 155.000000 0.361900
480.000031 405.000031 215.000015 0.261000
30.000002 255.000000 65.000000 0.639000
330.000000 480.000031 245.000000 0.475900
480.000031 330.000000 85.000000 0.273900
330.000000 30.000002 165.000000 0.428900
330.000000 405.000031 185.000000 0.694900
180.000000 405.000031 165.000000 1.111100
30.000002 330.000000 215.000015 0.746200
180.000000 480.000031 145.000000 0.381300
405.000031 330.000000 15.000001 2.938000
405.000031 330.000000 25.000000 2.103300
480.000031 330.000000 245.000000 0.923100
104.999992 104.999992 225.000000 0.697700
330.000000 255.000000 115.000000 0.405000
104.999992 480.000031 65.000000 1.377600
30.000002 104.999992 155.000000 0.209600
180.000000 330.000000 234.999985 1.661500
330.000000 104.999992 104.999992 0.245100
104.999992 180.000000 225.000000 0.342100
480.000031 330.000000 205.000000 0.151400
405.000031 405.000031 175.000000 0.688400
255.000000 255.000000 25.000000 3.074100
255.000000 255.000000 15.000001 2.203700
180.000000 405.000031 25.000000 2.155500
480.000031 405.000031 15.000001 0.310600
480.000031 180.000000 175.000000 0.203400
180.000000 30.000002 165.000000 1.320500
405.000031 330.000000 185.000000 0.424800
405.000031 30.000002 215.000015 1.968400
255.000000 330.000000 165.000000 1.467500
104.999992 180.000000 195.000000 0.552800
104.999992 480.000031 115.000000 0.352500
30.000002 255.000000 85.000000 0.650000
405.000031 180.000000 175.000000 0.442400
330.000000 30.000002 215.000015 0.235200
104.999992 405.000031 35.000000 1.975700
255.000000 255.000000 245.000000 1.029800
480.000031 104.999992 115.000000 2.501200
30.000002 405.000031 85.000000 0.681500
405.000031 104.999992 55.000000 0.506100
330.000000 405.000031 115.000000 0.144900
180.000000 480.000031 15.000001 1.517000
405.000031 255.000000 85.000000 0.448000
480.000031 330.000000 104.999992 0.429600
30.000002 330.000000 65.000000 1.121700
330.000000 255.000000 104.999992 0.597600
255.000000 330.000000 245.000000 0.444900
330.000000 104.999992 45.000000 0.442900
405.000031 480.000031 205.000000 0.117600
180.000000 104.999992 155.000000 1.065300
255.000000 30.000002 15.000001 1.260700
180.000000 480.000031 85.000000 0.284400
405.000031 104.999992 65.000000 0.545900
180.000000 104.999992 175.000000 0.504800
30.000002 405.000031 55.000000 1.070800
104.999992 405.000031 25.000000 2.052800
480.000031 180.000000 95.000000 1.761900
330.000000 405.000031 25.000000 1.971300
180.000000 330.000000 135.000000 0.117100
255.000000 405.000031 185.000000 2.073400
330.000000 180.000000 15.000001 0.872800
405.000031 405.000031 75.000000 0.502900
255.000000 30.000002 185.000000 0.261900
255.000000 405.000031 155.000000 1.336200
255.000000 480.000031 185.000000 0.364300
104.999992 104.999992 115.000000 4.657400
405.000031 480.000031 225.000000 0.476100
480.000031 30.000002 205.000000 0.514100
330.000000 480.000031 175.000000 0.197800
30.000002 180.000000 45.000000 0.863800
405.000031 480.000031 15.000001 0.513300
180.000000 30.000002 215.000015 0.697800
255.000000 330.000000 135.000000 0.182300
30.000002 180.000000 135.000000 1.885500
30.000002 30.000002 25.000000 1.236300
104.999992 480.000031 125.000000 0.277000
405.000031 180.000000 215.000015 9.588099
330.000000 405.000031 15.000001 2.584800
180.000000 104.999992 115.000000 7.761100
180.000000 104.999992 75.000000 0.312100
255.000000 180.000000 85.000000 0.616100
30.000002 255.000000 165.000000 2.502000
480.000031 405.000031 135.000000 0.702600
255.000000 180.000000 145.000000 0.932500
330.000000 405.000031 45.000000 0.896300
180.000000 255.000000 175.000000 0.461500
104.999992 104.999992 95.000000 2.828200
255.000000 255.000000 85.000000 0.566900
30.000002 30.000002 15.000001 0.592000
180.000000 30.000002 15.000001 0.269900
255.000000 255.000000 175.000000 1.097200
330.000000 405.000031 155.000000 1.832300
405.000031 255.000000 175.000000 0.256000
104.999992 255.000000 205.000000 0.302300
30.000002 480.000031 155.000000 0.806100
30.000002 104.999992 125.000000 2.704600
480.000031 104.999992 215.000015 1.389400
30.000002 180.000000 145.000000 1.207400
480.000031 180.000000 85.000000 2.084500
255.000000 330.000000 145.000000 0.311900
255.000000 180.000000 135.000000 0.851400
255.000000 480.000031 15.000001 2.082500
480.000031 480.000031 145.000000 0.147600
104.999992 405.000031 165.000000 1.434600
405.000031 255.000000 234.999985 0.404300
405.000031 104.999992 135.000000 0.695400
480.000031 104.999992 55.000000 1.060500
255.000000 330.000000 175.000000 3.206900
30.000002 180.000000 165.000000 1.298500
255.000000 330.000000 195.000000 17.632299
405.000031 480.000031 25.000000 0.715500
104.999992 30.000002 234.999985 0.631300
30.000002 104.999992 55.000000 1.194300
330.000000 104.999992 175.000000 0.519000
330.000000 330.000000 165.000000 0.776200
180.000000 180.000000 245.000000 0.312700
30.000002 405.000031 35.000000 2.995500
255.000000 104.999992 215.000015 0.215000
104.999992 30.000002 55.000000 0.205200
30.000002 480.000031 175.000000 1.535000
405.000031 480.000031 155.000000 0.230500
330.000000 30.000002 185.000000 0.244000
30.000002 180.000000 25.000000 0.663500
330.000000 405.000031 65.000000 0.615400
104.999992 405.000031 15.000001 1.431200
480.000031 330.000000 185.000000 0.166400
480.000031 180.000000 215.000015 1.384600
104.999992 330.000000 245.000000 0.619600
405.000031 180.000000 165.000000 0.341500
255.000000 30.000002 155.000000 0.345500
480.000031 30.000002 95.000000 0.876600
104.999992 180.000000 65.000000 0.438000
180.000000 180.000000 65.000000 0.317400
180.000000 104.999992 125.000000 8.253300
330.000000 405.000031 85.000000 0.290300
255.000000 180.000000 185.000000 0.385000
405.000031 255.000000 205.000000 1.276200
180.000000 255.000000 45.000000 0.869400
104.999992 30.000002 85.000000 1.232500
180.000000 180.000000 135.000000 3.491600
104.999992 30.000002 135.000000 2.232000
330.000000 480.000031 115.000000 0.261500
255.000000 30.000002 175.000000 0.232600
405.000031 330.000000 55.000000 0.734100
330.000000 330.000000 115.000000 0.190900
330.000000 180.000000 45.000000 1.075100
180.000000 405.000031 195.000000 6.069800
480.000031 180.000000 185.000000 0.456800
480.000031 30.000002 15.000001 0.071300
30.000002 330.000000 35.000000 0.795300
104.999992 30.000002 35.000000 0.100600
30.000002 330.000000 205.000000 0.657100
330.000000 180.000000 165.000000 0.958000
405.000031 30.000002 234.999985 1.581300
480.000031 405.000031 245.000000 2.514200
104.999992 480.000031 155.000000 0.433200
255.000000 405.000031 245.000000 0.112300
255.000000 330.000000 85.000000 0.588900
330.000000 180.000000 55.000000 1.036800
104.999992 480.000031 45.000000 3.178600
30.000002 330.000000 115.000000 1.582000
255.000000 405.000031 195.000000 1.534900
255.000000 180.000000 245.000000 1.526800
180.000000 180.000000 25.000000 0.837900
104.999992 330.000000 115.000000 0.451300
30.000002 405.000031 185.000000 2.500900
480.000031 330.000000 25.000000 0.980100
255.000000 255.000000 115.000000 0.361800
180.000000 180.000000 155.000000 0.994600
180.000000 104.999992 45.000000 0.355600
180.000000 480.000031 45.000000 1.390700
104.999992 104.999992 15.000001 0.286200
255.000000 104.999992 195.000000 0.159700
480.000031 30.000002 125.000000 0.192700
480.000031 255.000000 35.000000 1.238500
405.000031 180.000000 155.000000 0.304900
30.000002 104.999992 15.000001 0.851200
180.000000 255.000000 95.000000 0.538200
104.999992 104.999992 165.000000 0.744300
480.000031 405.000031 125.000000 0.472000
180.000000 180.000000 175.000000 0.341200
330.000000 180.000000 75.000000 1.313300
30.000002 30.000002 205.000000 0.985000
330.000000 30.000002 15.000001 0.900200
255.000000 405.000031 125.000000 0.214400
30.000002 405.000031 45.000000 2.069600
405.000031 405.000031 55.000000 0.783600
180.000000 255.000000 234.999985 0.487500
30.000002 255.000000 15.000001 0.221900
104.999992 480.000031 55.000000 2.173700
330.000000 30.000002 225.000000 0.312500
104.999992 480.000031 205.000000 1.244700
180.000000 480.000031 25.000000 2.410200
104.999992 330.000000 205.000000 1.689800
330.000000 405.000031 215.000015 0.263400
30.000002 255.000000 104.999992 1.009600
330.000000 30.000002 245.000000 0.497700
104.999992 330.000000 95.000000 0.271600
480.000031 104.999992 104.999992 2.842300
405.000031 405.000031 234.999985 0.907700
405.000031 405.000031 245.000000 1.381200
405.000031 104.999992 245.000000 2.494200
30.000002 405.000031 135.000000 2.374600
480.000031 180.000000 195.000000 0.774200
480.000031 255.000000 234.999985 0.432700
255.000000 330.000000 25.000000 4.379800
405.000031 330.000000 145.000000 1.039400
330.000000 104.999992 125.000000 0.394000
480.000031 330.000000 145.000000 1.034600
330.000000 104.999992 15.000001 0.555800
330.000000 180.000000 205.000000 4.948700
480.000031 104.999992 25.000000 0.222700
255.000000 480.000031 135.000000 0.325100
104.999992 330.000000 145.000000 0.483000
480.000031 480.000031 55.000000 0.819300
330.000000 30.000002 234.999985 0.430600
255.000000 405.000031 55.000000 1.442500
255.000000 104.999992 234.999985 0.469700
405.000031 30.000002 15.000001 0.120400
330.000000 30.000002 175.000000 0.307500
180.000000 255.000000 104.999992 0.619200
104.999992 480.000031 215.000015 0.841100
104.999992 480.000031 165.000000 0.814200
480.000031 480.000031 75.000000 0.380300
330.000000 480.000031 165.000000 0.292100
30.000002 30.000002 135.000000 1.308700
104.999992 180.000000 95.000000 2.646700
330.000000 480.000031 135.000000 0.374300
405.000031 255.000000 125.000000 0.325900
330.000000 30.000002 205.000000 0.278900
104.999992 405.000031 195.000000 6.750400
330.000000 405.000031 104.999992 0.189500
330.000000 330.000000 155.000000 0.410600
104.999992 30.000002 65.000000 0.244800
104.999992 30.000002 45.000000 0.120400
104.999992 255.000000 35.000000 0.873300
104.999992 480.000031 245.000000 0.532300
405.000031 330.000000 95.000000 0.397100
480.000031 480.000031 155.000000 0.095100
255.000000 480.000031 205.000000 0.247700
480.000031 180.000000 225.000000 1.735900
480.000031 30.000002 45.000000 0.153700
180.000000 480.000031 165.000000 0.395600
30.000002 104.999992 225.000000 0.747900
330.000000 480.000031 205.000000 0.088000
180.000000 330.000000 75.000000 0.119700
480.000031 180.000000 165.000000 0.218000
330.000000 480.000031 195.000000 0.085500
405.000031 255.000000 135.000000 0.241700
480.000031 330.000000 125.000000 0.681900
330.000000 480.000031 225.000000 0.198300
