pygeostat_saved_data
4
X
Y
Z
value
104.999992 30.000002 225.000000 1.015500
330.000000 405.000031 85.000000 0.227000
405.000031 255.000000 234.999985 0.329700
180.000000 180.000000 65.000000 0.251100
180.000000 405.000031 245.000000 0.339600
104.999992 330.000000 175.000000 1.509500
405.000031 330.000000 155.000000 0.657800
405.000031 255.000000 115.000000 0.386800
104.999992 104.999992 65.000000 0.202400
405.000031 405.000031 55.000000 0.694600
330.000000 30.000002 234.999985 0.353900
104.999992 405.000031 125.000000 0.362500
30.000002 330.000000 125.000000 1.201200
255.000000 30.000002 175.000000 0.177000
255.000000 255.000000 65.000000 1.726900
405.000031 330.000000 65.000000 0.623000
30.000002 180.000000 205.000000 2.114400
255.000000 405.000031 135.000000 0.262200
104.999992 480.000031 85.000000 0.460500
180.000000 30.000002 85.000000 1.441300
255.000000 405.000031 75.000000 0.308200
480.000031 255.000000 104.999992 0.484000
330.000000 104.999992 175.000000 0.436800
405.000031 30.000002 185.000000 1.267800
480.000031 405.000031 75.000000 0.074500
104.999992 255.000000 35.000000 0.784700
180.000000 405.000031 25.000000 2.170000
405.000031 255.000000 35.000000 0.393300
255.000000 30.000002 215.000015 0.177500
330.000000 330.000000 35.000000 1.829400
330.000000 255.000000 145.000000 0.158000
180.000000 104.999992 35.000000 0.421300
255.000000 180.000000 215.000015 0.583100
104.999992 30.000002 155.000000 1.022500
255.000000 330.000000 175.000000 3.393900
255.000000 180.000000 15.000001 1.301400
30.000002 330.000000 25.000000 0.757500
405.000031 405.000031 75.000000 0.421600
30.000002 104.999992 195.000000 0.358700
104.999992 180.000000 145.000000 2.030400
480.000031 104.999992 205.000000 0.616000
30.000002 330.000000 145.000000 1.253800
330.000000 480.000031 185.000000 0.073500
30.000002 30.000002 225.000000 0.704000
255.000000 104.999992 55.000000 0.385900
405.000031 405.000031 135.000000 1.170100
480.000031 30.000002 145.000000 0.133700
480.000031 30.000002 25.000000 0.054200
405.000031 104.999992 15.000001 0.176600
104.999992 30.000002 215.000015 1.006600
330.000000 30.000002 55.000000 0.374200
405.000031 330.000000 234.999985 0.256400
255.000000 405.000031 234.999985 0.128500
480.000031 180.000000 215.000015 1.318400
30.000002 480.000031 165.000000 1.214900
180.000000 405.000031 185.000000 5.897600
255.000000 180.000000 155.000000 0.775000
30.000002 180.000000 45.000000 0.775100
330.000000 180.000000 35.000000 0.975500
104.999992 104.999992 205.000000 1.100100
104.999992 330.000000 115.000000 0.373200
405.000031 405.000031 25.000000 0.769300
405.000031 330.000000 225.000000 0.220000
405.000031 480.000031 85.000000 0.160500
480.000031 405.000031 135.000000 0.614300
405.000031 330.000000 145.000000 0.954700
104.999992 330.000000 225.000000 0.760100
480.000031 480.000031 175.000000 0.030100
405.000031 255.000000 185.000000 0.457600
405.000031 255.000000 15.000001 0.479500
30.000002 480.000031 225.000000 0.445400
30.000002 30.000002 205.000000 0.898600
104.999992 180.000000 155.000000 1.347600
180.000000 330.000000 175.000000 2.722900
104.999992 405.000031 115.000000 0.301400
405.000031 30.000002 205.000000 2.198100
405.000031 104.999992 135.000000 0.607200
30.000002 255.000000 245.000000 0.159400
405.000031 255.000000 75.000000 0.814800
405.000031 180.000000 195.000000 2.604300
30.000002 30.000002 65.000000 0.466600
30.000002 30.000002 234.999985 0.596500
255.000000 255.000000 195.000000 2.798600
30.000002 104.999992 65.000000 0.849900
180.000000 104.999992 215.000015 0.261900
30.000002 30.000002 125.000000 1.956100
104.999992 330.000000 185.000000 2.247900
480.000031 480.000031 85.000000 0.221700
104.999992 480.000031 175.000000 0.570500
480.000031 405.000031 85.000000 0.087000
255.000000 104.999992 115.000000 2.413200
480.000031 255.000000 234.999985 0.355900
330.000000 330.000000 195.000000 1.338400
405.000031 405.000031 205.000000 0.087200
104.999992 480.000031 95.000000 0.358700
255.000000 405.000031 45.000000 3.563800
255.000000 480.000031 45.000000 1.390000
330.000000 480.000031 225.000000 0.147800
30.000002 330.000000 135.000000 1.014400
30.000002 255.000000 85.000000 0.562700
480.000031 330.000000 205.000000 0.109100
255.000000 330.000000 245.000000 0.367200
180.000000 480.000031 135.000000 0.303700
330.000000 30.000002 135.000000 0.490200
180.000000 30.000002 175.000000 0.733500
104.999992 330.000000 45.000000 0.656800
480.000031 480.000031 215.000015 0.740800
104.999992 480.000031 195.000000 1.019600
104.999992 405.000031 145.000000 0.628400
30.000002 30.000002 55.000000 0.875500
330.000000 255.000000 234.999985 1.426600
30.000002 405.000031 135.000000 2.419900
180.000000 180.000000 145.000000 2.614100
405.000031 405.000031 65.000000 0.513400
255.000000 104.999992 155.000000 0.733400
330.000000 330.000000 95.000000 0.270900
30.000002 255.000000 234.999985 0.172300
405.000031 330.000000 245.000000 0.223500
255.000000 330.000000 185.000000 9.330900
255.000000 405.000031 155.000000 1.266600
255.000000 255.000000 25.000000 3.236100
30.000002 104.999992 165.000000 0.066800
480.000031 405.000031 104.999992 0.120900
30.000002 405.000031 95.000000 0.838300
405.000031 330.000000 104.999992 0.312600
30.000002 255.000000 185.000000 1.967100
255.000000 405.000031 104.999992 0.178800
405.000031 330.000000 25.000000 2.110900
480.000031 480.000031 234.999985 2.358400
405.000031 30.000002 215.000015 1.959100
405.000031 330.000000 35.000000 1.200000
104.999992 330.000000 155.000000 0.697700
30.000002 30.000002 25.000000 1.160500
405.000031 405.000031 165.000000 1.524700
255.000000 180.000000 234.999985 2.220300
180.000000 255.000000 225.000000 0.596000
330.000000 180.000000 185.000000 2.082300
330.000000 405.000031 185.000000 0.606700
255.000000 30.000002 205.000000 0.186900
405.000031 480.000031 15.000001 0.431300
30.000002 30.000002 145.000000 0.709500
30.000002 405.000031 145.000000 3.632000
405.000031 480.000031 35.000000 0.720700
480.000031 30.000002 155.000000 0.213600
330.000000 255.000000 104.999992 0.512000
330.000000 330.000000 15.000001 6.909900
30.000002 104.999992 245.000000 0.403700
30.000002 330.000000 55.000000 0.944000
405.000031 405.000031 234.999985 0.819600
255.000000 104.999992 25.000000 1.041900
180.000000 480.000031 45.000000 1.324900
104.999992 180.000000 104.999992 6.737600
30.000002 30.000002 245.000000 0.444700
255.000000 405.000031 145.000000 0.741800
330.000000 104.999992 155.000000 0.788900
180.000000 405.000031 165.000000 1.029100
104.999992 30.000002 55.000000 0.153600
30.000002 255.000000 145.000000 1.041000
405.000031 480.000031 165.000000 0.096800
330.000000 104.999992 85.000000 0.158600
180.000000 255.000000 55.000000 0.448500
405.000031 180.000000 55.000000 1.524400
330.000000 30.000002 225.000000 0.246700
405.000031 330.000000 215.000015 0.242600
30.000002 180.000000 225.000000 0.515700
30.000002 180.000000 165.000000 1.226500
255.000000 405.000031 55.000000 1.380700
330.000000 405.000031 125.000000 0.131800
255.000000 104.999992 135.000000 1.606100
180.000000 405.000031 225.000000 1.918900
180.000000 405.000031 75.000000 0.204100
405.000031 330.000000 45.000000 1.149400
30.000002 405.000031 35.000000 3.143100
180.000000 330.000000 195.000000 17.678499
480.000031 104.999992 185.000000 0.243800
480.000031 104.999992 115.000000 2.565600
30.000002 180.000000 185.000000 1.876700
405.000031 255.000000 125.000000 0.258700
330.000000 104.999992 65.000000 0.236900
104.999992 480.000031 25.000000 2.874800
255.000000 255.000000 55.000000 3.419300
480.000031 405.000031 234.999985 1.361900
405.000031 480.000031 145.000000 0.255700
180.000000 180.000000 225.000000 0.357200
30.000002 480.000031 135.000000 0.457100
255.000000 30.000002 85.000000 1.031100
330.000000 30.000002 195.000000 0.226400
405.000031 30.000002 75.000000 0.144500
180.000000 330.000000 205.000000 18.435101
330.000000 104.999992 95.000000 0.155700
405.000031 104.999992 185.000000 2.153800
405.000031 180.000000 85.000000 2.910000
480.000031 255.000000 195.000000 0.452600
480.000031 405.000031 185.000000 0.077700
180.000000 255.000000 215.000015 0.577200
480.000031 405.000031 125.000000 0.392500
330.000000 480.000031 95.000000 0.226200
255.000000 405.000031 205.000000 0.921800
180.000000 104.999992 25.000000 0.610600
330.000000 180.000000 25.000000 0.798800
255.000000 405.000031 35.000000 6.765600
30.000002 405.000031 85.000000 0.593500
480.000031 405.000031 205.000000 0.076000
180.000000 330.000000 155.000000 0.288600
255.000000 30.000002 104.999992 1.938500
255.000000 104.999992 175.000000 0.150900
405.000031 104.999992 85.000000 0.740600
405.000031 330.000000 115.000000 0.380900
30.000002 330.000000 205.000000 0.569700
104.999992 180.000000 205.000000 0.443600
180.000000 104.999992 15.000001 1.024100
180.000000 104.999992 145.000000 2.982100
30.000002 30.000002 95.000000 1.107700
30.000002 104.999992 25.000000 1.626400
405.000031 180.000000 25.000000 0.339800
330.000000 30.000002 95.000000 0.596100
30.000002 180.000000 65.000000 0.432900
405.000031 30.000002 234.999985 1.531100
104.999992 405.000031 155.000000 0.744700
255.000000 480.000031 215.000015 0.141000
405.000031 405.000031 185.000000 0.218500
255.000000 180.000000 145.000000 0.844800
330.000000 104.999992 135.000000 0.552400
255.000000 480.000031 104.999992 0.066700
30.000002 30.000002 215.000015 0.808200
180.000000 180.000000 185.000000 0.138900
30.000002 405.000031 245.000000 1.322300
104.999992 405.000031 65.000000 0.237500
255.000000 405.000031 195.000000 1.480600
330.000000 104.999992 205.000000 1.047100
330.000000 30.000002 155.000000 0.467500
480.000031 405.000031 15.000001 0.245000
330.000000 480.000031 55.000000 0.631500
180.000000 480.000031 195.000000 0.397200
480.000031 330.000000 125.000000 0.593900
330.000000 255.000000 245.000000 0.804700
405.000031 30.000002 45.000000 0.087700
30.000002 30.000002 115.000000 1.763100
330.000000 405.000031 135.000000 0.386800
480.000031 255.000000 165.000000 0.172000
180.000000 104.999992 175.000000 0.423300
405.000031 104.999992 155.000000 0.559700
30.000002 104.999992 45.000000 2.441600
255.000000 405.000031 15.000001 6.825800
480.000031 405.000031 115.000000 0.229800
480.000031 30.000002 135.000000 0.153200
405.000031 180.000000 65.000000 2.519600
104.999992 104.999992 225.000000 0.609500
330.000000 180.000000 95.000000 0.535400
480.000031 255.000000 205.000000 0.461500
405.000031 30.000002 225.000000 1.627300
255.000000 255.000000 35.000000 4.260500
480.000031 104.999992 15.000001 0.211300
405.000031 30.000002 175.000000 0.957600
30.000002 405.000031 55.000000 0.987200
480.000031 180.000000 155.000000 0.151600
255.000000 180.000000 135.000000 0.762600
480.000031 480.000031 75.000000 0.307800
330.000000 104.999992 145.000000 0.815400
104.999992 180.000000 115.000000 11.900901
104.999992 30.000002 25.000000 0.045200
30.000002 330.000000 35.000000 0.706300
104.999992 255.000000 75.000000 0.719900
330.000000 255.000000 215.000015 4.346700
104.999992 330.000000 145.000000 0.402800
104.999992 104.999992 45.000000 0.134300
30.000002 330.000000 155.000000 1.260800
180.000000 104.999992 155.000000 0.981400
405.000031 30.000002 195.000000 1.719700
480.000031 104.999992 45.000000 0.462700
180.000000 480.000031 25.000000 2.460700
330.000000 330.000000 135.000000 0.172600
104.999992 255.000000 234.999985 0.357100
104.999992 255.000000 185.000000 0.232600
405.000031 255.000000 85.000000 0.370100
480.000031 480.000031 65.000000 0.466800
480.000031 180.000000 95.000000 1.729300
330.000000 330.000000 205.000000 1.306500
180.000000 405.000031 155.000000 0.437400
330.000000 330.000000 234.999985 0.233700
255.000000 104.999992 195.000000 0.115800
480.000031 30.000002 245.000000 0.349900
180.000000 405.000031 234.999985 0.854200
255.000000 104.999992 185.000000 0.103500
255.000000 330.000000 205.000000 17.634600
30.000002 30.000002 195.000000 0.769800
405.000031 255.000000 205.000000 1.202800
405.000031 480.000031 225.000000 0.396300
180.000000 405.000031 35.000000 1.942500
405.000031 104.999992 25.000000 0.110000
255.000000 480.000031 225.000000 0.146000
330.000000 255.000000 95.000000 0.466200
480.000031 480.000031 45.000000 1.116400
104.999992 104.999992 95.000000 2.946200
30.000002 405.000031 45.000000 2.072900
104.999992 480.000031 145.000000 0.179400
180.000000 330.000000 215.000015 9.902300
330.000000 330.000000 115.000000 0.141600
480.000031 180.000000 104.999992 1.169100
405.000031 104.999992 145.000000 0.457200
255.000000 330.000000 125.000000 0.117500
255.000000 180.000000 225.000000 1.268900
480.000031 330.000000 165.000000 0.474900
180.000000 180.000000 45.000000 0.295800
330.000000 30.000002 185.000000 0.186700
30.000002 480.000031 125.000000 0.446700
255.000000 104.999992 145.000000 1.192200
180.000000 330.000000 245.000000 0.467900
330.000000 255.000000 195.000000 3.490100
30.000002 480.000031 155.000000 0.717100
180.000000 255.000000 185.000000 0.355400
330.000000 104.999992 15.000001 0.471800
480.000031 330.000000 225.000000 0.235000
330.000000 255.000000 165.000000 0.297600
405.000031 480.000031 65.000000 0.511600
480.000031 255.000000 55.000000 0.776800
330.000000 480.000031 215.000015 0.088000
330.000000 330.000000 65.000000 0.678300
330.000000 330.000000 245.000000 0.132500
330.000000 30.000002 65.000000 0.402100
330.000000 104.999992 55.000000 0.272700
104.999992 480.000031 104.999992 0.288000
405.000031 30.000002 15.000001 0.084300
180.000000 480.000031 15.000001 1.461200
480.000031 330.000000 55.000000 0.563600
30.000002 255.000000 75.000000 0.514500
180.000000 180.000000 205.000000 0.129200
180.000000 255.000000 135.000000 0.520200
330.000000 330.000000 185.000000 1.289300
330.000000 480.000031 45.000000 0.587700
104.999992 405.000031 135.000000 0.547700
255.000000 480.000031 185.000000 0.293200
330.000000 180.000000 205.000000 5.531200
255.000000 104.999992 95.000000 0.776900
480.000031 104.999992 65.000000 2.106700
330.000000 180.000000 135.000000 0.400100
255.000000 330.000000 115.000000 0.147300
480.000031 330.000000 175.000000 0.208800
255.000000 30.000002 95.000000 1.836900
480.000031 30.000002 85.000000 0.712900
405.000031 104.999992 175.000000 1.364300
480.000031 255.000000 245.000000 0.405100
104.999992 255.000000 115.000000 2.484400
480.000031 405.000031 65.000000 0.127200
480.000031 255.000000 145.000000 0.165000
255.000000 330.000000 225.000000 5.115300
255.000000 30.000002 145.000000 0.604700
104.999992 104.999992 125.000000 5.912899
330.000000 180.000000 45.000000 0.991700
405.000031 330.000000 195.000000 0.294800
480.000031 104.999992 234.999985 0.836400
480.000031 30.000002 115.000000 0.276100
330.000000 104.999992 104.999992 0.187700
104.999992 330.000000 135.000000 0.395800
405.000031 480.000031 175.000000 0.060300
30.000002 255.000000 45.000000 0.563000
30.000002 180.000000 104.999992 2.873400
104.999992 104.999992 135.000000 2.230200
480.000031 330.000000 35.000000 0.949100
180.000000 104.999992 234.999985 0.253800
480.000031 180.000000 175.000000 0.152100
330.000000 405.000031 145.000000 1.134200
180.000000 330.000000 145.000000 0.133600
104.999992 30.000002 95.000000 2.557500
405.000031 104.999992 55.000000 0.424600
330.000000 405.000031 45.000000 0.808000
480.000031 255.000000 135.000000 0.231500
104.999992 180.000000 175.000000 0.755700
480.000031 330.000000 65.000000 0.308300
330.000000 405.000031 35.000000 1.219400
405.000031 180.000000 45.000000 0.795200
480.000031 30.000002 55.000000 0.234700
255.000000 480.000031 205.000000 0.189900
104.999992 255.000000 135.000000 1.111800
30.000002 405.000031 15.000001 1.827200
180.000000 330.000000 225.000000 5.986600
405.000031 480.000031 95.000000 0.133600
480.000031 180.000000 125.000000 0.413100
330.000000 405.000031 55.000000 0.594200
30.000002 104.999992 85.000000 2.332800
104.999992 30.000002 234.999985 0.544600
405.000031 255.000000 104.999992 0.348000
180.000000 405.000031 115.000000 0.139800
405.000031 480.000031 55.000000 0.563000
180.000000 330.000000 35.000000 0.964200
30.000002 30.000002 165.000000 0.340800
255.000000 330.000000 195.000000 23.125000
480.000031 480.000031 205.000000 0.289200
480.000031 480.000031 125.000000 0.150200
104.999992 30.000002 65.000000 0.187400
30.000002 30.000002 104.999992 1.666700
104.999992 405.000031 15.000001 1.368400
30.000002 255.000000 35.000000 0.529900
405.000031 255.000000 65.000000 0.697000
255.000000 180.000000 85.000000 0.529800
330.000000 330.000000 145.000000 0.312300
480.000031 480.000031 104.999992 0.182600
480.000031 104.999992 215.000015 1.323600
180.000000 30.000002 234.999985 0.438900
104.999992 255.000000 45.000000 0.620600
180.000000 30.000002 115.000000 3.171200
480.000031 104.999992 95.000000 5.077200
104.999992 255.000000 195.000000 0.202300
30.000002 180.000000 115.000000 5.055300
180.000000 255.000000 85.000000 0.385200
330.000000 480.000031 195.000000 0.057300
255.000000 104.999992 75.000000 0.347700
255.000000 480.000031 55.000000 0.572900
330.000000 480.000031 25.000000 0.746300
330.000000 480.000031 145.000000 0.296600
180.000000 180.000000 175.000000 0.272400
405.000031 405.000031 215.000015 0.168900
330.000000 180.000000 234.999985 5.075300
330.000000 330.000000 104.999992 0.160700
330.000000 180.000000 225.000000 7.519700
30.000002 180.000000 175.000000 1.540300
180.000000 255.000000 115.000000 0.618800
480.000031 180.000000 25.000000 0.531900
480.000031 30.000002 95.000000 0.788000
255.000000 180.000000 115.000000 1.050500
30.000002 480.000031 85.000000 0.708400
104.999992 30.000002 45.000000 0.084300
255.000000 180.000000 185.000000 0.312100
405.000031 180.000000 115.000000 1.408500
405.000031 30.000002 25.000000 0.067200
30.000002 104.999992 225.000000 0.659100
330.000000 405.000031 95.000000 0.210900
480.000031 30.000002 104.999992 0.499800
330.000000 104.999992 75.000000 0.157300
104.999992 30.000002 15.000001 0.038300
255.000000 30.000002 55.000000 0.780500
480.000031 104.999992 55.000000 0.976400
405.000031 255.000000 165.000000 0.118400
180.000000 30.000002 225.000000 0.668900
255.000000 255.000000 225.000000 4.054600
405.000031 405.000031 95.000000 0.232300
480.000031 30.000002 215.000015 0.601400
255.000000 405.000031 165.000000 1.587900
480.000031 405.000031 195.000000 0.046800
104.999992 255.000000 25.000000 0.515300
480.000031 180.000000 55.000000 1.656300
255.000000 405.000031 225.000000 0.306100
180.000000 330.000000 185.000000 8.775600
480.000031 255.000000 75.000000 1.160800
330.000000 180.000000 65.000000 1.458900
104.999992 405.000031 245.000000 0.545600
255.000000 30.000002 15.000001 1.186300
180.000000 480.000031 95.000000 0.169800
30.000002 180.000000 15.000001 0.383400
330.000000 480.000031 15.000001 0.598600
330.000000 30.000002 104.999992 0.863300
480.000031 480.000031 15.000001 0.557400
104.999992 405.000031 195.000000 7.845700
405.000031 480.000031 205.000000 0.082100
480.000031 330.000000 234.999985 0.543800
255.000000 330.000000 35.000000 7.879600
330.000000 30.000002 85.000000 0.554900
405.000031 180.000000 234.999985 3.905200
405.000031 405.000031 245.000000 1.314700
180.000000 180.000000 75.000000 0.474900
180.000000 480.000031 165.000000 0.321800
104.999992 255.000000 175.000000 0.307300
255.000000 255.000000 15.000001 2.224700
480.000031 255.000000 65.000000 0.977200
255.000000 180.000000 35.000000 1.222800
180.000000 255.000000 95.000000 0.455000
255.000000 180.000000 65.000000 0.716200
480.000031 255.000000 25.000000 1.048200
405.000031 405.000031 15.000001 0.674900
480.000031 180.000000 35.000000 0.856900
405.000031 104.999992 225.000000 9.336800
480.000031 104.999992 135.000000 1.139600
180.000000 480.000031 175.000000 0.323000
180.000000 480.000031 55.000000 1.171200
405.000031 255.000000 135.000000 0.184800
330.000000 480.000031 125.000000 0.230000
480.000031 255.000000 225.000000 0.360000
180.000000 480.000031 245.000000 0.318400
255.000000 330.000000 155.000000 0.589100
30.000002 180.000000 195.000000 2.031500
104.999992 405.000031 25.000000 2.054000
255.000000 480.000031 85.000000 0.109900
180.000000 330.000000 15.000001 0.722700
255.000000 255.000000 145.000000 0.295100
180.000000 104.999992 125.000000 9.838200
330.000000 104.999992 225.000000 1.831200
104.999992 255.000000 155.000000 0.571200
104.999992 180.000000 135.000000 4.619900
255.000000 255.000000 135.000000 0.350500
480.000031 180.000000 205.000000 0.913200
255.000000 330.000000 165.000000 1.407500
180.000000 104.999992 185.000000 0.298700
180.000000 480.000031 205.000000 0.447200
30.000002 255.000000 135.000000 0.984100
330.000000 480.000031 75.000000 0.349800
104.999992 180.000000 185.000000 0.690300
104.999992 30.000002 125.000000 3.157200
104.999992 180.000000 15.000001 0.737600
255.000000 255.000000 234.999985 2.385300
405.000031 30.000002 165.000000 0.628100
180.000000 405.000031 145.000000 0.205800
180.000000 30.000002 245.000000 0.400500
30.000002 480.000031 215.000015 0.729700
104.999992 255.000000 125.000000 1.232500
330.000000 30.000002 205.000000 0.217100
30.000002 255.000000 25.000000 0.393100
30.000002 480.000031 115.000000 0.486900
480.000031 405.000031 55.000000 0.186100
30.000002 405.000031 165.000000 5.870900
180.000000 405.000031 85.000000 0.143100
405.000031 255.000000 25.000000 0.381300
480.000031 480.000031 155.000000 0.064700
480.000031 30.000002 195.000000 0.359000
104.999992 480.000031 115.000000 0.282600
330.000000 104.999992 185.000000 0.615500
180.000000 480.000031 75.000000 0.403500
330.000000 30.000002 35.000000 0.525500
30.000002 255.000000 225.000000 0.333800
180.000000 104.999992 195.000000 0.206300
480.000031 180.000000 145.000000 0.168200
330.000000 104.999992 195.000000 0.969200
180.000000 330.000000 65.000000 0.151500
255.000000 405.000031 85.000000 0.210300
180.000000 104.999992 205.000000 0.278400
480.000031 30.000002 165.000000 0.396100
330.000000 255.000000 205.000000 5.273500
180.000000 30.000002 35.000000 0.111100
30.000002 104.999992 15.000001 0.762300
104.999992 30.000002 85.000000 1.156500
104.999992 330.000000 234.999985 0.682100
30.000002 255.000000 15.000001 0.167800
330.000000 405.000031 155.000000 1.807300
104.999992 255.000000 145.000000 0.710700
405.000031 30.000002 65.000000 0.139400
30.000002 180.000000 25.000000 0.575900
104.999992 405.000031 75.000000 0.161200
480.000031 255.000000 45.000000 1.154500
180.000000 30.000002 95.000000 1.637400
30.000002 30.000002 15.000001 0.506500
405.000031 104.999992 45.000000 0.295700
180.000000 255.000000 125.000000 0.637000
405.000031 30.000002 95.000000 0.224700
104.999992 180.000000 85.000000 1.141500
480.000031 330.000000 75.000000 0.171700
330.000000 480.000031 245.000000 0.396200
255.000000 330.000000 234.999985 1.151900
255.000000 104.999992 205.000000 0.134500
330.000000 330.000000 85.000000 0.321600
480.000031 30.000002 65.000000 0.433500
255.000000 330.000000 135.000000 0.134500
104.999992 480.000031 215.000015 0.752200
255.000000 255.000000 215.000015 3.767900
30.000002 330.000000 104.999992 1.340100
480.000031 330.000000 215.000015 0.141300
255.000000 405.000031 125.000000 0.161400
30.000002 405.000031 115.000000 1.539300
405.000031 330.000000 95.000000 0.323200
104.999992 405.000031 185.000000 7.565801
330.000000 104.999992 45.000000 0.365300
330.000000 180.000000 55.000000 0.951900
180.000000 405.000031 104.999992 0.153900
104.999992 180.000000 225.000000 0.273200
480.000031 405.000031 45.000000 0.323800
405.000031 255.000000 195.000000 1.162800
30.000002 30.000002 75.000000 0.467800
180.000000 30.000002 45.000000 0.188400
30.000002 480.000031 25.000000 3.140000
180.000000 255.000000 195.000000 0.511500
330.000000 180.000000 195.000000 2.956500
104.999992 480.000031 55.000000 2.190600
480.000031 104.999992 145.000000 0.664000
330.000000 405.000031 75.000000 0.460900
255.000000 255.000000 205.000000 4.103800
180.000000 255.000000 205.000000 0.793400
405.000031 405.000031 175.000000 0.600300
104.999992 255.000000 165.000000 0.596800
104.999992 30.000002 35.000000 0.068900
30.000002 104.999992 234.999985 0.551000
405.000031 180.000000 95.000000 2.071500
30.000002 405.000031 155.000000 4.599000
255.000000 405.000031 65.000000 0.665500
104.999992 330.000000 65.000000 0.155700
30.000002 180.000000 95.000000 1.356200
30.000002 180.000000 145.000000 1.130000
30.000002 330.000000 65.000000 1.040100
104.999992 480.000031 75.000000 0.823400
104.999992 480.000031 35.000000 3.782500
405.000031 180.000000 205.000000 7.931700
330.000000 480.000031 155.000000 0.383500
330.000000 180.000000 145.000000 0.636200
180.000000 330.000000 135.000000 0.081700
104.999992 104.999992 165.000000 0.655500
104.999992 180.000000 75.000000 0.669200
30.000002 255.000000 95.000000 0.755600
30.000002 330.000000 115.000000 1.531900
104.999992 30.000002 165.000000 0.776800
104.999992 180.000000 55.000000 0.399000
480.000031 255.000000 115.000000 0.699400
180.000000 255.000000 145.000000 0.418800
330.000000 180.000000 165.000000 0.870900
480.000031 255.000000 215.000015 0.350400
180.000000 405.000031 45.000000 1.465000
255.000000 255.000000 125.000000 0.303900
30.000002 104.999992 215.000015 0.702400
480.000031 405.000031 165.000000 0.409900
405.000031 405.000031 35.000000 0.570700
330.000000 330.000000 165.000000 0.687200
405.000031 405.000031 115.000000 0.283300
180.000000 104.999992 165.000000 0.574000
405.000031 30.000002 245.000000 1.054400
30.000002 405.000031 234.999985 1.172300
30.000002 405.000031 215.000015 1.222700
405.000031 180.000000 104.999992 1.746500
330.000000 405.000031 104.999992 0.140500
180.000000 30.000002 125.000000 2.075900
255.000000 255.000000 245.000000 0.944700
255.000000 30.000002 25.000000 1.128100
255.000000 405.000031 95.000000 0.151900
330.000000 255.000000 75.000000 1.051300
405.000031 104.999992 104.999992 0.532600
480.000031 330.000000 155.000000 0.739000
405.000031 180.000000 245.000000 2.503000
405.000031 480.000031 115.000000 0.173200
180.000000 480.000031 234.999985 0.340300
255.000000 480.000031 75.000000 0.216600
30.000002 480.000031 234.999985 0.373800
405.000031 330.000000 135.000000 0.786700
30.000002 255.000000 104.999992 0.923900
405.000031 480.000031 75.000000 0.280200
180.000000 30.000002 75.000000 0.589600
30.000002 330.000000 95.000000 1.204900
480.000031 30.000002 234.999985 0.726500
480.000031 104.999992 104.999992 2.962700
104.999992 180.000000 165.000000 1.170400
104.999992 180.000000 45.000000 0.398200
30.000002 255.000000 65.000000 0.552100
180.000000 255.000000 65.000000 0.469800
330.000000 30.000002 215.000015 0.179200
30.000002 480.000031 175.000000 1.480700
180.000000 405.000031 215.000015 6.501300
480.000031 180.000000 65.000000 2.240700
180.000000 330.000000 125.000000 0.089700
104.999992 30.000002 175.000000 0.693900
104.999992 330.000000 25.000000 1.002500
405.000031 255.000000 245.000000 0.237500
30.000002 180.000000 55.000000 0.764700
180.000000 30.000002 25.000000 0.132800
330.000000 255.000000 35.000000 2.320000
104.999992 30.000002 195.000000 1.173000
330.000000 30.000002 115.000000 0.801200
180.000000 30.000002 185.000000 0.680500
30.000002 255.000000 205.000000 1.067900
30.000002 480.000031 35.000000 3.828300
255.000000 405.000031 115.000000 0.144600
255.000000 330.000000 215.000015 13.729100
180.000000 30.000002 135.000000 2.272000
180.000000 480.000031 145.000000 0.308700
180.000000 405.000031 205.000000 9.980800
30.000002 255.000000 55.000000 0.789200
30.000002 180.000000 155.000000 1.176700
480.000031 255.000000 85.000000 0.937700
330.000000 30.000002 15.000001 0.812000
180.000000 180.000000 55.000000 0.229600
330.000000 330.000000 125.000000 0.093300
255.000000 30.000002 245.000000 0.983800
180.000000 104.999992 245.000000 0.346800
330.000000 405.000031 225.000000 0.167700
104.999992 104.999992 104.999992 6.298500
405.000031 405.000031 125.000000 0.460000
405.000031 30.000002 135.000000 0.146400
104.999992 104.999992 85.000000 1.122800
480.000031 405.000031 175.000000 0.253400
30.000002 480.000031 55.000000 2.460300
30.000002 330.000000 75.000000 1.701800
180.000000 405.000031 55.000000 0.770400
405.000031 30.000002 55.000000 0.105000
30.000002 405.000031 175.000000 2.871900
255.000000 180.000000 195.000000 0.233600
180.000000 180.000000 85.000000 0.934800
405.000031 480.000031 125.000000 0.228100
330.000000 405.000031 205.000000 0.252000
104.999992 30.000002 104.999992 3.098200
30.000002 30.000002 135.000000 1.237300
104.999992 330.000000 95.000000 0.210700
104.999992 104.999992 215.000015 0.776800
180.000000 180.000000 15.000001 0.644200
255.000000 330.000000 15.000001 3.393700
255.000000 104.999992 65.000000 0.314100
330.000000 480.000031 104.999992 0.137600
255.000000 180.000000 245.000000 1.471800
104.999992 255.000000 104.999992 3.281500
30.000002 255.000000 155.000000 2.035800
30.000002 480.000031 15.000001 2.780700
180.000000 255.000000 245.000000 0.372600
480.000031 330.000000 25.000000 0.893500
330.000000 480.000031 234.999985 0.369000
180.000000 330.000000 85.000000 0.067200
330.000000 405.000031 15.000001 2.662300
330.000000 104.999992 165.000000 0.723200
255.000000 330.000000 145.000000 0.246200
180.000000 30.000002 15.000001 0.209200
30.000002 180.000000 85.000000 0.963800
480.000031 104.999992 175.000000 0.199000
30.000002 104.999992 35.000000 2.094000
405.000031 255.000000 45.000000 0.384300
104.999992 405.000031 35.000000 1.967300
255.000000 30.000002 75.000000 0.629600
255.000000 255.000000 165.000000 0.554600
480.000031 180.000000 185.000000 0.378300
30.000002 180.000000 75.000000 0.613500
480.000031 480.000031 195.000000 0.122400
330.000000 480.000031 115.000000 0.201900
30.000002 30.000002 175.000000 0.349600
180.000000 330.000000 115.000000 0.108000
405.000031 480.000031 245.000000 2.383800
30.000002 104.999992 75.000000 1.173600
30.000002 330.000000 234.999985 0.796600
104.999992 180.000000 215.000015 0.358600
405.000031 330.000000 185.000000 0.348600
255.000000 104.999992 234.999985 0.390400
30.000002 104.999992 205.000000 0.504000
30.000002 30.000002 45.000000 1.419000
30.000002 405.000031 104.999992 1.289900
255.000000 255.000000 104.999992 0.350800
30.000002 405.000031 25.000000 2.879500
104.999992 330.000000 165.000000 0.838000
480.000031 180.000000 115.000000 1.046300
330.000000 255.000000 225.000000 3.062700
480.000031 180.000000 135.000000 0.250600
255.000000 255.000000 45.000000 3.360900
480.000031 180.000000 85.000000 2.089700
480.000031 30.000002 225.000000 0.727500
405.000031 180.000000 185.000000 1.097000
330.000000 180.000000 85.000000 0.762200
180.000000 104.999992 135.000000 5.020900
30.000002 180.000000 35.000000 1.036500
180.000000 30.000002 205.000000 0.671200
255.000000 330.000000 104.999992 0.201700
330.000000 255.000000 115.000000 0.330400
180.000000 255.000000 35.000000 0.860800
405.000031 405.000031 195.000000 0.081700
104.999992 180.000000 195.000000 0.469000
180.000000 405.000031 65.000000 0.331100
180.000000 330.000000 55.000000 0.247900
30.000002 405.000031 185.000000 2.565300
255.000000 30.000002 185.000000 0.202200
255.000000 180.000000 25.000000 1.136100
480.000031 104.999992 245.000000 0.798500
480.000031 180.000000 165.000000 0.164500
330.000000 255.000000 125.000000 0.232100
104.999992 405.000031 85.000000 0.107400
255.000000 30.000002 45.000000 0.976500
480.000031 255.000000 155.000000 0.155900
104.999992 330.000000 245.000000 0.533200
405.000031 255.000000 145.000000 0.112500
104.999992 405.000031 205.000000 7.362300
255.000000 330.000000 85.000000 0.503600
405.000031 480.000031 195.000000 0.043000
255.000000 255.000000 85.000000 0.482400
480.000031 405.000031 145.000000 0.934500
30.000002 330.000000 195.000000 0.410600
180.000000 480.000031 125.000000 0.259800
405.000031 405.000031 225.000000 0.251500
180.000000 104.999992 65.000000 0.214300
104.999992 104.999992 175.000000 0.428400
330.000000 30.000002 45.000000 0.462100
104.999992 480.000031 234.999985 0.433500
104.999992 255.000000 55.000000 0.595500
480.000031 180.000000 15.000001 0.582700
480.000031 180.000000 234.999985 1.192400
104.999992 30.000002 185.000000 0.925300
180.000000 104.999992 95.000000 1.842100
180.000000 30.000002 104.999992 2.380800
104.999992 104.999992 75.000000 0.561400
180.000000 255.000000 175.000000 0.382700
104.999992 405.000031 165.000000 1.372100
180.000000 480.000031 155.000000 0.251500
255.000000 405.000031 175.000000 1.786100
255.000000 30.000002 115.000000 2.802700
330.000000 104.999992 35.000000 0.254100
104.999992 405.000031 215.000015 4.407500
104.999992 180.000000 65.000000 0.360800
480.000031 104.999992 25.000000 0.168500
255.000000 30.000002 155.000000 0.276300
480.000031 30.000002 125.000000 0.143200
480.000031 255.000000 125.000000 0.444000
104.999992 104.999992 25.000000 0.183000
180.000000 30.000002 55.000000 0.272700
405.000031 405.000031 104.999992 0.222500
330.000000 30.000002 175.000000 0.242300
30.000002 255.000000 195.000000 1.294300
330.000000 180.000000 125.000000 0.499900
330.000000 330.000000 45.000000 1.191700
30.000002 255.000000 175.000000 2.395300
180.000000 104.999992 104.999992 3.029000
330.000000 180.000000 215.000015 8.136900
255.000000 255.000000 155.000000 0.333200
405.000031 480.000031 135.000000 0.302000
480.000031 405.000031 245.000000 2.580600
104.999992 405.000031 225.000000 2.000000
30.000002 104.999992 155.000000 0.157400
405.000031 330.000000 55.000000 0.645300
30.000002 405.000031 205.000000 1.792800
405.000031 180.000000 145.000000 0.340200
405.000031 480.000031 25.000000 0.627000
405.000031 104.999992 205.000000 8.358900
30.000002 480.000031 104.999992 0.610200
30.000002 104.999992 175.000000 0.083500
30.000002 480.000031 195.000000 1.500800
104.999992 480.000031 125.000000 0.215400
180.000000 255.000000 75.000000 0.421800
405.000031 480.000031 45.000000 0.728100
405.000031 255.000000 95.000000 0.416200
255.000000 180.000000 205.000000 0.376900
255.000000 330.000000 95.000000 0.328300
30.000002 480.000031 45.000000 2.702400
30.000002 104.999992 55.000000 1.116300
104.999992 180.000000 25.000000 0.561900
405.000031 405.000031 85.000000 0.360200
330.000000 30.000002 25.000000 0.537200
30.000002 330.000000 15.000001 0.332300
480.000031 480.000031 115.000000 0.215200
255.000000 480.000031 155.000000 0.564300
104.999992 255.000000 225.000000 0.272600
330.000000 480.000031 65.000000 0.515400
180.000000 480.000031 115.000000 0.260100
104.999992 330.000000 215.000015 1.113000
405.000031 255.000000 155.000000 0.121500
405.000031 30.000002 35.000000 0.066000
330.000000 255.000000 15.000001 1.294900
104.999992 480.000031 225.000000 0.526300
104.999992 255.000000 95.000000 1.842100
255.000000 480.000031 145.000000 0.374500
255.000000 330.000000 65.000000 1.376600
405.000031 330.000000 175.000000 0.619600
330.000000 180.000000 115.000000 0.488200
405.000031 180.000000 165.000000 0.272600
330.000000 255.000000 45.000000 2.261300
30.000002 104.999992 125.000000 2.801700
255.000000 104.999992 225.000000 0.260200
405.000031 104.999992 65.000000 0.462300
480.000031 405.000031 95.000000 0.120500
405.000031 104.999992 245.000000 2.557500
480.000031 405.000031 225.000000 0.555500
255.000000 104.999992 165.000000 0.226300
405.000031 405.000031 45.000000 0.678600
30.000002 330.000000 175.000000 0.918500
330.000000 255.000000 25.000000 1.851300
255.000000 30.000002 65.000000 0.817300
405.000031 255.000000 175.000000 0.197100
405.000031 104.999992 165.000000 0.587600
330.000000 180.000000 155.000000 0.714200
255.000000 480.000031 15.000001 2.087400
30.000002 480.000031 65.000000 1.555700
30.000002 30.000002 185.000000 0.450100
405.000031 330.000000 15.000001 3.075300
180.000000 180.000000 215.000015 0.192200
330.000000 480.000031 165.000000 0.228700
104.999992 330.000000 75.000000 0.193300
330.000000 480.000031 175.000000 0.147400
180.000000 480.000031 35.000000 1.953200
104.999992 104.999992 15.000001 0.223400
255.000000 480.000031 115.000000 0.127800
255.000000 104.999992 125.000000 2.654600
330.000000 30.000002 145.000000 0.438000
104.999992 480.000031 65.000000 1.310900
180.000000 255.000000 25.000000 0.956400
255.000000 30.000002 234.999985 0.556400
480.000031 330.000000 95.000000 0.210500
180.000000 480.000031 104.999992 0.149100
104.999992 480.000031 45.000000 3.360200
30.000002 330.000000 85.000000 1.042900
330.000000 180.000000 104.999992 0.464600
104.999992 104.999992 234.999985 0.430500
480.000031 330.000000 85.000000 0.212700
30.000002 405.000031 125.000000 2.563800
405.000031 255.000000 215.000015 0.923900
255.000000 180.000000 55.000000 0.974800
255.000000 255.000000 185.000000 1.809400
180.000000 330.000000 95.000000 0.058400
480.000031 330.000000 185.000000 0.121400
255.000000 180.000000 175.000000 0.432700
480.000031 30.000002 185.000000 0.326600
480.000031 104.999992 35.000000 0.231200
330.000000 180.000000 245.000000 2.309300
255.000000 180.000000 104.999992 0.890600
480.000031 104.999992 75.000000 3.028600
255.000000 255.000000 175.000000 1.014600
480.000031 30.000002 75.000000 0.521900
104.999992 330.000000 125.000000 0.390700
180.000000 480.000031 225.000000 0.335200
255.000000 30.000002 195.000000 0.152000
180.000000 180.000000 125.000000 7.938900
255.000000 480.000031 245.000000 0.109600
255.000000 405.000031 185.000000 2.077200
104.999992 104.999992 115.000000 5.166100
480.000031 480.000031 165.000000 0.037300
255.000000 480.000031 165.000000 0.587100
180.000000 180.000000 165.000000 0.506100
405.000031 30.000002 155.000000 0.360000
330.000000 480.000031 85.000000 0.190800
104.999992 255.000000 85.000000 0.938100
30.000002 180.000000 215.000015 1.137600
30.000002 104.999992 104.999992 4.056300
104.999992 480.000031 155.000000 0.356400
255.000000 104.999992 215.000015 0.161900
104.999992 104.999992 245.000000 0.315600
480.000031 104.999992 155.000000 0.349800
330.000000 405.000031 234.999985 0.160700
30.000002 405.000031 65.000000 0.709100
104.999992 405.000031 45.000000 1.366300
480.000031 180.000000 45.000000 1.110700
30.000002 104.999992 185.000000 0.149000
255.000000 405.000031 245.000000 0.078000
480.000031 405.000031 215.000015 0.201400
480.000031 480.000031 25.000000 0.849600
255.000000 480.000031 195.000000 0.264200
480.000031 405.000031 35.000000 0.387100
330.000000 405.000031 65.000000 0.529100
330.000000 480.000031 135.000000 0.302300
255.000000 480.000031 35.000000 1.961000
180.000000 30.000002 65.000000 0.289900
330.000000 180.000000 15.000001 0.784100
480.000031 180.000000 75.000000 2.108000
255.000000 480.000031 25.000000 2.295700
480.000031 480.000031 55.000000 0.730300
30.000002 255.000000 215.000015 0.552300
330.000000 104.999992 115.000000 0.217000
104.999992 255.000000 215.000015 0.227300
405.000031 30.000002 104.999992 0.216200
405.000031 104.999992 215.000015 9.826800
104.999992 180.000000 35.000000 0.465600
255.000000 480.000031 234.999985 0.145300
255.000000 480.000031 125.000000 0.151500
104.999992 30.000002 245.000000 0.399300
104.999992 104.999992 185.000000 0.550400
330.000000 330.000000 25.000000 4.464100
330.000000 30.000002 245.000000 0.416700
30.000002 480.000031 75.000000 1.087400
480.000031 480.000031 185.000000 0.044600
