pygeostat_saved_data
4
X
Y
Z
value
180.000000 480.000031 125.000000 0.676300
480.000031 330.000000 35.000000 1.191400
330.000000 30.000002 245.000000 0.831400
480.000031 180.000000 155.000000 0.534400
405.000031 180.000000 145.000000 0.760800
330.000000 480.000031 234.999985 0.788400
480.000031 255.000000 95.000000 1.095900
30.000002 405.000031 245.000000 1.377300
30.000002 255.000000 245.000000 0.546300
255.000000 255.000000 125.000000 0.724300
405.000031 405.000031 215.000015 0.560200
30.000002 255.000000 225.000000 0.754500
30.000002 255.000000 35.000000 0.923500
405.000031 405.000031 185.000000 0.627100
405.000031 180.000000 55.000000 1.465600
405.000031 30.000002 185.000000 1.352200
255.000000 30.000002 95.000000 1.590100
480.000031 30.000002 125.000000 0.521200
405.000031 405.000031 175.000000 0.975200
104.999992 255.000000 104.999992 2.049100
104.999992 405.000031 205.000000 2.917100
405.000031 480.000031 175.000000 0.357100
255.000000 330.000000 185.000000 3.235500
330.000000 104.999992 175.000000 0.848700
30.000002 480.000031 245.000000 0.931000
330.000000 30.000002 115.000000 1.106400
330.000000 480.000031 225.000000 0.528500
180.000000 330.000000 55.000000 0.662500
104.999992 480.000031 65.000000 1.372100
255.000000 405.000031 25.000000 2.645400
30.000002 480.000031 55.000000 1.806700
480.000031 480.000031 65.000000 0.873700
480.000031 330.000000 75.000000 0.564300
255.000000 104.999992 115.000000 1.791500
405.000031 330.000000 55.000000 1.006600
30.000002 104.999992 215.000015 1.044500
30.000002 405.000031 25.000000 1.935300
330.000000 180.000000 165.000000 1.147500
330.000000 330.000000 115.000000 0.518800
255.000000 180.000000 165.000000 1.066200
255.000000 480.000031 104.999992 0.373400
104.999992 30.000002 25.000000 0.314900
180.000000 405.000031 55.000000 1.087600
255.000000 180.000000 95.000000 0.912100
104.999992 104.999992 145.000000 1.301600
255.000000 330.000000 245.000000 0.786700
405.000031 30.000002 115.000000 0.678800
480.000031 330.000000 55.000000 0.948700
30.000002 180.000000 145.000000 1.285900
30.000002 480.000031 45.000000 1.882400
104.999992 330.000000 225.000000 1.081200
180.000000 104.999992 35.000000 0.835400
180.000000 180.000000 35.000000 0.925300
180.000000 180.000000 125.000000 3.014900
180.000000 30.000002 125.000000 1.677400
480.000031 104.999992 65.000000 1.688200
330.000000 330.000000 15.000001 2.837400
330.000000 255.000000 25.000000 1.595500
480.000031 255.000000 55.000000 1.091600
255.000000 330.000000 155.000000 0.967300
255.000000 104.999992 125.000000 1.867700
104.999992 405.000031 165.000000 1.399700
30.000002 255.000000 15.000001 0.558600
330.000000 104.999992 65.000000 0.649500
405.000031 480.000031 125.000000 0.638800
480.000031 104.999992 145.000000 1.019200
480.000031 480.000031 75.000000 0.728300
330.000000 30.000002 205.000000 0.625200
30.000002 330.000000 85.000000 1.241600
480.000031 330.000000 205.000000 0.462800
104.999992 180.000000 135.000000 2.379600
104.999992 30.000002 45.000000 0.413500
180.000000 405.000031 125.000000 0.460200
104.999992 480.000031 215.000015 1.076300
480.000031 255.000000 234.999985 0.776100
104.999992 180.000000 15.000001 1.067100
180.000000 180.000000 115.000000 3.017700
330.000000 255.000000 195.000000 2.105000
330.000000 255.000000 234.999985 1.423800
30.000002 255.000000 205.000000 1.254400
180.000000 480.000031 35.000000 1.633300
180.000000 180.000000 205.000000 0.498300
330.000000 180.000000 185.000000 1.679700
255.000000 405.000031 205.000000 1.176300
104.999992 255.000000 215.000015 0.637900
30.000002 30.000002 85.000000 1.033200
180.000000 405.000031 175.000000 1.945100
480.000031 180.000000 225.000000 1.537400
180.000000 30.000002 45.000000 0.587700
30.000002 104.999992 175.000000 0.411900
30.000002 480.000031 104.999992 0.982200
104.999992 30.000002 125.000000 2.014800
255.000000 330.000000 75.000000 0.986300
330.000000 255.000000 55.000000 1.746500
405.000031 104.999992 35.000000 0.504500
104.999992 480.000031 135.000000 0.571800
30.000002 405.000031 85.000000 0.970400
255.000000 480.000031 145.000000 0.793500
255.000000 330.000000 55.000000 1.737800
180.000000 255.000000 165.000000 0.651400
104.999992 180.000000 115.000000 3.598500
255.000000 480.000031 65.000000 0.846600
180.000000 30.000002 165.000000 1.343800
405.000031 255.000000 104.999992 0.768400
255.000000 405.000031 125.000000 0.549200
180.000000 405.000031 195.000000 2.846500
405.000031 104.999992 95.000000 0.909500
480.000031 180.000000 145.000000 0.559300
330.000000 255.000000 125.000000 0.643800
480.000031 30.000002 145.000000 0.505900
330.000000 255.000000 45.000000 1.741300
255.000000 330.000000 234.999985 1.296700
480.000031 480.000031 125.000000 0.532300
480.000031 480.000031 175.000000 0.263700
330.000000 104.999992 85.000000 0.545100
104.999992 30.000002 175.000000 1.039000
180.000000 30.000002 115.000000 2.018700
30.000002 255.000000 135.000000 1.210500
30.000002 480.000031 195.000000 1.455700
255.000000 255.000000 65.000000 1.547700
255.000000 30.000002 234.999985 0.943400
255.000000 30.000002 215.000015 0.572600
30.000002 30.000002 225.000000 1.045600
30.000002 30.000002 45.000000 1.420400
30.000002 480.000031 225.000000 0.856000
330.000000 480.000031 95.000000 0.636600
480.000031 104.999992 165.000000 0.603800
480.000031 30.000002 115.000000 0.694500
255.000000 30.000002 75.000000 0.995800
405.000031 330.000000 155.000000 1.015000
405.000031 480.000031 65.000000 0.909400
104.999992 180.000000 195.000000 0.875500
405.000031 180.000000 165.000000 0.690700
180.000000 480.000031 75.000000 0.819800
405.000031 30.000002 195.000000 1.544900
255.000000 405.000031 145.000000 1.069800
255.000000 30.000002 145.000000 0.978400
480.000031 30.000002 185.000000 0.747400
180.000000 30.000002 175.000000 1.064500
405.000031 255.000000 25.000000 0.799800
330.000000 255.000000 175.000000 1.012400
405.000031 180.000000 75.000000 1.957100
180.000000 30.000002 145.000000 1.591600
180.000000 30.000002 35.000000 0.466500
30.000002 30.000002 125.000000 1.634400
180.000000 330.000000 35.000000 1.199700
30.000002 330.000000 145.000000 1.345600
405.000031 405.000031 135.000000 1.305600
330.000000 480.000031 145.000000 0.716600
405.000031 180.000000 195.000000 1.852200
255.000000 405.000031 15.000001 2.822200
405.000031 104.999992 195.000000 2.433500
480.000031 104.999992 35.000000 0.642600
30.000002 180.000000 185.000000 1.605100
330.000000 30.000002 215.000015 0.574900
330.000000 405.000031 135.000000 0.804800
255.000000 480.000031 115.000000 0.495900
30.000002 30.000002 25.000000 1.300900
330.000000 405.000031 155.000000 1.578800
480.000031 480.000031 234.999985 1.773600
480.000031 255.000000 185.000000 0.760000
405.000031 30.000002 215.000015 1.635500
405.000031 104.999992 175.000000 1.396200
30.000002 255.000000 45.000000 0.948200
255.000000 180.000000 225.000000 1.352700
180.000000 405.000031 165.000000 1.234300
255.000000 405.000031 165.000000 1.492000
480.000031 30.000002 25.000000 0.340800
480.000031 180.000000 65.000000 1.734300
480.000031 405.000031 175.000000 0.668900
180.000000 480.000031 195.000000 0.814200
104.999992 405.000031 185.000000 2.952100
330.000000 30.000002 65.000000 0.818500
180.000000 255.000000 125.000000 1.000900
255.000000 180.000000 104.999992 1.158700
405.000031 255.000000 225.000000 0.895400
30.000002 405.000031 155.000000 2.374800
180.000000 255.000000 85.000000 0.803300
104.999992 480.000031 55.000000 1.717300
104.999992 405.000031 155.000000 1.071600
405.000031 330.000000 205.000000 0.718800
255.000000 255.000000 45.000000 2.070600
480.000031 30.000002 155.000000 0.620800
30.000002 255.000000 165.000000 1.840400
255.000000 405.000031 215.000015 0.964400
330.000000 104.999992 135.000000 0.940500
30.000002 405.000031 135.000000 1.793700
255.000000 330.000000 45.000000 2.707700
405.000031 30.000002 45.000000 0.420700
480.000031 330.000000 234.999985 0.934000
104.999992 480.000031 25.000000 1.933900
180.000000 104.999992 245.000000 0.767300
480.000031 180.000000 135.000000 0.665800
30.000002 180.000000 125.000000 1.986700
405.000031 255.000000 55.000000 0.996000
480.000031 480.000031 225.000000 1.438300
104.999992 30.000002 245.000000 0.816100
255.000000 330.000000 15.000001 2.079400
30.000002 480.000031 15.000001 1.906000
480.000031 405.000031 195.000000 0.319800
330.000000 180.000000 65.000000 1.437700
30.000002 104.999992 225.000000 1.015900
255.000000 255.000000 15.000001 1.728900
30.000002 180.000000 175.000000 1.472300
104.999992 30.000002 205.000000 1.162800
405.000031 255.000000 75.000000 1.114600
330.000000 104.999992 205.000000 1.243700
104.999992 30.000002 35.000000 0.378500
104.999992 330.000000 65.000000 0.540700
405.000031 405.000031 15.000001 1.026500
180.000000 255.000000 155.000000 0.710700
330.000000 480.000031 185.000000 0.389400
480.000031 480.000031 55.000000 1.062500
104.999992 104.999992 85.000000 1.282200
405.000031 480.000031 205.000000 0.408800
104.999992 255.000000 205.000000 0.650500
255.000000 30.000002 165.000000 0.633100
255.000000 180.000000 185.000000 0.732700
104.999992 405.000031 15.000001 1.398100
330.000000 330.000000 155.000000 0.756200
180.000000 180.000000 65.000000 0.666200
104.999992 405.000031 95.000000 0.592000
405.000031 255.000000 185.000000 0.866200
30.000002 330.000000 65.000000 1.240100
30.000002 405.000031 125.000000 1.839500
255.000000 255.000000 104.999992 0.771200
30.000002 480.000031 25.000000 2.010000
180.000000 330.000000 75.000000 0.412300
405.000031 30.000002 25.000000 0.374500
330.000000 255.000000 145.000000 0.544100
480.000031 405.000031 145.000000 1.183400
180.000000 330.000000 45.000000 0.949500
30.000002 255.000000 75.000000 0.911600
330.000000 30.000002 135.000000 0.892600
405.000031 480.000031 115.000000 0.566500
104.999992 330.000000 125.000000 0.808300
405.000031 480.000031 215.000015 0.502100
180.000000 104.999992 115.000000 3.212500
30.000002 180.000000 25.000000 0.957700
330.000000 330.000000 215.000015 1.083900
180.000000 30.000002 205.000000 1.024000
30.000002 30.000002 175.000000 0.770000
480.000031 255.000000 135.000000 0.643000
104.999992 104.999992 115.000000 2.498700
405.000031 480.000031 155.000000 0.569200
30.000002 480.000031 85.000000 1.048400
330.000000 104.999992 225.000000 1.587900
104.999992 180.000000 155.000000 1.388700
480.000031 104.999992 234.999985 1.127400
330.000000 330.000000 95.000000 0.688800
405.000031 255.000000 165.000000 0.479700
480.000031 104.999992 104.999992 1.959600
104.999992 180.000000 185.000000 1.036700
104.999992 330.000000 75.000000 0.594300
330.000000 30.000002 125.000000 1.085100
30.000002 255.000000 115.000000 1.149100
330.000000 405.000031 175.000000 1.436200
330.000000 180.000000 95.000000 0.927700
180.000000 30.000002 245.000000 0.817100
330.000000 30.000002 45.000000 0.869800
255.000000 330.000000 205.000000 4.273300
405.000031 180.000000 175.000000 0.784500
330.000000 104.999992 245.000000 1.584500
480.000031 104.999992 195.000000 0.830600
30.000002 180.000000 35.000000 1.238200
104.999992 255.000000 195.000000 0.606300
480.000031 480.000031 165.000000 0.289600
330.000000 30.000002 234.999985 0.774100
255.000000 255.000000 25.000000 2.036700
255.000000 405.000031 95.000000 0.534800
104.999992 104.999992 25.000000 0.580200
255.000000 104.999992 225.000000 0.676700
255.000000 30.000002 125.000000 1.749500
480.000031 180.000000 245.000000 1.020200
330.000000 330.000000 135.000000 0.565600
30.000002 405.000031 65.000000 1.048900
480.000031 255.000000 104.999992 0.887600
255.000000 104.999992 104.999992 1.366000
104.999992 255.000000 245.000000 0.701700
480.000031 330.000000 185.000000 0.484900
180.000000 405.000031 234.999985 1.137800
480.000031 480.000031 104.999992 0.579700
180.000000 480.000031 145.000000 0.729200
405.000031 180.000000 125.000000 1.193900
405.000031 405.000031 155.000000 1.878100
104.999992 405.000031 45.000000 1.397100
255.000000 180.000000 85.000000 0.923400
30.000002 30.000002 145.000000 1.049200
180.000000 180.000000 135.000000 2.168400
255.000000 255.000000 165.000000 0.942000
255.000000 180.000000 205.000000 0.795700
330.000000 405.000031 195.000000 0.799300
480.000031 480.000031 85.000000 0.631000
480.000031 405.000031 15.000001 0.659200
330.000000 405.000031 75.000000 0.868900
255.000000 255.000000 95.000000 0.821400
405.000031 180.000000 215.000015 3.564700
405.000031 480.000031 225.000000 0.813400
30.000002 180.000000 65.000000 0.845400
480.000031 330.000000 155.000000 1.068000
104.999992 330.000000 185.000000 1.736800
30.000002 330.000000 175.000000 1.174500
180.000000 405.000031 225.000000 1.620700
104.999992 30.000002 104.999992 1.998200
405.000031 30.000002 245.000000 1.247500
405.000031 330.000000 25.000000 1.689700
30.000002 30.000002 55.000000 1.150100
255.000000 255.000000 234.999985 1.782400
255.000000 480.000031 125.000000 0.534200
255.000000 480.000031 35.000000 1.636200
30.000002 480.000031 135.000000 0.865700
255.000000 180.000000 45.000000 1.285200
330.000000 405.000031 215.000015 0.607900
104.999992 255.000000 175.000000 0.727800
104.999992 480.000031 245.000000 0.859300
255.000000 480.000031 135.000000 0.674200
405.000031 480.000031 145.000000 0.671600
180.000000 330.000000 245.000000 0.874600
30.000002 480.000031 234.999985 0.792800
330.000000 180.000000 35.000000 1.205800
30.000002 330.000000 125.000000 1.320600
330.000000 330.000000 45.000000 1.316100
180.000000 480.000031 15.000001 1.438700
30.000002 405.000031 215.000015 1.330900
104.999992 104.999992 215.000015 1.091500
180.000000 405.000031 65.000000 0.751900
330.000000 405.000031 55.000000 0.970900
255.000000 30.000002 15.000001 1.313500
30.000002 104.999992 95.000000 2.065900
30.000002 480.000031 95.000000 0.967800
180.000000 330.000000 115.000000 0.460800
255.000000 480.000031 75.000000 0.624600
104.999992 480.000031 45.000000 2.070400
480.000031 480.000031 145.000000 0.457200
180.000000 330.000000 85.000000 0.374500
405.000031 480.000031 25.000000 0.994000
104.999992 480.000031 75.000000 1.119700
104.999992 255.000000 125.000000 1.335600
330.000000 405.000031 234.999985 0.548300
180.000000 405.000031 145.000000 0.610700
405.000031 180.000000 155.000000 0.653200
405.000031 255.000000 115.000000 0.804800
104.999992 255.000000 234.999985 0.777200
480.000031 255.000000 125.000000 0.854800
180.000000 480.000031 234.999985 0.761000
405.000031 405.000031 165.000000 1.465700
180.000000 180.000000 145.000000 1.855200
480.000031 255.000000 75.000000 1.301000
480.000031 330.000000 135.000000 1.117000
330.000000 405.000031 125.000000 0.502700
180.000000 30.000002 15.000001 0.615200
480.000031 480.000031 45.000000 1.279000
330.000000 330.000000 195.000000 1.384600
30.000002 30.000002 155.000000 0.891000
180.000000 480.000031 245.000000 0.739200
104.999992 30.000002 165.000000 1.091500
405.000031 30.000002 155.000000 0.779900
30.000002 255.000000 234.999985 0.565100
104.999992 30.000002 65.000000 0.586300
104.999992 480.000031 195.000000 1.229400
330.000000 330.000000 225.000000 0.753200
180.000000 255.000000 25.000000 1.195500
30.000002 30.000002 215.000015 1.110600
480.000031 30.000002 65.000000 0.845900
405.000031 330.000000 65.000000 0.991200
255.000000 180.000000 155.000000 1.090500
405.000031 255.000000 15.000001 0.884000
30.000002 255.000000 25.000000 0.810400
330.000000 30.000002 85.000000 0.942300
180.000000 330.000000 205.000000 4.357100
180.000000 180.000000 75.000000 0.880300
405.000031 104.999992 15.000001 0.571300
104.999992 405.000031 65.000000 0.650300
255.000000 180.000000 35.000000 1.331000
104.999992 405.000031 125.000000 0.782300
30.000002 180.000000 155.000000 1.308800
405.000031 405.000031 55.000000 1.039400
480.000031 480.000031 155.000000 0.368200
180.000000 104.999992 75.000000 0.660800
405.000031 30.000002 135.000000 0.526300
480.000031 405.000031 25.000000 0.676200
30.000002 330.000000 205.000000 0.953200
480.000031 30.000002 215.000015 0.976000
480.000031 405.000031 55.000000 0.584500
104.999992 104.999992 95.000000 1.954800
30.000002 104.999992 165.000000 0.373600
330.000000 104.999992 75.000000 0.543200
255.000000 255.000000 175.000000 1.226700
330.000000 104.999992 165.000000 1.058000
104.999992 330.000000 205.000000 1.517200
405.000031 180.000000 225.000000 2.689300
180.000000 405.000031 75.000000 0.608600
30.000002 330.000000 135.000000 1.226600
180.000000 330.000000 165.000000 1.323200
330.000000 30.000002 145.000000 0.849700
180.000000 30.000002 104.999992 1.780900
255.000000 405.000031 185.000000 1.677900
104.999992 180.000000 145.000000 1.661200
330.000000 255.000000 155.000000 0.532800
180.000000 405.000031 135.000000 0.464500
255.000000 255.000000 245.000000 1.189000
330.000000 255.000000 115.000000 0.751200
180.000000 30.000002 25.000000 0.504400
30.000002 104.999992 25.000000 1.507700
480.000031 104.999992 15.000001 0.617800
480.000031 104.999992 115.000000 1.840100
480.000031 330.000000 175.000000 0.614600
30.000002 104.999992 135.000000 1.197700
104.999992 405.000031 75.000000 0.548900
330.000000 330.000000 165.000000 1.034600
180.000000 30.000002 75.000000 0.967600
180.000000 480.000031 104.999992 0.530500
480.000031 180.000000 234.999985 1.316400
330.000000 30.000002 35.000000 0.920200
330.000000 255.000000 135.000000 0.595100
180.000000 255.000000 35.000000 1.141700
104.999992 30.000002 85.000000 1.298900
30.000002 405.000031 185.000000 1.840000
104.999992 255.000000 35.000000 1.096400
255.000000 480.000031 225.000000 0.525600
480.000031 480.000031 35.000000 1.450700
480.000031 30.000002 195.000000 0.778900
405.000031 180.000000 104.999992 1.555400
180.000000 405.000031 35.000000 1.629400
330.000000 480.000031 125.000000 0.641200
255.000000 104.999992 95.000000 1.091600
480.000031 405.000031 245.000000 1.844800
405.000031 330.000000 165.000000 1.092500
104.999992 180.000000 95.000000 1.892000
480.000031 104.999992 215.000015 1.377900
330.000000 104.999992 115.000000 0.625100
104.999992 104.999992 45.000000 0.506900
480.000031 180.000000 115.000000 1.243300
405.000031 255.000000 155.000000 0.485100
255.000000 330.000000 215.000015 3.830400
255.000000 405.000031 175.000000 1.570700
180.000000 104.999992 225.000000 0.717900
104.999992 330.000000 45.000000 1.014400
405.000031 104.999992 104.999992 0.925500
30.000002 30.000002 35.000000 1.422900
30.000002 30.000002 15.000001 0.905500
255.000000 255.000000 225.000000 2.247600
180.000000 480.000031 25.000000 1.806800
30.000002 30.000002 95.000000 1.274700
255.000000 104.999992 234.999985 0.808000
30.000002 405.000031 225.000000 1.408400
330.000000 255.000000 215.000015 2.317000
180.000000 405.000031 95.000000 0.510700
104.999992 255.000000 65.000000 0.896700
480.000031 30.000002 104.999992 0.900200
480.000031 405.000031 85.000000 0.419200
255.000000 405.000031 195.000000 1.447000
30.000002 255.000000 155.000000 1.663200
330.000000 30.000002 185.000000 0.585400
104.999992 405.000031 245.000000 0.935300
330.000000 480.000031 15.000001 0.974100
180.000000 480.000031 65.000000 0.914400
480.000031 405.000031 225.000000 0.942800
255.000000 104.999992 45.000000 0.798400
30.000002 104.999992 145.000000 0.833200
330.000000 30.000002 75.000000 0.821700
405.000031 30.000002 234.999985 1.468400
255.000000 30.000002 225.000000 0.764400
255.000000 255.000000 145.000000 0.715000
104.999992 104.999992 35.000000 0.605300
405.000031 330.000000 185.000000 0.769000
30.000002 180.000000 245.000000 0.640000
255.000000 330.000000 25.000000 2.424200
255.000000 180.000000 25.000000 1.288900
405.000031 180.000000 135.000000 1.082600
180.000000 255.000000 104.999992 0.925700
405.000031 104.999992 55.000000 0.838300
104.999992 405.000031 135.000000 0.936900
104.999992 30.000002 234.999985 0.934600
405.000031 30.000002 225.000000 1.508100
330.000000 405.000031 104.999992 0.516900
255.000000 30.000002 185.000000 0.606200
255.000000 330.000000 175.000000 2.079500
180.000000 104.999992 165.000000 0.956300
30.000002 30.000002 65.000000 0.873500
30.000002 255.000000 145.000000 1.240600
30.000002 330.000000 234.999985 1.103600
30.000002 104.999992 205.000000 0.903500
30.000002 104.999992 15.000001 1.082600
330.000000 480.000031 85.000000 0.590900
330.000000 330.000000 245.000000 0.503900
405.000031 30.000002 65.000000 0.515100
30.000002 330.000000 45.000000 1.139300
330.000000 104.999992 145.000000 1.115000
330.000000 405.000031 95.000000 0.617400
480.000031 180.000000 15.000001 0.962600
180.000000 255.000000 15.000001 0.961700
405.000031 30.000002 35.000000 0.371500
255.000000 480.000031 205.000000 0.589700
405.000031 255.000000 125.000000 0.675000
330.000000 330.000000 175.000000 1.282700
104.999992 30.000002 225.000000 1.227200
330.000000 104.999992 234.999985 1.895900
255.000000 255.000000 135.000000 0.770800
405.000031 180.000000 234.999985 2.211000
255.000000 405.000031 234.999985 0.497100
104.999992 330.000000 25.000000 1.220300
104.999992 480.000031 175.000000 0.953800
255.000000 330.000000 65.000000 1.401700
255.000000 104.999992 205.000000 0.507200
480.000031 330.000000 145.000000 1.191800
180.000000 255.000000 234.999985 0.823000
330.000000 180.000000 225.000000 2.944200
180.000000 180.000000 225.000000 0.777200
30.000002 255.000000 55.000000 1.099200
104.999992 255.000000 15.000001 0.879300
405.000031 330.000000 115.000000 0.799400
180.000000 104.999992 55.000000 0.627300
180.000000 330.000000 25.000000 1.032200
405.000031 405.000031 125.000000 0.868100
405.000031 405.000031 85.000000 0.780100
30.000002 405.000031 175.000000 1.933100
480.000031 180.000000 175.000000 0.535300
330.000000 330.000000 85.000000 0.742400
480.000031 255.000000 195.000000 0.862000
480.000031 30.000002 135.000000 0.536800
180.000000 255.000000 115.000000 0.988300
480.000031 180.000000 85.000000 1.682300
480.000031 480.000031 215.000015 1.069100
330.000000 180.000000 155.000000 1.052200
180.000000 330.000000 145.000000 0.505600
255.000000 104.999992 175.000000 0.533300
30.000002 330.000000 215.000015 1.014700
180.000000 330.000000 225.000000 2.664900
480.000031 255.000000 145.000000 0.554500
180.000000 180.000000 95.000000 2.018200
480.000031 180.000000 215.000015 1.375500
30.000002 30.000002 245.000000 0.855400
405.000031 480.000031 45.000000 1.061100
30.000002 30.000002 185.000000 0.859900
255.000000 30.000002 104.999992 1.627900
30.000002 180.000000 195.000000 1.661600
180.000000 104.999992 195.000000 0.611500
180.000000 480.000031 165.000000 0.742600
405.000031 255.000000 245.000000 0.650300
30.000002 180.000000 215.000015 1.289600
330.000000 405.000031 225.000000 0.558500
255.000000 330.000000 85.000000 0.903100
180.000000 180.000000 185.000000 0.514300
255.000000 30.000002 195.000000 0.535000
330.000000 405.000031 245.000000 0.555700
480.000031 30.000002 55.000000 0.647000
180.000000 104.999992 95.000000 1.592100
405.000031 405.000031 104.999992 0.632100
330.000000 30.000002 175.000000 0.656000
255.000000 180.000000 195.000000 0.645600
405.000031 480.000031 165.000000 0.439300
405.000031 255.000000 45.000000 0.802500
104.999992 330.000000 215.000015 1.277300
480.000031 180.000000 125.000000 0.828200
405.000031 330.000000 95.000000 0.744000
104.999992 104.999992 75.000000 0.947100
330.000000 180.000000 195.000000 1.957800
30.000002 405.000031 195.000000 1.520300
405.000031 255.000000 95.000000 0.830900
30.000002 405.000031 145.000000 2.142000
405.000031 330.000000 75.000000 0.875000
480.000031 330.000000 85.000000 0.619700
480.000031 330.000000 45.000000 1.030500
330.000000 30.000002 15.000001 1.112900
180.000000 180.000000 155.000000 1.168800
30.000002 30.000002 234.999985 0.972600
480.000031 405.000031 45.000000 0.744600
480.000031 104.999992 135.000000 1.290600
405.000031 255.000000 85.000000 0.789400
104.999992 180.000000 65.000000 0.780700
30.000002 330.000000 155.000000 1.348900
30.000002 255.000000 104.999992 1.177500
330.000000 480.000031 195.000000 0.349400
330.000000 180.000000 125.000000 0.900300
180.000000 104.999992 205.000000 0.697000
255.000000 30.000002 55.000000 1.093800
180.000000 405.000031 215.000015 2.762800
480.000031 30.000002 35.000000 0.324600
30.000002 255.000000 85.000000 0.948100
330.000000 180.000000 115.000000 0.891000
330.000000 30.000002 165.000000 0.772700
480.000031 104.999992 55.000000 1.206300
30.000002 180.000000 75.000000 0.984600
180.000000 104.999992 215.000015 0.678700
480.000031 405.000031 75.000000 0.391700
330.000000 104.999992 45.000000 0.785000
480.000031 104.999992 225.000000 1.387600
104.999992 30.000002 95.000000 1.837600
104.999992 255.000000 185.000000 0.644400
104.999992 480.000031 155.000000 0.776500
405.000031 330.000000 35.000000 1.320100
180.000000 104.999992 15.000001 1.231700
104.999992 405.000031 25.000000 1.669600
180.000000 255.000000 195.000000 0.909300
255.000000 405.000031 104.999992 0.574300
255.000000 480.000031 45.000000 1.407700
480.000031 104.999992 95.000000 2.479800
255.000000 480.000031 175.000000 0.792700
405.000031 330.000000 85.000000 0.815600
480.000031 480.000031 245.000000 2.069400
30.000002 330.000000 115.000000 1.468800
480.000031 405.000031 205.000000 0.395200
180.000000 405.000031 185.000000 2.647600
180.000000 480.000031 205.000000 0.857500
480.000031 330.000000 165.000000 0.880300
480.000031 330.000000 25.000000 1.160400
480.000031 30.000002 245.000000 0.770300
405.000031 480.000031 104.999992 0.488300
480.000031 405.000031 65.000000 0.495000
480.000031 405.000031 234.999985 1.395200
330.000000 480.000031 25.000000 1.072600
255.000000 104.999992 185.000000 0.452400
180.000000 405.000031 15.000001 1.418000
30.000002 180.000000 95.000000 1.392600
255.000000 405.000031 225.000000 0.726500
480.000031 330.000000 15.000001 1.016300
405.000031 405.000031 195.000000 0.407900
480.000031 30.000002 175.000000 0.880000
405.000031 405.000031 25.000000 1.087000
180.000000 104.999992 104.999992 1.978600
405.000031 104.999992 165.000000 0.966200
104.999992 104.999992 155.000000 0.956400
480.000031 30.000002 165.000000 0.813200
330.000000 255.000000 75.000000 1.245900
405.000031 104.999992 155.000000 0.945900
30.000002 405.000031 165.000000 2.642300
104.999992 104.999992 245.000000 0.736300
180.000000 255.000000 205.000000 1.101700
330.000000 405.000031 205.000000 0.667300
255.000000 480.000031 95.000000 0.421700
480.000031 104.999992 25.000000 0.559700
255.000000 405.000031 55.000000 1.403500
255.000000 104.999992 15.000001 1.396700
104.999992 405.000031 85.000000 0.459600
480.000031 405.000031 115.000000 0.640900
480.000031 255.000000 155.000000 0.541100
104.999992 30.000002 135.000000 1.739800
330.000000 180.000000 75.000000 1.340100
180.000000 330.000000 215.000015 3.320600
480.000031 330.000000 115.000000 0.858200
405.000031 30.000002 165.000000 0.994800
30.000002 104.999992 234.999985 0.939400
104.999992 30.000002 75.000000 0.928100
255.000000 405.000031 45.000000 2.124400
405.000031 255.000000 234.999985 0.750600
405.000031 180.000000 65.000000 1.825600
180.000000 330.000000 175.000000 1.888600
480.000031 30.000002 45.000000 0.466300
104.999992 104.999992 125.000000 2.650600
180.000000 255.000000 245.000000 0.791700
330.000000 255.000000 185.000000 1.476700
104.999992 104.999992 55.000000 0.555300
180.000000 104.999992 135.000000 2.467700
330.000000 330.000000 125.000000 0.432300
30.000002 405.000031 104.999992 1.362400
330.000000 30.000002 95.000000 0.972300
255.000000 104.999992 35.000000 1.047100
104.999992 330.000000 35.000000 1.196500
30.000002 330.000000 95.000000 1.322400
330.000000 104.999992 25.000000 0.748100
480.000031 180.000000 75.000000 1.688700
255.000000 180.000000 55.000000 1.205400
104.999992 480.000031 95.000000 0.778700
255.000000 104.999992 75.000000 0.768100
480.000031 405.000031 155.000000 1.162100
104.999992 180.000000 175.000000 1.078500
405.000031 480.000031 85.000000 0.548000
330.000000 405.000031 115.000000 0.453000
405.000031 330.000000 145.000000 1.194500
30.000002 405.000031 115.000000 1.471900
30.000002 330.000000 55.000000 1.188600
480.000031 405.000031 185.000000 0.399100
255.000000 405.000031 35.000000 2.811300
180.000000 30.000002 215.000015 0.981700
180.000000 255.000000 45.000000 1.093900
405.000031 180.000000 45.000000 1.102800
30.000002 30.000002 115.000000 1.561800
180.000000 30.000002 195.000000 1.089600
480.000031 180.000000 25.000000 0.925000
405.000031 405.000031 234.999985 1.117400
30.000002 30.000002 135.000000 1.337800
255.000000 330.000000 125.000000 0.478200
104.999992 480.000031 35.000000 2.180400
405.000031 405.000031 245.000000 1.373800
480.000031 405.000031 135.000000 0.985100
180.000000 104.999992 145.000000 1.965200
30.000002 180.000000 45.000000 1.090500
180.000000 104.999992 175.000000 0.837200
405.000031 330.000000 245.000000 0.633200
330.000000 480.000031 104.999992 0.512200
180.000000 255.000000 175.000000 0.801000
180.000000 30.000002 55.000000 0.690700
330.000000 405.000031 185.000000 0.979800
405.000031 480.000031 35.000000 1.056400
180.000000 255.000000 75.000000 0.835800
255.000000 480.000031 85.000000 0.464300
180.000000 255.000000 145.000000 0.833300
30.000002 480.000031 145.000000 0.843300
255.000000 104.999992 145.000000 1.316300
104.999992 30.000002 15.000001 0.292900
30.000002 180.000000 165.000000 1.332700
330.000000 480.000031 155.000000 0.801700
405.000031 255.000000 65.000000 1.041100
480.000031 480.000031 15.000001 0.944200
255.000000 405.000031 155.000000 1.351600
330.000000 180.000000 245.000000 1.757400
330.000000 405.000031 45.000000 1.110500
255.000000 30.000002 45.000000 1.206400
30.000002 255.000000 65.000000 0.940200
255.000000 180.000000 175.000000 0.845200
405.000031 104.999992 85.000000 1.069000
30.000002 30.000002 104.999992 1.523900
180.000000 405.000031 155.000000 0.849200
330.000000 30.000002 225.000000 0.661200
480.000031 405.000031 165.000000 0.825400
405.000031 104.999992 25.000000 0.464400
180.000000 255.000000 55.000000 0.858600
330.000000 330.000000 65.000000 1.028700
255.000000 255.000000 55.000000 2.086300
30.000002 330.000000 15.000001 0.753100
30.000002 255.000000 95.000000 1.078400
255.000000 104.999992 85.000000 0.837600
405.000031 104.999992 205.000000 3.083600
180.000000 30.000002 85.000000 1.430200
180.000000 330.000000 65.000000 0.534200
104.999992 480.000031 125.000000 0.623100
104.999992 330.000000 95.000000 0.617100
30.000002 330.000000 245.000000 1.146200
480.000031 255.000000 205.000000 0.869400
405.000031 330.000000 215.000015 0.656300
330.000000 480.000031 115.000000 0.605700
30.000002 330.000000 75.000000 1.537900
330.000000 255.000000 225.000000 1.988200
330.000000 480.000031 245.000000 0.813300
180.000000 405.000031 25.000000 1.710200
255.000000 180.000000 75.000000 0.940100
405.000031 405.000031 115.000000 0.702400
255.000000 480.000031 215.000015 0.517800
405.000031 330.000000 104.999992 0.733300
255.000000 104.999992 25.000000 1.241000
330.000000 104.999992 155.000000 1.099000
405.000031 405.000031 45.000000 1.028900
30.000002 480.000031 205.000000 1.174300
405.000031 405.000031 205.000000 0.419700
330.000000 30.000002 155.000000 0.874300
180.000000 104.999992 155.000000 1.209000
104.999992 180.000000 205.000000 0.854500
180.000000 480.000031 225.000000 0.756000
30.000002 255.000000 125.000000 1.250800
480.000031 255.000000 175.000000 0.651200
330.000000 405.000031 85.000000 0.637600
30.000002 104.999992 195.000000 0.778700
30.000002 405.000031 234.999985 1.306700
255.000000 30.000002 85.000000 1.235400
255.000000 30.000002 135.000000 1.428100
104.999992 405.000031 234.999985 1.398300
480.000031 480.000031 25.000000 1.135200
180.000000 180.000000 234.999985 0.745000
255.000000 180.000000 125.000000 1.185300
330.000000 405.000031 25.000000 1.636700
180.000000 330.000000 234.999985 1.504600
255.000000 480.000031 55.000000 0.955500
30.000002 180.000000 85.000000 1.199500
255.000000 255.000000 35.000000 2.296800
30.000002 104.999992 85.000000 1.765100
330.000000 104.999992 104.999992 0.586700
405.000031 330.000000 195.000000 0.714700
480.000031 330.000000 245.000000 1.126700
180.000000 104.999992 45.000000 0.704600
104.999992 330.000000 165.000000 1.128400
405.000031 480.000031 55.000000 0.948300
480.000031 330.000000 104.999992 0.773300
180.000000 104.999992 85.000000 0.971900
104.999992 330.000000 115.000000 0.792300
104.999992 255.000000 225.000000 0.690700
330.000000 104.999992 185.000000 0.985900
180.000000 255.000000 185.000000 0.775500
330.000000 330.000000 185.000000 1.362200
480.000031 180.000000 165.000000 0.553800
405.000031 104.999992 245.000000 1.837600
480.000031 180.000000 55.000000 1.519800
405.000031 30.000002 205.000000 1.719900
255.000000 330.000000 145.000000 0.660600
330.000000 180.000000 205.000000 2.574400
30.000002 30.000002 75.000000 0.874600
30.000002 480.000031 175.000000 1.447100
405.000031 104.999992 225.000000 3.236400
330.000000 180.000000 25.000000 1.104900
180.000000 180.000000 55.000000 0.640700
330.000000 255.000000 205.000000 2.521200
30.000002 330.000000 195.000000 0.826000
30.000002 480.000031 215.000015 1.062100
480.000031 405.000031 125.000000 0.809900
30.000002 180.000000 135.000000 1.601200
30.000002 104.999992 55.000000 1.279000
30.000002 330.000000 185.000000 1.007100
405.000031 180.000000 85.000000 1.944200
255.000000 405.000031 115.000000 0.523400
480.000031 30.000002 85.000000 1.051300
30.000002 405.000031 35.000000 2.010900
104.999992 30.000002 195.000000 1.307000
405.000031 30.000002 104.999992 0.624100
255.000000 104.999992 135.000000 1.499400
104.999992 104.999992 225.000000 0.981700
330.000000 180.000000 45.000000 1.214500
104.999992 104.999992 135.000000 1.730800
30.000002 405.000031 95.000000 1.128500
180.000000 104.999992 234.999985 0.669400
180.000000 104.999992 25.000000 0.982500
405.000031 330.000000 125.000000 0.879100
405.000031 480.000031 185.000000 0.306700
480.000031 180.000000 95.000000 1.548700
104.999992 480.000031 104.999992 0.707500
330.000000 405.000031 15.000001 1.870100
480.000031 255.000000 115.000000 1.042600
104.999992 330.000000 234.999985 1.031300
405.000031 405.000031 95.000000 0.644000
104.999992 480.000031 15.000001 1.566100
255.000000 30.000002 245.000000 1.210300
480.000031 255.000000 35.000000 1.302100
180.000000 30.000002 65.000000 0.709500
330.000000 180.000000 15.000001 1.096000
104.999992 104.999992 234.999985 0.843300
405.000031 255.000000 145.000000 0.469100
255.000000 330.000000 104.999992 0.605400
30.000002 30.000002 205.000000 1.163300
405.000031 255.000000 205.000000 1.321400
104.999992 180.000000 165.000000 1.305700
30.000002 480.000031 125.000000 0.857100
255.000000 330.000000 225.000000 2.487900
104.999992 330.000000 155.000000 1.041500
180.000000 30.000002 155.000000 1.568600
180.000000 180.000000 45.000000 0.715700
480.000031 30.000002 15.000001 0.319500
104.999992 480.000031 85.000000 0.868500
180.000000 405.000031 245.000000 0.760300
180.000000 405.000031 85.000000 0.521100
480.000031 255.000000 225.000000 0.780000
405.000031 405.000031 75.000000 0.835700
255.000000 180.000000 135.000000 1.082800
30.000002 180.000000 225.000000 0.912600
180.000000 255.000000 225.000000 0.972200
255.000000 405.000031 85.000000 0.616700
255.000000 255.000000 85.000000 0.886400
405.000031 180.000000 15.000001 0.663600
330.000000 480.000031 75.000000 0.770200
255.000000 480.000031 155.000000 0.949200
30.000002 104.999992 104.999992 2.248000
255.000000 480.000031 25.000000 1.752800
30.000002 180.000000 55.000000 1.084100
255.000000 330.000000 95.000000 0.749100
30.000002 405.000031 55.000000 1.212100
104.999992 480.000031 185.000000 1.264300
104.999992 104.999992 165.000000 1.013400
180.000000 180.000000 85.000000 1.183500
480.000031 255.000000 215.000015 0.770800
255.000000 180.000000 65.000000 1.053500
330.000000 480.000031 135.000000 0.722600
104.999992 480.000031 165.000000 1.059200
480.000031 180.000000 104.999992 1.305100
480.000031 104.999992 75.000000 1.978500
405.000031 180.000000 35.000000 0.770700
480.000031 405.000031 35.000000 0.805100
480.000031 330.000000 95.000000 0.616900
480.000031 255.000000 45.000000 1.298000
480.000031 480.000031 185.000000 0.313100
330.000000 330.000000 234.999985 0.645700
255.000000 330.000000 195.000000 4.810800
330.000000 480.000031 65.000000 0.912400
405.000031 30.000002 125.000000 0.628800
480.000031 480.000031 115.000000 0.622900
255.000000 330.000000 115.000000 0.527800
104.999992 480.000031 234.999985 0.845900
480.000031 480.000031 95.000000 0.570600
330.000000 30.000002 55.000000 0.793300
405.000031 480.000031 245.000000 1.781900
480.000031 330.000000 125.000000 0.970700
405.000031 330.000000 175.000000 0.988900
480.000031 180.000000 35.000000 1.139400
405.000031 480.000031 195.000000 0.308000
180.000000 180.000000 175.000000 0.690400
330.000000 480.000031 175.000000 0.527900
255.000000 104.999992 195.000000 0.475100
180.000000 480.000031 135.000000 0.724100
255.000000 30.000002 175.000000 0.571800
104.999992 180.000000 45.000000 0.815100
405.000031 255.000000 175.000000 0.599300
255.000000 405.000031 65.000000 1.020200
330.000000 180.000000 145.000000 1.000300
104.999992 405.000031 175.000000 2.281200
104.999992 30.000002 185.000000 1.178300
255.000000 255.000000 75.000000 1.096200
180.000000 255.000000 135.000000 0.916100
104.999992 330.000000 15.000001 1.113200
180.000000 255.000000 65.000000 0.876100
255.000000 255.000000 155.000000 0.754000
30.000002 104.999992 155.000000 0.543300
104.999992 480.000031 145.000000 0.575200
480.000031 255.000000 25.000000 1.244300
405.000031 480.000031 95.000000 0.505600
405.000031 330.000000 45.000000 1.295400
30.000002 30.000002 165.000000 0.761500
30.000002 255.000000 195.000000 1.364400
480.000031 30.000002 205.000000 0.844700
330.000000 180.000000 55.000000 1.193000
104.999992 405.000031 55.000000 0.890000
104.999992 330.000000 195.000000 1.660400
405.000031 104.999992 115.000000 1.023900
104.999992 104.999992 205.000000 1.270900
255.000000 104.999992 215.000015 0.550000
180.000000 330.000000 95.000000 0.352100
330.000000 180.000000 135.000000 0.816800
104.999992 180.000000 225.000000 0.691300
330.000000 405.000031 145.000000 1.287900
180.000000 30.000002 185.000000 1.030200
30.000002 480.000031 185.000000 1.383000
405.000031 104.999992 145.000000 0.865900
104.999992 180.000000 35.000000 0.872700
180.000000 330.000000 135.000000 0.407900
330.000000 255.000000 35.000000 1.760900
255.000000 104.999992 165.000000 0.636700
480.000031 255.000000 65.000000 1.206800
480.000031 180.000000 45.000000 1.276200
480.000031 330.000000 65.000000 0.728800
480.000031 30.000002 234.999985 1.060100
104.999992 330.000000 85.000000 0.568000
480.000031 255.000000 15.000001 1.070400
180.000000 30.000002 135.000000 1.744900
180.000000 330.000000 195.000000 4.278000
255.000000 104.999992 65.000000 0.734800
180.000000 30.000002 225.000000 1.022500
255.000000 180.000000 145.000000 1.132300
180.000000 480.000031 85.000000 0.631300
480.000031 255.000000 85.000000 1.185100
104.999992 104.999992 65.000000 0.606400
255.000000 330.000000 35.000000 3.005000
104.999992 104.999992 175.000000 0.841500
30.000002 104.999992 185.000000 0.530400
104.999992 180.000000 234.999985 0.624200
