pygeostat_saved_data
4
X
Y
Z
value
104.999992 180.000000 175.000000 0.894200
180.000000 104.999992 65.000000 0.317600
255.000000 255.000000 185.000000 1.831500
255.000000 104.999992 245.000000 0.765600
405.000031 30.000002 234.999985 1.596800
330.000000 30.000002 75.000000 0.536500
30.000002 180.000000 185.000000 1.887300
255.000000 104.999992 155.000000 0.872500
255.000000 255.000000 55.000000 3.088700
180.000000 180.000000 115.000000 6.179100
405.000031 180.000000 145.000000 0.464300
330.000000 480.000031 185.000000 0.131900
405.000031 180.000000 245.000000 2.390700
104.999992 180.000000 215.000015 0.484800
480.000031 255.000000 155.000000 0.244700
30.000002 480.000031 135.000000 0.591700
405.000031 480.000031 35.000000 0.860100
405.000031 255.000000 165.000000 0.195200
104.999992 180.000000 185.000000 0.830200
330.000000 180.000000 175.000000 1.286900
255.000000 405.000031 55.000000 1.466800
255.000000 330.000000 145.000000 0.356100
405.000031 104.999992 35.000000 0.214600
330.000000 480.000031 25.000000 0.885100
30.000002 405.000031 55.000000 1.113600
180.000000 480.000031 45.000000 1.417900
480.000031 180.000000 205.000000 1.044600
180.000000 104.999992 245.000000 0.471700
104.999992 330.000000 165.000000 0.973500
330.000000 104.999992 15.000001 0.607300
480.000031 30.000002 85.000000 0.852400
330.000000 104.999992 125.000000 0.441800
104.999992 30.000002 245.000000 0.529600
255.000000 104.999992 165.000000 0.332200
480.000031 405.000031 125.000000 0.522100
480.000031 405.000031 215.000015 0.301900
480.000031 405.000031 155.000000 1.028900
405.000031 405.000031 245.000000 1.409000
405.000031 405.000031 104.999992 0.327700
30.000002 330.000000 104.999992 1.431300
330.000000 180.000000 75.000000 1.344800
405.000031 255.000000 45.000000 0.513200
330.000000 255.000000 15.000001 1.391500
405.000031 180.000000 115.000000 1.491000
330.000000 180.000000 45.000000 1.117700
255.000000 330.000000 104.999992 0.302200
330.000000 104.999992 185.000000 0.755500
330.000000 330.000000 15.000001 5.503600
30.000002 30.000002 225.000000 0.843700
180.000000 480.000031 185.000000 0.444200
30.000002 180.000000 175.000000 1.604600
255.000000 480.000031 205.000000 0.287700
30.000002 180.000000 45.000000 0.913000
30.000002 104.999992 95.000000 3.032300
180.000000 180.000000 35.000000 0.670600
480.000031 104.999992 125.000000 1.460000
180.000000 104.999992 135.000000 4.234100
480.000031 405.000031 234.999985 1.450400
480.000031 30.000002 104.999992 0.636800
480.000031 30.000002 215.000015 0.741300
180.000000 330.000000 15.000001 0.862000
180.000000 405.000031 65.000000 0.454100
405.000031 30.000002 245.000000 1.175500
330.000000 180.000000 195.000000 2.741000
104.999992 30.000002 55.000000 0.241700
480.000031 255.000000 145.000000 0.256300
255.000000 480.000031 234.999985 0.231000
480.000031 330.000000 195.000000 0.165300
330.000000 30.000002 145.000000 0.571300
405.000031 255.000000 175.000000 0.296600
180.000000 180.000000 185.000000 0.222500
30.000002 30.000002 15.000001 0.643800
30.000002 255.000000 225.000000 0.457100
255.000000 104.999992 95.000000 0.914700
405.000031 480.000031 25.000000 0.767100
180.000000 405.000031 85.000000 0.228000
330.000000 104.999992 35.000000 0.365400
480.000031 405.000031 205.000000 0.135600
104.999992 30.000002 215.000015 1.131500
104.999992 30.000002 185.000000 1.056000
330.000000 180.000000 95.000000 0.673800
30.000002 180.000000 225.000000 0.653400
104.999992 405.000031 205.000000 5.797900
405.000031 30.000002 155.000000 0.486400
104.999992 104.999992 35.000000 0.302100
255.000000 255.000000 75.000000 0.921900
480.000031 255.000000 135.000000 0.338500
330.000000 480.000031 45.000000 0.727400
180.000000 480.000031 25.000000 2.357500
180.000000 405.000031 135.000000 0.183700
255.000000 255.000000 85.000000 0.618600
30.000002 255.000000 234.999985 0.265500
330.000000 255.000000 45.000000 2.199400
480.000031 30.000002 65.000000 0.566500
330.000000 330.000000 104.999992 0.250900
30.000002 255.000000 175.000000 2.305800
405.000031 480.000031 155.000000 0.269200
30.000002 180.000000 205.000000 2.081400
330.000000 255.000000 25.000000 1.866300
480.000031 480.000031 225.000000 1.535800
405.000031 330.000000 125.000000 0.609100
180.000000 255.000000 135.000000 0.658000
480.000031 104.999992 95.000000 4.273100
255.000000 255.000000 25.000000 2.952100
104.999992 30.000002 45.000000 0.147700
104.999992 30.000002 85.000000 1.268200
405.000031 480.000031 15.000001 0.564200
255.000000 30.000002 245.000000 1.110400
30.000002 180.000000 125.000000 2.817600
180.000000 330.000000 245.000000 0.603300
330.000000 405.000031 215.000015 0.304500
104.999992 255.000000 225.000000 0.387100
104.999992 30.000002 35.000000 0.125100
255.000000 104.999992 135.000000 1.660700
480.000031 255.000000 45.000000 1.266400
480.000031 104.999992 215.000015 1.416800
480.000031 104.999992 104.999992 2.745700
405.000031 180.000000 225.000000 4.976600
180.000000 405.000031 205.000000 7.443600
405.000031 180.000000 215.000015 8.449500
180.000000 330.000000 215.000015 7.395400
30.000002 480.000031 104.999992 0.750200
330.000000 330.000000 55.000000 1.239200
30.000002 104.999992 165.000000 0.122000
405.000031 480.000031 195.000000 0.084900
180.000000 405.000031 25.000000 2.126200
480.000031 330.000000 205.000000 0.182500
30.000002 480.000031 95.000000 0.729700
480.000031 255.000000 75.000000 1.272000
255.000000 405.000031 45.000000 3.195400
180.000000 480.000031 95.000000 0.262500
180.000000 255.000000 185.000000 0.481300
405.000031 405.000031 205.000000 0.151900
104.999992 255.000000 35.000000 0.922300
330.000000 480.000031 165.000000 0.335100
480.000031 330.000000 75.000000 0.264800
30.000002 104.999992 185.000000 0.235800
405.000031 330.000000 215.000015 0.351700
405.000031 30.000002 215.000015 1.955000
330.000000 180.000000 135.000000 0.530500
180.000000 330.000000 35.000000 1.092300
104.999992 30.000002 65.000000 0.284600
405.000031 30.000002 45.000000 0.152500
330.000000 330.000000 165.000000 0.827100
480.000031 480.000031 165.000000 0.075600
180.000000 30.000002 215.000015 0.749500
255.000000 104.999992 195.000000 0.191700
330.000000 405.000031 115.000000 0.175300
255.000000 330.000000 85.000000 0.640700
180.000000 104.999992 145.000000 2.760400
180.000000 405.000031 215.000015 5.235000
180.000000 480.000031 75.000000 0.534200
405.000031 405.000031 85.000000 0.486600
480.000031 104.999992 205.000000 0.756100
330.000000 30.000002 115.000000 0.938200
480.000031 180.000000 145.000000 0.260400
180.000000 405.000031 45.000000 1.539900
255.000000 330.000000 15.000001 3.069600
30.000002 30.000002 145.000000 0.849100
30.000002 405.000031 225.000000 1.476300
330.000000 330.000000 145.000000 0.432900
104.999992 255.000000 175.000000 0.427100
480.000031 330.000000 185.000000 0.199200
405.000031 30.000002 135.000000 0.232300
30.000002 405.000031 35.000000 2.882300
405.000031 330.000000 165.000000 0.916200
480.000031 330.000000 165.000000 0.610600
104.999992 330.000000 195.000000 2.011400
104.999992 30.000002 175.000000 0.833700
180.000000 330.000000 165.000000 1.313000
405.000031 405.000031 45.000000 0.818600
104.999992 255.000000 185.000000 0.339800
405.000031 405.000031 155.000000 2.535200
30.000002 480.000031 65.000000 1.617800
104.999992 405.000031 85.000000 0.180100
480.000031 30.000002 145.000000 0.215700
255.000000 405.000031 104.999992 0.273700
104.999992 405.000031 175.000000 3.652900
405.000031 104.999992 15.000001 0.271000
330.000000 30.000002 45.000000 0.597000
255.000000 30.000002 115.000000 2.623300
405.000031 480.000031 85.000000 0.250600
180.000000 480.000031 104.999992 0.235800
405.000031 180.000000 55.000000 1.591000
30.000002 255.000000 195.000000 1.391000
30.000002 30.000002 55.000000 1.009000
104.999992 255.000000 65.000000 0.632200
30.000002 255.000000 104.999992 1.054600
405.000031 180.000000 95.000000 2.046600
255.000000 480.000031 175.000000 0.501500
30.000002 255.000000 135.000000 1.110800
255.000000 480.000031 45.000000 1.474900
405.000031 30.000002 185.000000 1.367600
30.000002 480.000031 35.000000 3.388900
30.000002 180.000000 85.000000 1.091900
330.000000 30.000002 15.000001 0.948600
405.000031 104.999992 225.000000 7.046800
30.000002 480.000031 55.000000 2.357200
180.000000 255.000000 155.000000 0.408500
330.000000 255.000000 225.000000 2.821600
255.000000 405.000031 165.000000 1.645300
255.000000 104.999992 215.000015 0.252400
480.000031 180.000000 45.000000 1.226800
480.000031 30.000002 245.000000 0.475100
255.000000 180.000000 165.000000 0.875200
405.000031 330.000000 185.000000 0.473700
104.999992 330.000000 85.000000 0.268100
180.000000 30.000002 85.000000 1.519500
255.000000 480.000031 245.000000 0.183200
30.000002 30.000002 195.000000 0.907800
104.999992 255.000000 95.000000 1.858600
480.000031 30.000002 125.000000 0.228100
480.000031 255.000000 125.000000 0.577900
30.000002 30.000002 35.000000 1.505000
480.000031 180.000000 195.000000 0.825100
480.000031 405.000031 55.000000 0.282900
255.000000 104.999992 15.000001 1.453300
480.000031 255.000000 185.000000 0.463400
30.000002 480.000031 45.000000 2.546000
255.000000 104.999992 205.000000 0.216700
330.000000 255.000000 245.000000 0.941500
104.999992 180.000000 225.000000 0.387800
104.999992 104.999992 65.000000 0.303100
30.000002 330.000000 245.000000 1.002500
104.999992 480.000031 195.000000 1.143600
104.999992 104.999992 75.000000 0.700600
405.000031 30.000002 15.000001 0.147700
405.000031 480.000031 175.000000 0.112100
255.000000 104.999992 234.999985 0.519900
405.000031 104.999992 104.999992 0.670900
180.000000 104.999992 185.000000 0.417200
330.000000 480.000031 125.000000 0.336700
30.000002 330.000000 175.000000 1.049600
405.000031 104.999992 125.000000 0.719400
330.000000 104.999992 55.000000 0.387200
180.000000 330.000000 225.000000 4.892100
104.999992 405.000031 45.000000 1.454200
480.000031 405.000031 195.000000 0.091100
30.000002 104.999992 55.000000 1.231800
255.000000 30.000002 15.000001 1.295000
480.000031 330.000000 225.000000 0.342700
180.000000 255.000000 104.999992 0.671100
180.000000 180.000000 165.000000 0.643400
180.000000 180.000000 205.000000 0.209600
180.000000 30.000002 185.000000 0.820400
405.000031 104.999992 155.000000 0.698800
30.000002 255.000000 95.000000 0.894100
30.000002 330.000000 205.000000 0.709000
480.000031 104.999992 145.000000 0.804100
480.000031 30.000002 195.000000 0.485300
405.000031 330.000000 205.000000 0.417200
30.000002 180.000000 35.000000 1.159100
405.000031 255.000000 55.000000 0.770000
104.999992 330.000000 25.000000 1.127800
405.000031 180.000000 75.000000 2.739100
180.000000 255.000000 125.000000 0.777100
104.999992 180.000000 135.000000 3.954500
255.000000 480.000031 95.000000 0.153200
104.999992 480.000031 35.000000 3.355600
480.000031 480.000031 75.000000 0.427700
30.000002 405.000031 155.000000 3.939700
30.000002 30.000002 234.999985 0.736400
330.000000 480.000031 135.000000 0.421400
104.999992 480.000031 65.000000 1.405600
255.000000 330.000000 135.000000 0.216700
330.000000 405.000031 104.999992 0.224600
255.000000 255.000000 205.000000 3.587900
480.000031 30.000002 155.000000 0.316800
405.000031 405.000031 25.000000 0.907400
405.000031 405.000031 165.000000 1.591200
255.000000 480.000031 35.000000 1.956500
255.000000 104.999992 225.000000 0.372600
405.000031 480.000031 65.000000 0.649100
330.000000 405.000031 185.000000 0.746600
180.000000 255.000000 175.000000 0.511400
104.999992 405.000031 135.000000 0.686500
405.000031 480.000031 55.000000 0.702200
480.000031 255.000000 25.000000 1.169800
330.000000 30.000002 245.000000 0.548400
180.000000 330.000000 234.999985 1.671400
480.000031 480.000031 175.000000 0.063400
30.000002 480.000031 205.000000 1.049300
255.000000 405.000031 25.000000 4.825000
30.000002 405.000031 45.000000 2.047700
30.000002 480.000031 125.000000 0.580700
480.000031 405.000031 35.000000 0.516300
405.000031 330.000000 45.000000 1.261700
405.000031 405.000031 135.000000 1.280400
30.000002 405.000031 104.999992 1.387100
30.000002 330.000000 35.000000 0.845900
30.000002 480.000031 155.000000 0.856500
104.999992 330.000000 35.000000 1.086800
180.000000 480.000031 85.000000 0.326900
180.000000 255.000000 35.000000 0.995100
255.000000 30.000002 35.000000 1.335200
255.000000 104.999992 75.000000 0.472700
405.000031 180.000000 165.000000 0.387100
255.000000 30.000002 185.000000 0.302900
405.000031 330.000000 195.000000 0.412800
255.000000 330.000000 65.000000 1.463200
30.000002 30.000002 245.000000 0.578600
30.000002 405.000031 85.000000 0.733300
330.000000 405.000031 195.000000 0.509300
480.000031 330.000000 245.000000 0.970800
104.999992 405.000031 225.000000 1.988400
255.000000 405.000031 234.999985 0.208700
480.000031 180.000000 75.000000 2.076200
104.999992 330.000000 145.000000 0.533400
480.000031 104.999992 35.000000 0.338100
180.000000 330.000000 104.999992 0.155100
480.000031 180.000000 165.000000 0.255600
405.000031 480.000031 234.999985 1.170500
330.000000 405.000031 205.000000 0.362900
180.000000 180.000000 135.000000 3.320900
104.999992 330.000000 245.000000 0.671500
330.000000 480.000031 195.000000 0.107600
180.000000 330.000000 65.000000 0.239000
480.000031 104.999992 45.000000 0.597700
104.999992 255.000000 215.000015 0.333400
255.000000 405.000031 205.000000 1.052700
30.000002 180.000000 104.999992 2.677500
180.000000 180.000000 175.000000 0.386800
255.000000 30.000002 165.000000 0.328700
480.000031 104.999992 75.000000 2.795700
104.999992 405.000031 234.999985 1.456500
30.000002 180.000000 55.000000 0.902900
104.999992 30.000002 104.999992 2.848300
104.999992 330.000000 175.000000 1.578300
30.000002 330.000000 85.000000 1.165000
30.000002 30.000002 75.000000 0.603200
405.000031 30.000002 35.000000 0.120800
405.000031 104.999992 85.000000 0.879500
30.000002 255.000000 25.000000 0.522800
30.000002 180.000000 234.999985 0.572500
180.000000 30.000002 95.000000 1.687200
480.000031 255.000000 104.999992 0.620200
480.000031 480.000031 145.000000 0.178300
330.000000 330.000000 205.000000 1.401700
255.000000 405.000031 145.000000 0.880700
180.000000 30.000002 234.999985 0.572300
30.000002 104.999992 245.000000 0.534400
480.000031 30.000002 115.000000 0.391100
330.000000 255.000000 175.000000 0.794100
405.000031 330.000000 135.000000 0.924200
405.000031 30.000002 104.999992 0.320000
405.000031 480.000031 205.000000 0.144500
405.000031 30.000002 115.000000 0.374700
30.000002 104.999992 45.000000 2.342400
180.000000 104.999992 75.000000 0.356300
180.000000 180.000000 25.000000 0.887600
330.000000 104.999992 75.000000 0.246500
104.999992 480.000031 245.000000 0.583500
405.000031 30.000002 85.000000 0.289600
30.000002 30.000002 95.000000 1.224100
30.000002 480.000031 165.000000 1.320600
180.000000 30.000002 15.000001 0.311500
30.000002 30.000002 45.000000 1.500100
255.000000 180.000000 245.000000 1.545800
104.999992 180.000000 85.000000 1.254700
480.000031 405.000031 15.000001 0.354700
30.000002 255.000000 85.000000 0.701900
104.999992 405.000031 115.000000 0.420300
30.000002 330.000000 115.000000 1.597400
255.000000 180.000000 75.000000 0.690900
30.000002 104.999992 75.000000 1.283600
405.000031 30.000002 225.000000 1.678700
104.999992 255.000000 25.000000 0.652900
330.000000 104.999992 145.000000 0.951800
480.000031 180.000000 175.000000 0.239800
405.000031 30.000002 55.000000 0.176900
405.000031 330.000000 145.000000 1.083400
104.999992 255.000000 135.000000 1.227700
104.999992 255.000000 115.000000 2.376100
405.000031 405.000031 15.000001 0.814900
330.000000 480.000031 15.000001 0.738500
104.999992 480.000031 225.000000 0.664400
180.000000 330.000000 25.000000 0.823500
104.999992 180.000000 65.000000 0.487300
255.000000 405.000031 15.000001 5.448600
480.000031 104.999992 25.000000 0.260800
255.000000 104.999992 185.000000 0.174800
255.000000 480.000031 185.000000 0.411000
330.000000 104.999992 165.000000 0.862500
480.000031 30.000002 45.000000 0.185100
405.000031 104.999992 165.000000 0.727300
330.000000 255.000000 104.999992 0.649500
104.999992 330.000000 205.000000 1.697800
330.000000 30.000002 205.000000 0.321100
255.000000 30.000002 55.000000 0.918200
480.000031 180.000000 155.000000 0.239000
405.000031 104.999992 205.000000 6.434900
255.000000 330.000000 185.000000 7.043200
405.000031 405.000031 195.000000 0.143900
30.000002 30.000002 115.000000 1.792900
104.999992 255.000000 85.000000 1.067900
104.999992 480.000031 125.000000 0.319100
255.000000 255.000000 234.999985 2.297900
30.000002 330.000000 195.000000 0.541800
180.000000 330.000000 195.000000 11.902900
255.000000 255.000000 95.000000 0.536100
480.000031 330.000000 155.000000 0.878000
330.000000 480.000031 35.000000 0.867700
180.000000 405.000031 185.000000 4.832300
405.000031 104.999992 135.000000 0.747100
104.999992 330.000000 95.000000 0.313300
330.000000 180.000000 85.000000 0.900600
405.000031 104.999992 45.000000 0.413900
330.000000 330.000000 185.000000 1.386600
330.000000 104.999992 65.000000 0.344900
104.999992 330.000000 234.999985 0.822100
405.000031 180.000000 45.000000 0.932400
330.000000 255.000000 234.999985 1.506700
255.000000 30.000002 125.000000 2.218800
104.999992 30.000002 125.000000 2.892800
255.000000 255.000000 125.000000 0.423300
180.000000 480.000031 55.000000 1.281400
30.000002 30.000002 205.000000 1.030900
405.000031 480.000031 135.000000 0.421100
30.000002 30.000002 155.000000 0.624600
480.000031 180.000000 55.000000 1.703200
330.000000 180.000000 165.000000 1.004700
104.999992 480.000031 115.000000 0.398700
104.999992 30.000002 145.000000 1.389400
255.000000 480.000031 115.000000 0.207800
180.000000 104.999992 205.000000 0.393800
30.000002 405.000031 65.000000 0.848700
180.000000 255.000000 115.000000 0.758900
30.000002 104.999992 225.000000 0.799200
330.000000 405.000031 165.000000 2.025000
255.000000 30.000002 65.000000 0.953700
30.000002 255.000000 125.000000 1.181400
104.999992 405.000031 155.000000 0.883500
30.000002 480.000031 234.999985 0.501600
480.000031 330.000000 65.000000 0.428300
330.000000 104.999992 245.000000 1.842100
180.000000 30.000002 35.000000 0.185200
480.000031 255.000000 55.000000 0.914700
255.000000 180.000000 155.000000 0.913000
255.000000 405.000031 155.000000 1.366500
255.000000 180.000000 95.000000 0.652700
330.000000 30.000002 185.000000 0.283700
405.000031 405.000031 234.999985 0.955800
480.000031 480.000031 35.000000 1.560700
104.999992 405.000031 245.000000 0.684300
180.000000 104.999992 35.000000 0.553500
104.999992 180.000000 95.000000 2.570600
405.000031 480.000031 75.000000 0.395900
405.000031 330.000000 95.000000 0.445100
104.999992 405.000031 145.000000 0.768500
30.000002 480.000031 225.000000 0.579300
180.000000 30.000002 145.000000 1.857600
480.000031 255.000000 95.000000 0.921500
104.999992 180.000000 75.000000 0.809200
104.999992 180.000000 125.000000 6.557500
30.000002 104.999992 35.000000 2.064900
180.000000 255.000000 205.000000 0.930700
180.000000 180.000000 85.000000 1.064800
405.000031 104.999992 95.000000 0.649300
30.000002 255.000000 155.000000 2.017600
30.000002 480.000031 85.000000 0.848000
180.000000 180.000000 55.000000 0.336200
330.000000 480.000031 104.999992 0.220800
104.999992 405.000031 15.000001 1.456100
480.000031 104.999992 185.000000 0.353200
405.000031 255.000000 145.000000 0.187200
480.000031 330.000000 15.000001 0.799800
255.000000 480.000031 15.000001 2.059500
405.000031 480.000031 115.000000 0.266800
180.000000 30.000002 55.000000 0.387200
104.999992 104.999992 115.000000 4.334400
330.000000 330.000000 155.000000 0.459000
330.000000 330.000000 75.000000 0.576400
104.999992 480.000031 25.000000 2.678600
104.999992 330.000000 104.999992 0.451000
30.000002 330.000000 75.000000 1.741500
180.000000 180.000000 45.000000 0.413900
480.000031 255.000000 65.000000 1.104400
330.000000 255.000000 205.000000 4.408300
480.000031 255.000000 234.999985 0.481900
180.000000 255.000000 145.000000 0.550800
405.000031 330.000000 104.999992 0.433200
255.000000 405.000031 135.000000 0.374900
480.000031 480.000031 135.000000 0.249700
255.000000 255.000000 135.000000 0.475800
480.000031 30.000002 175.000000 0.610300
30.000002 405.000031 245.000000 1.415700
180.000000 255.000000 85.000000 0.514200
480.000031 255.000000 245.000000 0.536000
180.000000 104.999992 55.000000 0.323100
480.000031 480.000031 205.000000 0.406300
104.999992 330.000000 155.000000 0.837500
30.000002 104.999992 15.000001 0.900700
405.000031 255.000000 225.000000 0.630500
255.000000 405.000031 95.000000 0.239400
104.999992 255.000000 145.000000 0.850200
30.000002 180.000000 155.000000 1.286400
104.999992 255.000000 104.999992 2.986000
30.000002 405.000031 135.000000 2.325300
255.000000 405.000031 245.000000 0.138500
180.000000 480.000031 145.000000 0.428700
255.000000 104.999992 45.000000 0.508300
180.000000 180.000000 145.000000 2.477500
30.000002 330.000000 125.000000 1.308300
480.000031 30.000002 15.000001 0.091000
30.000002 405.000031 15.000001 1.846300
480.000031 405.000031 115.000000 0.336400
30.000002 330.000000 25.000000 0.895900
104.999992 480.000031 104.999992 0.405000
104.999992 104.999992 175.000000 0.561100
405.000031 255.000000 215.000015 1.054700
104.999992 104.999992 225.000000 0.749500
480.000031 104.999992 225.000000 1.435700
480.000031 330.000000 135.000000 0.955100
330.000000 180.000000 225.000000 5.899400
330.000000 255.000000 155.000000 0.237700
104.999992 330.000000 215.000015 1.228900
405.000031 405.000031 75.000000 0.553700
255.000000 480.000031 165.000000 0.726800
255.000000 30.000002 195.000000 0.239600
405.000031 255.000000 104.999992 0.473000
255.000000 180.000000 65.000000 0.855600
30.000002 180.000000 15.000001 0.512200
180.000000 330.000000 125.000000 0.155400
180.000000 180.000000 215.000015 0.290500
104.999992 405.000031 95.000000 0.289800
480.000031 180.000000 25.000000 0.670100
480.000031 180.000000 245.000000 0.805500
30.000002 104.999992 215.000015 0.842100
104.999992 480.000031 215.000015 0.890800
255.000000 180.000000 234.999985 2.166600
330.000000 330.000000 45.000000 1.299800
30.000002 104.999992 115.000000 3.696400
180.000000 30.000002 165.000000 1.351600
330.000000 30.000002 225.000000 0.356700
405.000031 255.000000 95.000000 0.547900
255.000000 255.000000 45.000000 3.045200
480.000031 255.000000 15.000001 0.881700
180.000000 330.000000 175.000000 2.561800
330.000000 104.999992 195.000000 1.097000
255.000000 480.000031 55.000000 0.712300
330.000000 255.000000 75.000000 1.172700
255.000000 180.000000 85.000000 0.668000
30.000002 255.000000 215.000015 0.691200
480.000031 255.000000 215.000015 0.475700
480.000031 405.000031 145.000000 1.064500
330.000000 30.000002 195.000000 0.332400
405.000031 180.000000 135.000000 0.900500
30.000002 104.999992 175.000000 0.146600
255.000000 180.000000 15.000001 1.397200
255.000000 405.000031 65.000000 0.805600
405.000031 255.000000 245.000000 0.345700
255.000000 405.000031 115.000000 0.229900
405.000031 180.000000 15.000001 0.359100
480.000031 104.999992 65.000000 2.075100
330.000000 180.000000 155.000000 0.853700
255.000000 330.000000 125.000000 0.194000
255.000000 255.000000 215.000015 3.345000
405.000031 255.000000 155.000000 0.199300
30.000002 405.000031 234.999985 1.282400
480.000031 330.000000 215.000015 0.225600
255.000000 180.000000 145.000000 0.979900
405.000031 330.000000 75.000000 0.603800
330.000000 480.000031 234.999985 0.496400
330.000000 180.000000 115.000000 0.624600
104.999992 405.000031 215.000015 3.804500
255.000000 180.000000 25.000000 1.249800
480.000031 405.000031 65.000000 0.207000
405.000031 330.000000 155.000000 0.797900
180.000000 405.000031 245.000000 0.463700
405.000031 405.000031 55.000000 0.834400
405.000031 405.000031 185.000000 0.322800
104.999992 255.000000 234.999985 0.483200
330.000000 480.000031 75.000000 0.475000
330.000000 30.000002 165.000000 0.478000
480.000031 480.000031 85.000000 0.326600
330.000000 330.000000 195.000000 1.429800
480.000031 180.000000 115.000000 1.168100
480.000031 405.000031 135.000000 0.754300
330.000000 255.000000 165.000000 0.416000
104.999992 330.000000 75.000000 0.291900
255.000000 30.000002 45.000000 1.103700
405.000031 405.000031 95.000000 0.339400
104.999992 255.000000 55.000000 0.735300
104.999992 480.000031 135.000000 0.271500
30.000002 330.000000 165.000000 1.660300
104.999992 30.000002 95.000000 2.433400
180.000000 480.000031 165.000000 0.443600
480.000031 255.000000 165.000000 0.265200
104.999992 104.999992 125.000000 4.842600
104.999992 104.999992 15.000001 0.328800
405.000031 180.000000 175.000000 0.491800
480.000031 330.000000 85.000000 0.315700
330.000000 30.000002 234.999985 0.479700
405.000031 180.000000 234.999985 3.444700
480.000031 30.000002 165.000000 0.526100
480.000031 480.000031 215.000015 0.879700
104.999992 104.999992 165.000000 0.795600
180.000000 330.000000 95.000000 0.109200
104.999992 405.000031 185.000000 5.929100
330.000000 180.000000 35.000000 1.102800
330.000000 405.000031 125.000000 0.213200
405.000031 104.999992 175.000000 1.452500
104.999992 180.000000 55.000000 0.529200
30.000002 180.000000 245.000000 0.335500
104.999992 330.000000 45.000000 0.796900
104.999992 480.000031 55.000000 2.142800
104.999992 180.000000 245.000000 0.252100
30.000002 405.000031 165.000000 4.814400
330.000000 330.000000 175.000000 1.238500
330.000000 255.000000 95.000000 0.601500
255.000000 330.000000 45.000000 5.040500
405.000031 30.000002 125.000000 0.324500
405.000031 255.000000 115.000000 0.516000
405.000031 480.000031 95.000000 0.215500
30.000002 405.000031 75.000000 0.629900
180.000000 480.000031 65.000000 0.655800
330.000000 104.999992 85.000000 0.248100
405.000031 330.000000 85.000000 0.529000
405.000031 255.000000 135.000000 0.281300
405.000031 104.999992 115.000000 0.811100
330.000000 330.000000 225.000000 0.455500
330.000000 405.000031 245.000000 0.257300
480.000031 180.000000 35.000000 0.991400
30.000002 104.999992 125.000000 2.622600
405.000031 255.000000 65.000000 0.836800
330.000000 180.000000 65.000000 1.534700
104.999992 330.000000 135.000000 0.525700
180.000000 330.000000 185.000000 6.697100
180.000000 104.999992 234.999985 0.365000
255.000000 405.000031 35.000000 5.409100
30.000002 405.000031 215.000015 1.327500
104.999992 480.000031 15.000001 1.802200
30.000002 480.000031 195.000000 1.570800
104.999992 405.000031 75.000000 0.251500
405.000031 180.000000 25.000000 0.463800
104.999992 180.000000 165.000000 1.280700
255.000000 330.000000 215.000015 9.671400
330.000000 480.000031 155.000000 0.512300
180.000000 480.000031 155.000000 0.362300
30.000002 180.000000 195.000000 2.014200
330.000000 405.000031 85.000000 0.333100
180.000000 405.000031 234.999985 0.988900
180.000000 30.000002 75.000000 0.729300
180.000000 480.000031 35.000000 1.950100
104.999992 104.999992 45.000000 0.216500
255.000000 330.000000 195.000000 14.839800
30.000002 330.000000 65.000000 1.162400
30.000002 255.000000 205.000000 1.187800
180.000000 180.000000 95.000000 2.902100
255.000000 480.000031 104.999992 0.121900
180.000000 480.000031 225.000000 0.458700
180.000000 255.000000 55.000000 0.582600
405.000031 104.999992 215.000015 7.349100
30.000002 30.000002 135.000000 1.340500
104.999992 330.000000 225.000000 0.898500
255.000000 30.000002 225.000000 0.468400
330.000000 255.000000 35.000000 2.246200
330.000000 405.000031 15.000001 2.514900
255.000000 405.000031 195.000000 1.553400
480.000031 30.000002 25.000000 0.102700
405.000031 480.000031 104.999992 0.201800
330.000000 480.000031 205.000000 0.110500
330.000000 30.000002 104.999992 0.997500
30.000002 255.000000 145.000000 1.163200
255.000000 480.000031 135.000000 0.370000
330.000000 480.000031 55.000000 0.771600
255.000000 255.000000 145.000000 0.413200
330.000000 255.000000 185.000000 1.613600
480.000031 480.000031 45.000000 1.231900
30.000002 180.000000 25.000000 0.715400
30.000002 255.000000 185.000000 1.961500
30.000002 405.000031 115.000000 1.603800
30.000002 180.000000 115.000000 4.258000
255.000000 30.000002 205.000000 0.283900
30.000002 255.000000 165.000000 2.440400
405.000031 480.000031 165.000000 0.165400
180.000000 480.000031 175.000000 0.444900
180.000000 180.000000 65.000000 0.361800
104.999992 104.999992 155.000000 0.713500
104.999992 405.000031 35.000000 1.961700
255.000000 330.000000 95.000000 0.450900
405.000031 180.000000 65.000000 2.403700
104.999992 104.999992 215.000015 0.914600
30.000002 405.000031 125.000000 2.438300
330.000000 405.000031 175.000000 1.531600
104.999992 30.000002 234.999985 0.683300
330.000000 405.000031 45.000000 0.944700
30.000002 330.000000 55.000000 1.073400
180.000000 104.999992 165.000000 0.713500
180.000000 405.000031 35.000000 1.941400
480.000031 330.000000 25.000000 1.026100
255.000000 30.000002 155.000000 0.391400
405.000031 104.999992 25.000000 0.183700
180.000000 480.000031 135.000000 0.423000
255.000000 180.000000 205.000000 0.505100
104.999992 255.000000 165.000000 0.736700
104.999992 480.000031 165.000000 0.864400
480.000031 330.000000 45.000000 0.820900
30.000002 480.000031 25.000000 2.879900
330.000000 180.000000 15.000001 0.921700
30.000002 30.000002 104.999992 1.712000
104.999992 255.000000 245.000000 0.398800
405.000031 330.000000 115.000000 0.509400
30.000002 480.000031 115.000000 0.623300
255.000000 405.000031 215.000015 0.724800
180.000000 104.999992 175.000000 0.555600
104.999992 180.000000 234.999985 0.320100
255.000000 180.000000 55.000000 1.102100
480.000031 255.000000 225.000000 0.486500
480.000031 405.000031 225.000000 0.694600
330.000000 104.999992 205.000000 1.168800
330.000000 330.000000 115.000000 0.226100
180.000000 405.000031 55.000000 0.908400
180.000000 330.000000 135.000000 0.144000
330.000000 405.000031 65.000000 0.667300
330.000000 104.999992 234.999985 2.580400
104.999992 180.000000 35.000000 0.600700
255.000000 104.999992 35.000000 0.845900
255.000000 480.000031 75.000000 0.320500
330.000000 180.000000 185.000000 2.055400
180.000000 30.000002 175.000000 0.872600
405.000031 405.000031 125.000000 0.594800
255.000000 180.000000 195.000000 0.341100
30.000002 104.999992 65.000000 0.984800
405.000031 480.000031 245.000000 2.296800
330.000000 104.999992 115.000000 0.321000
480.000031 104.999992 85.000000 3.615400
330.000000 405.000031 35.000000 1.324500
330.000000 104.999992 135.000000 0.691400
330.000000 330.000000 245.000000 0.214100
255.000000 480.000031 155.000000 0.703500
480.000031 480.000031 155.000000 0.118800
104.999992 255.000000 75.000000 0.859300
180.000000 405.000031 95.000000 0.219600
480.000031 405.000031 85.000000 0.151500
405.000031 330.000000 25.000000 2.078500
255.000000 480.000031 25.000000 2.226800
480.000031 330.000000 95.000000 0.313100
405.000031 104.999992 145.000000 0.591900
330.000000 480.000031 175.000000 0.233700
180.000000 30.000002 104.999992 2.294400
30.000002 330.000000 234.999985 0.933700
480.000031 255.000000 205.000000 0.596400
330.000000 255.000000 115.000000 0.453300
480.000031 180.000000 65.000000 2.182900
30.000002 30.000002 85.000000 0.824900
330.000000 330.000000 125.000000 0.160500
30.000002 255.000000 45.000000 0.702200
255.000000 330.000000 55.000000 2.191100
255.000000 255.000000 225.000000 3.552600
405.000031 104.999992 234.999985 4.171600
330.000000 480.000031 85.000000 0.288800
180.000000 255.000000 225.000000 0.735800
104.999992 480.000031 205.000000 1.279800
405.000031 30.000002 65.000000 0.223100
30.000002 104.999992 234.999985 0.689900
104.999992 255.000000 15.000001 0.609400
255.000000 30.000002 234.999985 0.695500
405.000031 405.000031 225.000000 0.362300
30.000002 30.000002 175.000000 0.474900
180.000000 104.999992 85.000000 0.735400
330.000000 180.000000 215.000015 6.294200
330.000000 405.000031 225.000000 0.259700
480.000031 480.000031 25.000000 0.984500
330.000000 480.000031 245.000000 0.526200
255.000000 180.000000 35.000000 1.327600
405.000031 480.000031 185.000000 0.084200
180.000000 330.000000 45.000000 0.703900
480.000031 480.000031 185.000000 0.087600
30.000002 480.000031 15.000001 2.606400
180.000000 330.000000 155.000000 0.405700
30.000002 480.000031 75.000000 1.205600
405.000031 180.000000 104.999992 1.779100
480.000031 30.000002 95.000000 0.925500
255.000000 104.999992 55.000000 0.515000
180.000000 405.000031 155.000000 0.570700
180.000000 405.000031 75.000000 0.305200
480.000031 330.000000 55.000000 0.702800
480.000031 180.000000 85.000000 2.061400
255.000000 330.000000 245.000000 0.494400
255.000000 255.000000 195.000000 2.620200
405.000031 480.000031 125.000000 0.334300
30.000002 480.000031 245.000000 0.678400
30.000002 480.000031 185.000000 1.426800
255.000000 255.000000 65.000000 1.762600
255.000000 30.000002 75.000000 0.769800
480.000031 405.000031 25.000000 0.372000
405.000031 30.000002 145.000000 0.288900
330.000000 330.000000 234.999985 0.341200
480.000031 480.000031 234.999985 2.276700
180.000000 480.000031 215.000015 0.517500
255.000000 330.000000 75.000000 0.756000
180.000000 330.000000 75.000000 0.146800
180.000000 255.000000 15.000001 0.721000
255.000000 405.000031 85.000000 0.312900
405.000031 405.000031 115.000000 0.399500
30.000002 30.000002 125.000000 1.952500
405.000031 180.000000 205.000000 6.163600
480.000031 104.999992 195.000000 0.547400
180.000000 104.999992 15.000001 1.147700
255.000000 330.000000 115.000000 0.233600
104.999992 180.000000 15.000001 0.876600
480.000031 104.999992 115.000000 2.439700
480.000031 180.000000 215.000015 1.412200
405.000031 255.000000 185.000000 0.592300
480.000031 104.999992 234.999985 0.971900
30.000002 30.000002 165.000000 0.465000
480.000031 180.000000 234.999985 1.300400
330.000000 405.000031 25.000000 1.957700
180.000000 30.000002 125.000000 2.050200
255.000000 255.000000 15.000001 2.170200
180.000000 405.000031 165.000000 1.152300
330.000000 255.000000 195.000000 3.141000
405.000031 480.000031 225.000000 0.526400
30.000002 104.999992 135.000000 1.088800
330.000000 480.000031 65.000000 0.653100
30.000002 104.999992 195.000000 0.485000
405.000031 30.000002 175.000000 1.086100
104.999992 104.999992 104.999992 5.100500
330.000000 330.000000 65.000000 0.818300
104.999992 405.000031 125.000000 0.489200
30.000002 255.000000 35.000000 0.668100
104.999992 330.000000 185.000000 2.188700
180.000000 180.000000 245.000000 0.356800
480.000031 180.000000 95.000000 1.764600
104.999992 330.000000 115.000000 0.501000
104.999992 104.999992 234.999985 0.563300
104.999992 104.999992 95.000000 2.733100
330.000000 405.000031 234.999985 0.250900
330.000000 405.000031 75.000000 0.595800
330.000000 104.999992 104.999992 0.284900
104.999992 480.000031 175.000000 0.709900
104.999992 255.000000 125.000000 1.336200
255.000000 330.000000 25.000000 4.095000
30.000002 255.000000 115.000000 1.007300
405.000031 30.000002 205.000000 2.148800
480.000031 104.999992 15.000001 0.314000
180.000000 104.999992 95.000000 1.858600
480.000031 330.000000 115.000000 0.582100
30.000002 180.000000 165.000000 1.330900
405.000031 255.000000 195.000000 1.273800
180.000000 255.000000 215.000015 0.716700
480.000031 480.000031 125.000000 0.237300
480.000031 30.000002 135.000000 0.241100
180.000000 405.000031 125.000000 0.180500
330.000000 104.999992 95.000000 0.244400
180.000000 104.999992 104.999992 2.796000
330.000000 255.000000 65.000000 1.847700
480.000031 405.000031 95.000000 0.198000
104.999992 104.999992 55.000000 0.256900
480.000031 405.000031 245.000000 2.451400
405.000031 180.000000 35.000000 0.475700
405.000031 104.999992 195.000000 4.124500
255.000000 480.000031 65.000000 0.567400
180.000000 330.000000 115.000000 0.181000
255.000000 30.000002 145.000000 0.744600
180.000000 104.999992 125.000000 7.356100
330.000000 104.999992 25.000000 0.449800
180.000000 180.000000 155.000000 1.040100
30.000002 255.000000 65.000000 0.691000
180.000000 405.000031 15.000001 1.495400
255.000000 255.000000 175.000000 1.138900
480.000031 330.000000 35.000000 1.078200
180.000000 405.000031 115.000000 0.223700
330.000000 480.000031 225.000000 0.234200
330.000000 180.000000 25.000000 0.935900
30.000002 180.000000 215.000015 1.251200
104.999992 405.000031 55.000000 0.623300
180.000000 255.000000 165.000000 0.346800
104.999992 255.000000 195.000000 0.303000
330.000000 104.999992 155.000000 0.926400
255.000000 104.999992 65.000000 0.434900
330.000000 330.000000 215.000015 0.902600
330.000000 255.000000 135.000000 0.292600
104.999992 255.000000 155.000000 0.710600
255.000000 480.000031 225.000000 0.231800
480.000031 255.000000 195.000000 0.587000
30.000002 180.000000 75.000000 0.753600
255.000000 405.000031 225.000000 0.425700
180.000000 255.000000 45.000000 0.918400
480.000031 30.000002 205.000000 0.565100
480.000031 405.000031 185.000000 0.138100
30.000002 480.000031 145.000000 0.563300
180.000000 30.000002 155.000000 1.807500
405.000031 30.000002 25.000000 0.122600
255.000000 405.000031 175.000000 1.812000
255.000000 104.999992 85.000000 0.556200
330.000000 180.000000 55.000000 1.080800
104.999992 104.999992 145.000000 1.273100
255.000000 104.999992 25.000000 1.164000
180.000000 30.000002 25.000000 0.214500
30.000002 330.000000 215.000015 0.797400
104.999992 180.000000 25.000000 0.701100
480.000031 255.000000 175.000000 0.346600
30.000002 330.000000 145.000000 1.355200
480.000031 104.999992 165.000000 0.300700
405.000031 405.000031 215.000015 0.261200
480.000031 255.000000 35.000000 1.273900
405.000031 180.000000 185.000000 1.214400
180.000000 180.000000 75.000000 0.610600
180.000000 255.000000 25.000000 1.085000
104.999992 180.000000 155.000000 1.437900
104.999992 104.999992 25.000000 0.279000
330.000000 330.000000 25.000000 3.844600
255.000000 330.000000 175.000000 3.069800
30.000002 30.000002 25.000000 1.271800
405.000031 330.000000 234.999985 0.368100
30.000002 405.000031 175.000000 2.676400
255.000000 30.000002 215.000015 0.272200
480.000031 330.000000 145.000000 1.078700
104.999992 405.000031 25.000000 2.032400
30.000002 30.000002 215.000015 0.944900
330.000000 330.000000 35.000000 1.848100
405.000031 104.999992 245.000000 2.433300
255.000000 30.000002 85.000000 1.154100
180.000000 104.999992 115.000000 6.949600
104.999992 180.000000 145.000000 2.013300
405.000031 405.000031 175.000000 0.740200
180.000000 104.999992 25.000000 0.750600
405.000031 104.999992 55.000000 0.557000
180.000000 30.000002 115.000000 2.903400
180.000000 330.000000 55.000000 0.358000
405.000031 330.000000 15.000001 2.831100
405.000031 30.000002 75.000000 0.229800
255.000000 405.000031 125.000000 0.251700
255.000000 330.000000 165.000000 1.490200
405.000031 330.000000 65.000000 0.763100
104.999992 180.000000 115.000000 8.600600
330.000000 104.999992 215.000015 2.094800
30.000002 104.999992 145.000000 0.550600
480.000031 104.999992 55.000000 1.103600
480.000031 30.000002 35.000000 0.093700
180.000000 480.000031 115.000000 0.372400
405.000031 330.000000 55.000000 0.785500
330.000000 330.000000 95.000000 0.385200
330.000000 480.000031 145.000000 0.414800
104.999992 30.000002 75.000000 0.674400
255.000000 180.000000 45.000000 1.243200
180.000000 180.000000 15.000001 0.784400
480.000031 480.000031 65.000000 0.602100
