pygeostat_saved_data
4
X
Y
Z
value
180.000000 30.000002 95.000000 1.660700
180.000000 104.999992 85.000000 0.637100
405.000031 180.000000 115.000000 1.439900
330.000000 104.999992 215.000015 2.131700
405.000031 405.000031 215.000015 0.193000
104.999992 480.000031 65.000000 1.345200
180.000000 405.000031 85.000000 0.165000
104.999992 104.999992 205.000000 1.139400
405.000031 104.999992 234.999985 4.719300
104.999992 30.000002 225.000000 1.056200
480.000031 330.000000 205.000000 0.127600
480.000031 255.000000 155.000000 0.179000
480.000031 480.000031 65.000000 0.505800
180.000000 255.000000 145.000000 0.456400
480.000031 30.000002 245.000000 0.384900
480.000031 255.000000 145.000000 0.188800
405.000031 255.000000 175.000000 0.223400
30.000002 30.000002 75.000000 0.506800
480.000031 480.000031 234.999985 2.346600
330.000000 255.000000 35.000000 2.310300
405.000031 30.000002 75.000000 0.166500
30.000002 480.000031 234.999985 0.409700
330.000000 330.000000 185.000000 1.324300
104.999992 480.000031 195.000000 1.060300
330.000000 180.000000 165.000000 0.913100
405.000031 405.000031 234.999985 0.862100
255.000000 255.000000 25.000000 3.166800
104.999992 480.000031 155.000000 0.391600
180.000000 405.000031 15.000001 1.444900
405.000031 180.000000 25.000000 0.374300
255.000000 104.999992 245.000000 0.667400
104.999992 255.000000 75.000000 0.762400
255.000000 30.000002 145.000000 0.646300
480.000031 104.999992 75.000000 2.974000
30.000002 330.000000 145.000000 1.289700
30.000002 104.999992 35.000000 2.096600
405.000031 480.000031 215.000015 0.152200
30.000002 255.000000 165.000000 2.542400
104.999992 104.999992 104.999992 5.951300
255.000000 255.000000 95.000000 0.442400
255.000000 180.000000 135.000000 0.805200
180.000000 480.000031 55.000000 1.209100
30.000002 180.000000 115.000000 4.832200
330.000000 480.000031 95.000000 0.254600
405.000031 30.000002 195.000000 1.739800
255.000000 255.000000 85.000000 0.521800
30.000002 30.000002 225.000000 0.746500
180.000000 30.000002 185.000000 0.722800
104.999992 480.000031 35.000000 3.671100
255.000000 255.000000 35.000000 4.109300
405.000031 330.000000 45.000000 1.187700
330.000000 255.000000 195.000000 3.401700
104.999992 405.000031 135.000000 0.588500
104.999992 405.000031 125.000000 0.398100
180.000000 480.000031 185.000000 0.356100
405.000031 255.000000 145.000000 0.131400
180.000000 30.000002 85.000000 1.471700
30.000002 104.999992 234.999985 0.591800
330.000000 180.000000 145.000000 0.678200
30.000002 255.000000 215.000015 0.593100
330.000000 104.999992 195.000000 1.010600
330.000000 180.000000 85.000000 0.804800
480.000031 330.000000 125.000000 0.635400
104.999992 255.000000 115.000000 2.465200
255.000000 480.000031 85.000000 0.128500
104.999992 255.000000 55.000000 0.637000
30.000002 405.000031 75.000000 0.532800
255.000000 30.000002 225.000000 0.378600
180.000000 480.000031 125.000000 0.290300
180.000000 330.000000 15.000001 0.765200
180.000000 255.000000 25.000000 0.997900
30.000002 405.000031 125.000000 2.539800
30.000002 330.000000 185.000000 0.688200
104.999992 330.000000 45.000000 0.699000
255.000000 330.000000 25.000000 4.619500
480.000031 30.000002 215.000015 0.643000
330.000000 180.000000 35.000000 1.016800
104.999992 480.000031 215.000015 0.794800
104.999992 180.000000 195.000000 0.508000
180.000000 180.000000 15.000001 0.686300
480.000031 405.000031 115.000000 0.258400
480.000031 330.000000 135.000000 0.861400
180.000000 30.000002 205.000000 0.713400
30.000002 30.000002 35.000000 1.455600
480.000031 330.000000 155.000000 0.781600
480.000031 30.000002 185.000000 0.360500
255.000000 480.000031 65.000000 0.472300
255.000000 30.000002 25.000000 1.166800
180.000000 30.000002 165.000000 1.285800
330.000000 104.999992 165.000000 0.765800
255.000000 180.000000 215.000015 0.624400
180.000000 30.000002 195.000000 0.816300
30.000002 255.000000 115.000000 0.915900
330.000000 180.000000 45.000000 1.032700
405.000031 30.000002 234.999985 1.558400
330.000000 255.000000 135.000000 0.220000
330.000000 255.000000 65.000000 1.844200
480.000031 330.000000 145.000000 0.991200
30.000002 104.999992 175.000000 0.099100
480.000031 405.000031 234.999985 1.394800
104.999992 255.000000 104.999992 3.208800
405.000031 30.000002 104.999992 0.244000
180.000000 405.000031 125.000000 0.126000
330.000000 104.999992 55.000000 0.303900
255.000000 255.000000 175.000000 1.055300
180.000000 480.000031 104.999992 0.171500
480.000031 30.000002 234.999985 0.769000
480.000031 480.000031 15.000001 0.598400
330.000000 30.000002 165.000000 0.387500
30.000002 30.000002 135.000000 1.273500
30.000002 330.000000 155.000000 1.296500
30.000002 30.000002 25.000000 1.198600
405.000031 255.000000 245.000000 0.266600
405.000031 255.000000 155.000000 0.141300
405.000031 405.000031 95.000000 0.261100
180.000000 480.000031 45.000000 1.358900
180.000000 180.000000 25.000000 0.791500
255.000000 330.000000 135.000000 0.155500
180.000000 480.000031 225.000000 0.369600
30.000002 104.999992 115.000000 4.104700
180.000000 180.000000 234.999985 0.358000
255.000000 480.000031 155.000000 0.605300
30.000002 104.999992 155.000000 0.180600
180.000000 330.000000 245.000000 0.506900
330.000000 255.000000 95.000000 0.505200
30.000002 104.999992 104.999992 3.922400
255.000000 480.000031 234.999985 0.167400
480.000031 104.999992 245.000000 0.841100
405.000031 104.999992 155.000000 0.600700
30.000002 30.000002 45.000000 1.450100
330.000000 104.999992 205.000000 1.087400
104.999992 30.000002 125.000000 3.093500
255.000000 405.000031 185.000000 2.080600
480.000031 255.000000 225.000000 0.395500
405.000031 255.000000 65.000000 0.739500
30.000002 330.000000 135.000000 1.055100
104.999992 30.000002 165.000000 0.819400
255.000000 30.000002 205.000000 0.212500
330.000000 180.000000 175.000000 1.215100
480.000031 330.000000 245.000000 0.877700
180.000000 405.000031 45.000000 1.494600
330.000000 330.000000 125.000000 0.110100
255.000000 480.000031 115.000000 0.148200
480.000031 405.000031 225.000000 0.596400
30.000002 104.999992 135.000000 1.001900
405.000031 480.000031 25.000000 0.668900
480.000031 405.000031 155.000000 0.938600
405.000031 405.000031 175.000000 0.641900
180.000000 405.000031 165.000000 1.069600
104.999992 104.999992 135.000000 2.225500
255.000000 480.000031 225.000000 0.168100
30.000002 30.000002 15.000001 0.546500
180.000000 480.000031 135.000000 0.336600
480.000031 104.999992 45.000000 0.501500
255.000000 405.000031 115.000000 0.166600
480.000031 405.000031 185.000000 0.092500
255.000000 104.999992 35.000000 0.748700
480.000031 104.999992 25.000000 0.192600
30.000002 104.999992 195.000000 0.394100
104.999992 480.000031 225.000000 0.566700
330.000000 255.000000 234.999985 1.457500
104.999992 255.000000 95.000000 1.856800
405.000031 30.000002 205.000000 2.195200
255.000000 30.000002 35.000000 1.267800
405.000031 330.000000 145.000000 0.996200
330.000000 30.000002 85.000000 0.595800
480.000031 405.000031 145.000000 0.976200
480.000031 405.000031 125.000000 0.429100
104.999992 104.999992 115.000000 4.932400
255.000000 480.000031 104.999992 0.080100
255.000000 255.000000 104.999992 0.385900
30.000002 330.000000 25.000000 0.800100
330.000000 180.000000 125.000000 0.539700
30.000002 330.000000 175.000000 0.960400
104.999992 330.000000 145.000000 0.439800
180.000000 104.999992 195.000000 0.233400
405.000031 255.000000 115.000000 0.423300
330.000000 30.000002 135.000000 0.529800
180.000000 180.000000 145.000000 2.586900
255.000000 330.000000 205.000000 15.784000
180.000000 180.000000 175.000000 0.303600
255.000000 480.000031 135.000000 0.288400
330.000000 330.000000 234.999985 0.262600
30.000002 30.000002 65.000000 0.505500
405.000031 330.000000 55.000000 0.687400
405.000031 30.000002 115.000000 0.292700
104.999992 405.000031 75.000000 0.184700
104.999992 180.000000 215.000015 0.394000
255.000000 405.000031 85.000000 0.237700
255.000000 405.000031 215.000015 0.626500
255.000000 255.000000 195.000000 2.759600
180.000000 104.999992 115.000000 8.503800
180.000000 480.000031 234.999985 0.374900
480.000031 330.000000 65.000000 0.341400
405.000031 255.000000 45.000000 0.420700
405.000031 104.999992 25.000000 0.128600
104.999992 330.000000 65.000000 0.178800
330.000000 405.000031 135.000000 0.423200
180.000000 405.000031 225.000000 1.930100
180.000000 104.999992 135.000000 4.801000
330.000000 330.000000 65.000000 0.720600
480.000031 180.000000 205.000000 0.955100
255.000000 104.999992 55.000000 0.422300
30.000002 30.000002 165.000000 0.375400
255.000000 255.000000 65.000000 1.746600
330.000000 405.000031 245.000000 0.189600
405.000031 330.000000 215.000015 0.272100
255.000000 255.000000 75.000000 0.826900
405.000031 405.000031 35.000000 0.611800
330.000000 180.000000 25.000000 0.841400
480.000031 255.000000 195.000000 0.491200
405.000031 255.000000 234.999985 0.363900
30.000002 480.000031 45.000000 2.669700
104.999992 104.999992 35.000000 0.228200
104.999992 480.000031 185.000000 1.126700
30.000002 255.000000 234.999985 0.196700
104.999992 330.000000 95.000000 0.238100
104.999992 180.000000 165.000000 1.208200
255.000000 255.000000 15.000001 2.220400
480.000031 255.000000 45.000000 1.192700
180.000000 255.000000 175.000000 0.419000
480.000031 180.000000 85.000000 2.092500
30.000002 330.000000 165.000000 1.630200
405.000031 255.000000 215.000015 0.965800
330.000000 330.000000 145.000000 0.345600
405.000031 330.000000 15.000001 3.017400
405.000031 30.000002 245.000000 1.094500
255.000000 180.000000 185.000000 0.345400
30.000002 30.000002 104.999992 1.688900
180.000000 330.000000 35.000000 1.005600
255.000000 104.999992 125.000000 2.624900
30.000002 330.000000 245.000000 0.910900
104.999992 255.000000 15.000001 0.512900
180.000000 30.000002 145.000000 1.855600
480.000031 405.000031 55.000000 0.211600
104.999992 255.000000 85.000000 0.979800
405.000031 405.000031 185.000000 0.246400
30.000002 480.000031 35.000000 3.713300
405.000031 30.000002 165.000000 0.670000
480.000031 480.000031 55.000000 0.772800
405.000031 480.000031 155.000000 0.199800
480.000031 255.000000 55.000000 0.819400
480.000031 405.000031 95.000000 0.140200
255.000000 330.000000 45.000000 5.870600
30.000002 104.999992 15.000001 0.805000
405.000031 104.999992 115.000000 0.713300
104.999992 30.000002 195.000000 1.210800
255.000000 405.000031 195.000000 1.509700
330.000000 330.000000 175.000000 1.162400
180.000000 104.999992 75.000000 0.276100
180.000000 405.000031 234.999985 0.896600
405.000031 330.000000 65.000000 0.664900
255.000000 480.000031 215.000015 0.162700
405.000031 405.000031 45.000000 0.720900
405.000031 405.000031 135.000000 1.207900
330.000000 180.000000 245.000000 2.300300
180.000000 330.000000 195.000000 15.821301
180.000000 330.000000 65.000000 0.174100
30.000002 330.000000 55.000000 0.985600
30.000002 405.000031 195.000000 1.680300
405.000031 480.000031 85.000000 0.184000
30.000002 180.000000 65.000000 0.470900
30.000002 405.000031 65.000000 0.751600
180.000000 405.000031 55.000000 0.813000
30.000002 180.000000 145.000000 1.168700
405.000031 104.999992 65.000000 0.501200
104.999992 405.000031 15.000001 1.401100
104.999992 480.000031 175.000000 0.611600
255.000000 405.000031 55.000000 1.413000
30.000002 480.000031 185.000000 1.368600
180.000000 104.999992 205.000000 0.309900
104.999992 180.000000 85.000000 1.180000
30.000002 330.000000 104.999992 1.373600
180.000000 330.000000 165.000000 1.243500
104.999992 255.000000 185.000000 0.261400
255.000000 30.000002 55.000000 0.823100
104.999992 180.000000 55.000000 0.435900
104.999992 405.000031 35.000000 1.976200
330.000000 330.000000 135.000000 0.197100
480.000031 330.000000 55.000000 0.604600
480.000031 480.000031 25.000000 0.892000
480.000031 255.000000 245.000000 0.442300
30.000002 255.000000 145.000000 1.081300
30.000002 30.000002 234.999985 0.638000
180.000000 255.000000 45.000000 0.823300
480.000031 480.000031 35.000000 1.517900
30.000002 104.999992 85.000000 2.322400
330.000000 30.000002 234.999985 0.389100
104.999992 330.000000 35.000000 0.999800
255.000000 405.000031 155.000000 1.302100
255.000000 480.000031 35.000000 1.970200
104.999992 255.000000 165.000000 0.638300
480.000031 180.000000 75.000000 2.109900
330.000000 480.000031 245.000000 0.433000
180.000000 180.000000 165.000000 0.546100
405.000031 480.000031 175.000000 0.072700
330.000000 30.000002 185.000000 0.212300
405.000031 180.000000 225.000000 5.784800
330.000000 405.000031 85.000000 0.255500
104.999992 330.000000 195.000000 2.034100
480.000031 180.000000 135.000000 0.280600
104.999992 330.000000 205.000000 1.672700
255.000000 255.000000 215.000015 3.657800
330.000000 480.000031 175.000000 0.169700
180.000000 480.000031 215.000015 0.424800
330.000000 104.999992 104.999992 0.213300
30.000002 30.000002 175.000000 0.384600
180.000000 104.999992 145.000000 2.930800
405.000031 180.000000 95.000000 2.075200
180.000000 180.000000 85.000000 0.976500
330.000000 104.999992 65.000000 0.266000
330.000000 330.000000 35.000000 1.844700
405.000031 180.000000 195.000000 2.577700
180.000000 480.000031 25.000000 2.442900
330.000000 405.000031 35.000000 1.256100
30.000002 104.999992 45.000000 2.424900
480.000031 255.000000 135.000000 0.260200
255.000000 255.000000 225.000000 3.920900
255.000000 405.000031 225.000000 0.339000
30.000002 104.999992 125.000000 2.762500
405.000031 480.000031 115.000000 0.197700
255.000000 255.000000 165.000000 0.595400
104.999992 405.000031 145.000000 0.670300
104.999992 180.000000 205.000000 0.481900
330.000000 405.000031 215.000015 0.230400
180.000000 405.000031 245.000000 0.374200
405.000031 330.000000 75.000000 0.507400
30.000002 330.000000 75.000000 1.722600
255.000000 255.000000 45.000000 3.282300
104.999992 104.999992 155.000000 0.615300
30.000002 330.000000 85.000000 1.083200
405.000031 405.000031 205.000000 0.103200
104.999992 255.000000 195.000000 0.229100
180.000000 104.999992 35.000000 0.459000
104.999992 255.000000 155.000000 0.612400
180.000000 255.000000 155.000000 0.323300
180.000000 480.000031 245.000000 0.352000
30.000002 30.000002 95.000000 1.146900
255.000000 330.000000 65.000000 1.409000
180.000000 104.999992 55.000000 0.246700
330.000000 480.000031 234.999985 0.404800
405.000031 104.999992 205.000000 7.781400
104.999992 104.999992 75.000000 0.602400
30.000002 330.000000 125.000000 1.238300
104.999992 330.000000 125.000000 0.427300
330.000000 104.999992 75.000000 0.180500
30.000002 255.000000 185.000000 1.976000
30.000002 480.000031 125.000000 0.485100
480.000031 180.000000 215.000015 1.352600
330.000000 104.999992 155.000000 0.831500
104.999992 480.000031 45.000000 3.281700
104.999992 180.000000 65.000000 0.396300
330.000000 30.000002 25.000000 0.577800
104.999992 255.000000 45.000000 0.662500
30.000002 180.000000 125.000000 3.000900
255.000000 180.000000 85.000000 0.570200
480.000031 255.000000 165.000000 0.196400
330.000000 330.000000 104.999992 0.184200
330.000000 255.000000 104.999992 0.552000
180.000000 405.000031 35.000000 1.952600
180.000000 104.999992 125.000000 9.080300
180.000000 30.000002 234.999985 0.477100
480.000031 255.000000 85.000000 0.979300
104.999992 405.000031 195.000000 7.328000
104.999992 104.999992 45.000000 0.155400
104.999992 405.000031 115.000000 0.334100
255.000000 480.000031 205.000000 0.215700
330.000000 480.000031 215.000015 0.104100
480.000031 30.000002 25.000000 0.065700
30.000002 480.000031 55.000000 2.442500
104.999992 405.000031 25.000000 2.058600
180.000000 30.000002 35.000000 0.129800
104.999992 30.000002 135.000000 2.250700
30.000002 255.000000 225.000000 0.368100
405.000031 330.000000 85.000000 0.435700
480.000031 330.000000 215.000015 0.163000
405.000031 30.000002 25.000000 0.080600
255.000000 330.000000 155.000000 0.630600
104.999992 104.999992 125.000000 5.605500
255.000000 30.000002 95.000000 1.851900
255.000000 480.000031 55.000000 0.614100
480.000031 104.999992 104.999992 2.912700
480.000031 30.000002 165.000000 0.432900
255.000000 180.000000 245.000000 1.501200
405.000031 180.000000 245.000000 2.482700
480.000031 180.000000 195.000000 0.727500
255.000000 180.000000 55.000000 1.016100
330.000000 255.000000 115.000000 0.364500
405.000031 104.999992 85.000000 0.783200
255.000000 30.000002 245.000000 1.024900
330.000000 405.000031 45.000000 0.850600
480.000031 104.999992 195.000000 0.453200
330.000000 104.999992 85.000000 0.181900
405.000031 180.000000 125.000000 0.995000
255.000000 180.000000 234.999985 2.216200
104.999992 405.000031 55.000000 0.526400
104.999992 30.000002 65.000000 0.213000
104.999992 330.000000 104.999992 0.362400
180.000000 330.000000 234.999985 1.642800
30.000002 255.000000 15.000001 0.191800
330.000000 180.000000 115.000000 0.527700
30.000002 180.000000 45.000000 0.817700
255.000000 30.000002 65.000000 0.859900
330.000000 255.000000 125.000000 0.260900
480.000031 30.000002 125.000000 0.165100
480.000031 30.000002 45.000000 0.129700
480.000031 30.000002 195.000000 0.394300
405.000031 405.000031 85.000000 0.395600
255.000000 330.000000 75.000000 0.657700
180.000000 480.000031 175.000000 0.356800
180.000000 104.999992 104.999992 2.974400
180.000000 255.000000 55.000000 0.486900
104.999992 104.999992 225.000000 0.651100
330.000000 330.000000 85.000000 0.355300
255.000000 255.000000 135.000000 0.385500
255.000000 480.000031 95.000000 0.104300
480.000031 180.000000 175.000000 0.174900
180.000000 30.000002 55.000000 0.303900
330.000000 255.000000 175.000000 0.696100
30.000002 180.000000 135.000000 1.880200
255.000000 255.000000 145.000000 0.327600
180.000000 255.000000 185.000000 0.390600
330.000000 180.000000 234.999985 4.850300
255.000000 104.999992 185.000000 0.121400
104.999992 480.000031 234.999985 0.471600
255.000000 405.000031 65.000000 0.707800
255.000000 330.000000 165.000000 1.439000
405.000031 30.000002 95.000000 0.253000
255.000000 255.000000 185.000000 1.825600
405.000031 330.000000 195.000000 0.327200
104.999992 255.000000 245.000000 0.314500
255.000000 330.000000 175.000000 3.312900
30.000002 480.000031 75.000000 1.126900
180.000000 255.000000 125.000000 0.679000
330.000000 30.000002 245.000000 0.454100
405.000031 405.000031 155.000000 2.656700
30.000002 405.000031 175.000000 2.828100
255.000000 180.000000 175.000000 0.470700
405.000031 330.000000 115.000000 0.417100
330.000000 30.000002 104.999992 0.905600
480.000031 104.999992 125.000000 1.405400
104.999992 480.000031 55.000000 2.188100
255.000000 104.999992 215.000015 0.185500
405.000031 255.000000 135.000000 0.210200
180.000000 330.000000 25.000000 0.725900
30.000002 180.000000 245.000000 0.257600
104.999992 255.000000 215.000015 0.255800
405.000031 255.000000 225.000000 0.533400
405.000031 480.000031 205.000000 0.097500
480.000031 480.000031 225.000000 1.490000
30.000002 104.999992 145.000000 0.456300
330.000000 30.000002 75.000000 0.442800
104.999992 30.000002 115.000000 4.096100
255.000000 30.000002 175.000000 0.201800
180.000000 255.000000 15.000001 0.622700
405.000031 255.000000 35.000000 0.430000
180.000000 30.000002 155.000000 1.798000
180.000000 405.000031 175.000000 2.866100
30.000002 405.000031 165.000000 5.567800
255.000000 104.999992 45.000000 0.416000
330.000000 104.999992 25.000000 0.361300
405.000031 104.999992 95.000000 0.551800
104.999992 104.999992 175.000000 0.466300
330.000000 480.000031 115.000000 0.228600
480.000031 180.000000 225.000000 1.721400
255.000000 104.999992 115.000000 2.398200
255.000000 405.000031 95.000000 0.174600
104.999992 405.000031 215.000015 4.243500
405.000031 104.999992 145.000000 0.496000
255.000000 180.000000 45.000000 1.167500
330.000000 30.000002 205.000000 0.244900
180.000000 30.000002 215.000015 0.651200
104.999992 30.000002 55.000000 0.176500
104.999992 330.000000 155.000000 0.740100
30.000002 180.000000 205.000000 2.115900
180.000000 480.000031 15.000001 1.491000
330.000000 255.000000 225.000000 3.005800
104.999992 30.000002 104.999992 3.038700
104.999992 30.000002 205.000000 0.939800
104.999992 104.999992 185.000000 0.591200
30.000002 405.000031 15.000001 1.842600
330.000000 330.000000 195.000000 1.371900
104.999992 330.000000 15.000001 0.855100
104.999992 104.999992 25.000000 0.208200
180.000000 480.000031 95.000000 0.194100
30.000002 104.999992 165.000000 0.080200
330.000000 30.000002 125.000000 0.808900
104.999992 180.000000 25.000000 0.602900
405.000031 180.000000 65.000000 2.498200
30.000002 180.000000 185.000000 1.889900
30.000002 255.000000 35.000000 0.570300
30.000002 405.000031 234.999985 1.210100
180.000000 330.000000 185.000000 8.148400
104.999992 330.000000 165.000000 0.880500
330.000000 255.000000 75.000000 1.091500
405.000031 30.000002 225.000000 1.651000
255.000000 480.000031 45.000000 1.422100
480.000031 330.000000 225.000000 0.264000
255.000000 405.000031 175.000000 1.803300
480.000031 330.000000 75.000000 0.196000
180.000000 104.999992 15.000001 1.064700
104.999992 405.000031 85.000000 0.125700
405.000031 180.000000 165.000000 0.303800
480.000031 405.000031 205.000000 0.090600
480.000031 480.000031 75.000000 0.340900
330.000000 405.000031 205.000000 0.282000
30.000002 104.999992 25.000000 1.650200
405.000031 480.000031 185.000000 0.052300
104.999992 255.000000 145.000000 0.753200
480.000031 330.000000 85.000000 0.240200
330.000000 104.999992 45.000000 0.401000
405.000031 104.999992 225.000000 8.641300
405.000031 30.000002 175.000000 0.999000
480.000031 255.000000 175.000000 0.267500
480.000031 30.000002 95.000000 0.830600
330.000000 30.000002 95.000000 0.637600
255.000000 180.000000 75.000000 0.592800
480.000031 104.999992 55.000000 1.017700
255.000000 180.000000 35.000000 1.259500
405.000031 405.000031 125.000000 0.498800
330.000000 480.000031 104.999992 0.159000
330.000000 405.000031 145.000000 1.172800
255.000000 180.000000 155.000000 0.817600
330.000000 255.000000 55.000000 2.269500
405.000031 255.000000 104.999992 0.382900
180.000000 104.999992 45.000000 0.317300
330.000000 255.000000 155.000000 0.173100
104.999992 104.999992 245.000000 0.349000
180.000000 104.999992 25.000000 0.652300
480.000031 480.000031 104.999992 0.207800
330.000000 480.000031 185.000000 0.087700
104.999992 104.999992 215.000015 0.819400
330.000000 330.000000 155.000000 0.369900
104.999992 405.000031 245.000000 0.586300
405.000031 330.000000 95.000000 0.357000
104.999992 180.000000 155.000000 1.380900
30.000002 405.000031 245.000000 1.356300
180.000000 405.000031 215.000015 6.132699
180.000000 180.000000 45.000000 0.328200
104.999992 30.000002 45.000000 0.099900
255.000000 405.000031 35.000000 6.368600
30.000002 480.000031 165.000000 1.251800
180.000000 255.000000 234.999985 0.444300
180.000000 480.000031 115.000000 0.290600
330.000000 480.000031 55.000000 0.673400
330.000000 180.000000 155.000000 0.756700
30.000002 104.999992 245.000000 0.440700
104.999992 180.000000 185.000000 0.732700
30.000002 405.000031 95.000000 0.880700
30.000002 405.000031 35.000000 3.080500
480.000031 30.000002 205.000000 0.470100
30.000002 405.000031 145.000000 3.532600
405.000031 330.000000 234.999985 0.286700
330.000000 30.000002 225.000000 0.276400
180.000000 180.000000 155.000000 0.950400
30.000002 30.000002 55.000000 0.917700
330.000000 330.000000 115.000000 0.163400
405.000031 480.000031 55.000000 0.604000
255.000000 330.000000 195.000000 20.405199
30.000002 330.000000 215.000015 0.699500
330.000000 405.000031 165.000000 2.050000
104.999992 480.000031 25.000000 2.830700
480.000031 330.000000 35.000000 0.990700
104.999992 255.000000 125.000000 1.268900
405.000031 255.000000 75.000000 0.857300
30.000002 30.000002 145.000000 0.752000
30.000002 480.000031 215.000015 0.772300
30.000002 180.000000 25.000000 0.617100
405.000031 30.000002 135.000000 0.168600
405.000031 330.000000 155.000000 0.700000
255.000000 405.000031 234.999985 0.149000
180.000000 30.000002 25.000000 0.153700
255.000000 255.000000 245.000000 0.986300
480.000031 180.000000 155.000000 0.174200
255.000000 255.000000 155.000000 0.367500
255.000000 104.999992 175.000000 0.173500
405.000031 480.000031 225.000000 0.433100
104.999992 180.000000 115.000000 10.874700
330.000000 104.999992 125.000000 0.353900
405.000031 405.000031 165.000000 1.552200
405.000031 180.000000 35.000000 0.385400
30.000002 30.000002 155.000000 0.527700
405.000031 180.000000 135.000000 0.804800
480.000031 180.000000 165.000000 0.188200
330.000000 405.000031 115.000000 0.121800
480.000031 30.000002 175.000000 0.513700
104.999992 30.000002 155.000000 1.063100
330.000000 480.000031 165.000000 0.257200
30.000002 255.000000 155.000000 2.041300
104.999992 330.000000 245.000000 0.573700
255.000000 180.000000 225.000000 1.304400
480.000031 104.999992 95.000000 4.852000
180.000000 180.000000 215.000015 0.218200
480.000031 255.000000 75.000000 1.198800
180.000000 104.999992 95.000000 1.856900
255.000000 104.999992 85.000000 0.461600
180.000000 405.000031 145.000000 0.232800
30.000002 255.000000 75.000000 0.554600
330.000000 104.999992 95.000000 0.178800
330.000000 255.000000 15.000001 1.329700
180.000000 180.000000 95.000000 3.104900
30.000002 104.999992 215.000015 0.744800
405.000031 180.000000 55.000000 1.552000
480.000031 30.000002 35.000000 0.059100
30.000002 480.000031 115.000000 0.526400
104.999992 330.000000 215.000015 1.152000
104.999992 180.000000 35.000000 0.504500
104.999992 330.000000 115.000000 0.409200
180.000000 480.000031 195.000000 0.434000
405.000031 30.000002 215.000015 1.968400
405.000031 104.999992 55.000000 0.462400
30.000002 30.000002 195.000000 0.812400
330.000000 180.000000 195.000000 2.906900
330.000000 180.000000 205.000000 5.262100
180.000000 255.000000 75.000000 0.459500
180.000000 255.000000 195.000000 0.551500
180.000000 255.000000 65.000000 0.508800
30.000002 405.000031 185.000000 2.541100
330.000000 30.000002 175.000000 0.271700
30.000002 405.000031 45.000000 2.076500
180.000000 255.000000 215.000015 0.618400
405.000031 255.000000 185.000000 0.496300
405.000031 30.000002 85.000000 0.217400
30.000002 30.000002 125.000000 1.965500
104.999992 255.000000 205.000000 0.266900
255.000000 104.999992 15.000001 1.398100
180.000000 480.000031 65.000000 0.558200
30.000002 480.000031 225.000000 0.483800
405.000031 255.000000 125.000000 0.289100
330.000000 30.000002 115.000000 0.843800
104.999992 330.000000 225.000000 0.802700
330.000000 330.000000 25.000000 4.295100
30.000002 330.000000 65.000000 1.080400
405.000031 480.000031 104.999992 0.143300
255.000000 30.000002 185.000000 0.229000
30.000002 104.999992 75.000000 1.211400
405.000031 104.999992 75.000000 0.610000
480.000031 405.000031 45.000000 0.357700
480.000031 330.000000 15.000001 0.701900
405.000031 405.000031 15.000001 0.717200
480.000031 180.000000 234.999985 1.229700
180.000000 255.000000 95.000000 0.493700
405.000031 330.000000 25.000000 2.112600
104.999992 480.000031 95.000000 0.394100
480.000031 30.000002 55.000000 0.263700
104.999992 180.000000 15.000001 0.780200
405.000031 104.999992 135.000000 0.648800
30.000002 330.000000 225.000000 0.871700
30.000002 180.000000 85.000000 1.005200
480.000031 180.000000 45.000000 1.149800
255.000000 30.000002 125.000000 2.277900
255.000000 480.000031 175.000000 0.409600
405.000031 405.000031 225.000000 0.281500
30.000002 180.000000 95.000000 1.389300
180.000000 180.000000 205.000000 0.149700
405.000031 405.000031 195.000000 0.097000
180.000000 330.000000 125.000000 0.106000
180.000000 104.999992 225.000000 0.330500
330.000000 255.000000 205.000000 5.029600
255.000000 104.999992 145.000000 1.229600
30.000002 104.999992 65.000000 0.892300
180.000000 330.000000 155.000000 0.320700
330.000000 480.000031 75.000000 0.384800
480.000031 330.000000 45.000000 0.723200
480.000031 480.000031 175.000000 0.037700
180.000000 104.999992 165.000000 0.615200
255.000000 104.999992 75.000000 0.382600
255.000000 180.000000 15.000001 1.336000
30.000002 330.000000 95.000000 1.242000
30.000002 405.000031 155.000000 4.417900
180.000000 255.000000 104.999992 0.573200
405.000031 104.999992 35.000000 0.153800
104.999992 405.000031 234.999985 1.401600
405.000031 405.000031 75.000000 0.459200
330.000000 180.000000 95.000000 0.575900
104.999992 255.000000 175.000000 0.340400
30.000002 255.000000 175.000000 2.381300
255.000000 330.000000 185.000000 8.636100
104.999992 104.999992 145.000000 1.200000
480.000031 30.000002 145.000000 0.154700
180.000000 405.000031 95.000000 0.158000
30.000002 180.000000 215.000015 1.176200
480.000031 255.000000 205.000000 0.500300
30.000002 180.000000 15.000001 0.419700
405.000031 405.000031 115.000000 0.315100
255.000000 405.000031 135.000000 0.292900
180.000000 30.000002 115.000000 3.106500
480.000031 480.000031 45.000000 1.155400
405.000031 405.000031 245.000000 1.349000
405.000031 480.000031 135.000000 0.334800
30.000002 330.000000 195.000000 0.447900
30.000002 405.000031 205.000000 1.809700
104.999992 480.000031 205.000000 1.207300
255.000000 330.000000 35.000000 7.357999
180.000000 330.000000 215.000015 9.136300
104.999992 30.000002 145.000000 1.327300
30.000002 330.000000 45.000000 0.899000
180.000000 480.000031 205.000000 0.485600
330.000000 104.999992 15.000001 0.510900
330.000000 405.000031 65.000000 0.569500
180.000000 30.000002 75.000000 0.631000
480.000031 104.999992 165.000000 0.227000
405.000031 255.000000 25.000000 0.417600
255.000000 405.000031 25.000000 5.581900
104.999992 255.000000 65.000000 0.535100
330.000000 255.000000 215.000015 4.188000
480.000031 180.000000 125.000000 0.450400
330.000000 180.000000 104.999992 0.503500
30.000002 480.000031 15.000001 2.742900
405.000031 30.000002 45.000000 0.103800
255.000000 330.000000 55.000000 2.245100
180.000000 180.000000 245.000000 0.276600
255.000000 255.000000 234.999985 2.371900
405.000031 255.000000 205.000000 1.239900
480.000031 180.000000 15.000001 0.624000
30.000002 30.000002 115.000000 1.781300
255.000000 480.000031 195.000000 0.294900
480.000031 405.000031 135.000000 0.656000
30.000002 180.000000 225.000000 0.555800
330.000000 480.000031 15.000001 0.640200
330.000000 104.999992 245.000000 1.837900
480.000031 330.000000 115.000000 0.486500
405.000031 30.000002 65.000000 0.160900
30.000002 104.999992 225.000000 0.701200
104.999992 330.000000 75.000000 0.219400
30.000002 480.000031 65.000000 1.582200
104.999992 180.000000 135.000000 4.437000
30.000002 480.000031 205.000000 0.960100
180.000000 330.000000 145.000000 0.154600
180.000000 405.000031 135.000000 0.128600
330.000000 480.000031 35.000000 0.771100
255.000000 180.000000 125.000000 0.979600
104.999992 480.000031 165.000000 0.767700
104.999992 405.000031 185.000000 7.080101
180.000000 405.000031 75.000000 0.231000
330.000000 405.000031 15.000001 2.632100
405.000031 104.999992 195.000000 4.657800
180.000000 104.999992 155.000000 1.022600
330.000000 30.000002 15.000001 0.854500
405.000031 104.999992 125.000000 0.621100
104.999992 30.000002 85.000000 1.194600
405.000031 405.000031 25.000000 0.811900
480.000031 405.000031 65.000000 0.147600
104.999992 480.000031 145.000000 0.204400
405.000031 30.000002 35.000000 0.079200
405.000031 30.000002 145.000000 0.216800
30.000002 480.000031 135.000000 0.495800
180.000000 405.000031 185.000000 5.591800
480.000031 104.999992 225.000000 1.378500
255.000000 104.999992 195.000000 0.135100
180.000000 180.000000 55.000000 0.258200
30.000002 30.000002 185.000000 0.488600
104.999992 480.000031 85.000000 0.499300
480.000031 405.000031 245.000000 2.555600
180.000000 180.000000 75.000000 0.514100
480.000031 180.000000 145.000000 0.192300
405.000031 480.000031 234.999985 1.089200
30.000002 180.000000 195.000000 2.037300
405.000031 104.999992 175.000000 1.397200
104.999992 180.000000 145.000000 2.036200
405.000031 255.000000 85.000000 0.406000
30.000002 405.000031 85.000000 0.635000
255.000000 104.999992 225.000000 0.290700
255.000000 180.000000 115.000000 1.090600
330.000000 405.000031 75.000000 0.499700
104.999992 255.000000 35.000000 0.827300
180.000000 30.000002 175.000000 0.776100
255.000000 480.000031 15.000001 2.090300
480.000031 480.000031 245.000000 3.278000
104.999992 104.999992 165.000000 0.697600
480.000031 405.000031 75.000000 0.088900
255.000000 30.000002 85.000000 1.071600
180.000000 104.999992 234.999985 0.283900
255.000000 330.000000 125.000000 0.136900
255.000000 180.000000 165.000000 0.778700
255.000000 30.000002 195.000000 0.174700
104.999992 104.999992 195.000000 0.977800
104.999992 180.000000 95.000000 2.699400
104.999992 405.000031 65.000000 0.266700
30.000002 180.000000 234.999985 0.477300
255.000000 104.999992 65.000000 0.347500
255.000000 30.000002 115.000000 2.763400
180.000000 180.000000 195.000000 0.132300
405.000031 180.000000 234.999985 3.783900
330.000000 405.000031 95.000000 0.238300
405.000031 255.000000 95.000000 0.453600
480.000031 255.000000 115.000000 0.741900
480.000031 480.000031 195.000000 0.142300
255.000000 30.000002 155.000000 0.307700
405.000031 480.000031 45.000000 0.770700
30.000002 405.000031 115.000000 1.566400
330.000000 330.000000 215.000015 0.806900
330.000000 180.000000 135.000000 0.437100
104.999992 330.000000 25.000000 1.043400
330.000000 405.000031 104.999992 0.162100
30.000002 30.000002 245.000000 0.483100
480.000031 330.000000 185.000000 0.141200
104.999992 255.000000 135.000000 1.150800
255.000000 405.000031 145.000000 0.784400
480.000031 480.000031 95.000000 0.200900
480.000031 255.000000 15.000001 0.785400
104.999992 480.000031 135.000000 0.201800
255.000000 405.000031 125.000000 0.184900
180.000000 405.000031 155.000000 0.475500
30.000002 480.000031 245.000000 0.580500
480.000031 104.999992 155.000000 0.384800
30.000002 405.000031 55.000000 1.028200
180.000000 180.000000 35.000000 0.572700
104.999992 330.000000 185.000000 2.242300
104.999992 180.000000 104.999992 6.343600
480.000031 405.000031 175.000000 0.283500
405.000031 480.000031 15.000001 0.469300
255.000000 330.000000 215.000015 12.451300
330.000000 255.000000 145.000000 0.181200
30.000002 180.000000 55.000000 0.807300
255.000000 104.999992 155.000000 0.776000
405.000031 180.000000 205.000000 7.404100
180.000000 330.000000 175.000000 2.688900
405.000031 255.000000 15.000001 0.518800
405.000031 480.000031 125.000000 0.256600
480.000031 180.000000 65.000000 2.235400
180.000000 180.000000 104.999992 6.166800
30.000002 255.000000 95.000000 0.798200
405.000031 180.000000 45.000000 0.837800
30.000002 480.000031 145.000000 0.468400
104.999992 30.000002 35.000000 0.082500
480.000031 480.000031 125.000000 0.172800
30.000002 480.000031 104.999992 0.651900
480.000031 104.999992 175.000000 0.225500
30.000002 480.000031 175.000000 1.509800
330.000000 330.000000 245.000000 0.153400
180.000000 405.000031 25.000000 2.168600
30.000002 405.000031 215.000015 1.259300
405.000031 480.000031 95.000000 0.154600
330.000000 480.000031 195.000000 0.069400
180.000000 480.000031 155.000000 0.281500
405.000031 180.000000 75.000000 2.904600
30.000002 405.000031 225.000000 1.423600
480.000031 330.000000 165.000000 0.514100
180.000000 405.000031 104.999992 0.176800
255.000000 30.000002 45.000000 1.017700
405.000031 104.999992 15.000001 0.201400
480.000031 330.000000 195.000000 0.113900
30.000002 480.000031 95.000000 0.631400
180.000000 330.000000 45.000000 0.605700
255.000000 104.999992 104.999992 1.332400
180.000000 480.000031 75.000000 0.440600
180.000000 180.000000 135.000000 3.627500
30.000002 30.000002 85.000000 0.727300
405.000031 30.000002 185.000000 1.303300
104.999992 104.999992 95.000000 2.897300
104.999992 180.000000 245.000000 0.185300
255.000000 480.000031 75.000000 0.244400
30.000002 255.000000 45.000000 0.604000
255.000000 180.000000 205.000000 0.413000
30.000002 330.000000 115.000000 1.559200
330.000000 30.000002 45.000000 0.500900
180.000000 330.000000 85.000000 0.080600
255.000000 104.999992 165.000000 0.254700
480.000031 30.000002 75.000000 0.562100
330.000000 180.000000 225.000000 7.039199
255.000000 330.000000 95.000000 0.362300
255.000000 405.000031 165.000000 1.613200
104.999992 405.000031 165.000000 1.404700
480.000031 104.999992 85.000000 4.001100
30.000002 104.999992 185.000000 0.171500
330.000000 480.000031 225.000000 0.170100
104.999992 480.000031 245.000000 0.487900
255.000000 255.000000 205.000000 3.966000
255.000000 180.000000 25.000000 1.174700
405.000031 30.000002 15.000001 0.100000
480.000031 255.000000 125.000000 0.482400
405.000031 480.000031 245.000000 2.370500
405.000031 104.999992 215.000015 9.070300
255.000000 104.999992 25.000000 1.082200
330.000000 180.000000 55.000000 0.993400
330.000000 255.000000 165.000000 0.330200
330.000000 405.000031 185.000000 0.648300
255.000000 180.000000 104.999992 0.932700
255.000000 480.000031 145.000000 0.410500
104.999992 104.999992 65.000000 0.229100
405.000031 180.000000 175.000000 0.400500
104.999992 330.000000 135.000000 0.432500
405.000031 405.000031 55.000000 0.737000
104.999992 405.000031 225.000000 2.007300
480.000031 104.999992 115.000000 2.541500
255.000000 480.000031 25.000000 2.287400
330.000000 30.000002 155.000000 0.506500
405.000031 104.999992 104.999992 0.573100
405.000031 104.999992 165.000000 0.629000
405.000031 104.999992 45.000000 0.328200
405.000031 255.000000 165.000000 0.137900
30.000002 255.000000 85.000000 0.603700
104.999992 405.000031 95.000000 0.217500
480.000031 480.000031 185.000000 0.054700
180.000000 255.000000 135.000000 0.560400
330.000000 30.000002 215.000015 0.204200
480.000031 180.000000 185.000000 0.414400
255.000000 104.999992 234.999985 0.427000
104.999992 180.000000 234.999985 0.244000
255.000000 405.000031 104.999992 0.203700
405.000031 330.000000 165.000000 0.821000
255.000000 180.000000 95.000000 0.555200
330.000000 180.000000 65.000000 1.488700
330.000000 480.000031 125.000000 0.258600
480.000031 30.000002 104.999992 0.539600
104.999992 30.000002 95.000000 2.533900
330.000000 330.000000 75.000000 0.481000
180.000000 255.000000 35.000000 0.903100
330.000000 405.000031 175.000000 1.485200
104.999992 104.999992 85.000000 1.161600
180.000000 330.000000 225.000000 5.671700
480.000031 104.999992 15.000001 0.238700
180.000000 480.000031 85.000000 0.250000
480.000031 30.000002 155.000000 0.241100
480.000031 480.000031 215.000015 0.783400
30.000002 405.000031 25.000000 2.835100
480.000031 405.000031 215.000015 0.228100
330.000000 405.000031 234.999985 0.184200
330.000000 480.000031 65.000000 0.555600
480.000031 180.000000 95.000000 1.748900
480.000031 330.000000 25.000000 0.935600
255.000000 330.000000 225.000000 4.886500
180.000000 255.000000 115.000000 0.660600
480.000031 330.000000 95.000000 0.237900
255.000000 30.000002 135.000000 1.467100
255.000000 30.000002 75.000000 0.671500
180.000000 180.000000 225.000000 0.392500
180.000000 255.000000 165.000000 0.267600
30.000002 330.000000 205.000000 0.610800
180.000000 480.000031 35.000000 1.962700
255.000000 255.000000 125.000000 0.336800
405.000031 480.000031 65.000000 0.551600
104.999992 30.000002 185.000000 0.967100
104.999992 405.000031 155.000000 0.787300
405.000031 255.000000 195.000000 1.200800
480.000031 405.000031 195.000000 0.057200
330.000000 104.999992 115.000000 0.244800
180.000000 330.000000 104.999992 0.105700
405.000031 330.000000 185.000000 0.383500
