pygeostat_saved_data
1
0
-1.548506
-1.313076
-1.072406
-0.830528
-0.592414
-0.363789
-0.150851
0.040088
0.203009
0.332613
0.287815
0.230178
0.220254
0.258886
0.348616
0.289049
0.160326
0.010740
-0.152088
-0.320138
-0.485327
-0.639799
-0.776158
-0.887657
-0.968361
-1.013314
-1.018724
-0.982188
-0.902942
-0.782144
-0.623118
-0.431524
-0.215388
0.015052
0.247737
0.469396
0.666379
0.825617
0.935629
0.987473
0.971665
0.897864
0.756621
0.557540
0.309512
0.023717
-0.287398
-0.611186
-0.935802
-1.251033
-1.609984
-1.392191
-1.167465
-0.939021
-0.711024
-0.488462
-0.276919
-0.082275
0.089658
0.233530
0.344847
0.420313
0.409780
0.434179
0.421655
0.352080
0.253944
0.133085
-0.003734
-0.149147
-0.295493
-0.435099
-0.560537
-0.664854
-0.741797
-0.786040
-0.793443
-0.761336
-0.688820
-0.577053
-0.429489
-0.251997
-0.052818
0.157684
0.367505
0.563701
0.733271
0.864126
0.946068
0.971643
0.936778
0.841121
0.688008
0.484111
0.238753
-0.036992
-0.331298
-0.632614
-0.930549
-1.216571
-1.655479
-1.455053
-1.246601
-1.032560
-0.816286
-0.601980
-0.394513
-0.199193
-0.021450
0.133520
0.261099
0.357607
0.420569
0.448925
0.443140
0.405198
0.338524
0.247803
0.138762
0.017913
-0.107720
-0.230859
-0.344241
-0.440870
-0.514295
-0.558899
-0.570224
-0.545313
-0.483049
-0.384466
-0.252967
-0.094398
0.083057
0.269209
0.452428
0.620401
0.761037
0.863436
0.918789
0.921136
0.867865
0.759895
0.601518
0.399916
0.164413
-0.094437
-0.365819
-0.639585
-0.907021
-1.161396
-1.681555
-1.497921
-1.305778
-1.106839
-0.903666
-0.699632
-0.498819
-0.305832
-0.125547
0.037173
0.177804
0.292468
0.378211
0.433222
0.456983
0.450325
0.415423
0.355697
0.275682
0.180835
0.077336
-0.028146
-0.128702
-0.217457
-0.287880
-0.334134
-0.351457
-0.336559
-0.288008
-0.206555
-0.095342
0.040057
0.191804
0.350182
0.504230
0.642524
0.754096
0.829348
0.860885
0.844150
0.777790
0.663704
0.506761
0.314243
0.095060
-0.141138
-0.384867
-0.627614
-0.862467
-1.084522
-1.685690
-1.518071
-1.342062
-1.158706
-0.969788
-0.777836
-0.586070
-0.398279
-0.218640
-0.051496
0.098907
0.228689
0.334584
0.414163
0.466009
0.489824
0.486495
0.458086
0.407788
0.339834
0.259361
0.172232
0.084824
0.003743
-0.064503
-0.113907
-0.139395
-0.137283
-0.105700
-0.044935
0.042355
0.151126
0.274159
0.402490
0.526073
0.634577
0.718283
0.768932
0.780476
0.749583
0.675888
0.561923
0.412743
0.235325
0.037787
-0.171451
-0.384467
-0.594523
-0.796547
-0.987389
-1.666397
-1.513933
-1.353758
-1.186298
-1.012582
-0.834279
-0.653693
-0.473702
-0.297656
-0.129221
0.027809
0.169718
0.293087
0.394993
0.473201
0.526316
0.553910
0.556611
0.536152
0.495381
0.438224
0.369572
0.295118
0.221082
0.153869
0.099632
0.063786
0.050499
0.062217
0.099301
0.159796
0.239440
0.331876
0.429128
0.522255
0.602145
0.660370
0.689961
0.686062
0.646327
0.571061
0.463053
0.327163
0.169693
-0.002352
-0.182017
-0.363095
-0.540660
-0.711416
-0.873818
-1.623323
-1.485174
-1.340484
-1.189110
-1.031344
-0.867988
-0.700384
-0.530434
-0.360549
-0.193597
-0.032781
0.118494
0.256782
0.378772
0.481483
0.562451
0.619917
0.653012
0.661916
0.647973
0.613764
0.563085
0.500832
0.432759
0.365129
0.304246
0.255918
0.224899
0.214360
0.225484
0.257236
0.306334
0.367497
0.433897
0.497816
0.551409
0.587497
0.600272
0.585852
0.542583
0.471097
0.374080
0.255838
0.121690
-0.022710
-0.172026
-0.321805
-0.468883
-0.611592
-0.749769
-1.557284
-1.432712
-1.303172
-1.167983
-1.026721
-0.879308
-0.726106
-0.567977
-0.406334
-0.243150
-0.080935
0.077315
0.228223
0.368173
0.493486
0.600649
0.686567
0.748835
0.786011
0.797864
0.785545
0.751676
0.700298
0.636669
0.566908
0.497510
0.434750
0.384076
0.349524
0.333267
0.335345
0.353634
0.384055
0.421029
0.458095
0.488639
0.506610
0.507168
0.487138
0.445248
0.382109
0.299976
0.202299
0.093183
-0.023216
-0.143234
-0.264122
-0.384335
-0.503613
-0.622897
-1.470242
-1.358664
-1.243991
-1.125018
-1.000609
-0.869815
-0.731994
-0.586951
-0.435055
-0.277338
-0.115567
0.047735
0.209312
0.365282
0.511303
0.642830
0.755425
0.845133
0.908869
0.944791
0.952598
0.933721
0.891348
0.830255
0.756466
0.676728
0.597876
0.526158
0.466596
0.422477
0.395038
0.383403
0.384767
0.394810
0.408284
0.419688
0.423925
0.416876
0.395784
0.359441
0.308133
0.243398
0.167613
0.083517
-0.006286
-0.099751
-0.195704
-0.293997
-0.395501
-0.501946
-1.365213
-1.266233
-1.166201
-1.063399
-0.955983
-0.842128
-0.720201
-0.588946
-0.447687
-0.296511
-0.136433
0.030501
0.201167
0.371425
0.536282
0.690164
0.827303
0.942204
1.030156
1.087732
1.113220
1.106906
1.071182
1.010420
0.930627
0.838891
0.742700
0.649196
0.564474
0.493008
0.437290
0.397714
0.372731
0.359218
0.353018
0.349567
0.344493
0.334128
0.315848
0.288217
0.250938
0.204618
0.150423
0.089677
0.023474
-0.047633
-0.123826
-0.206085
-0.296093
-0.396036
-1.246117
-1.159506
-1.073937
-0.987165
-0.896641
-0.799681
-0.693673
-0.576337
-0.445987
-0.301805
-0.144096
0.025529
0.204048
0.387039
0.568843
0.742865
0.902032
1.039354
1.148559
1.224728
1.264827
1.268118
1.236316
1.173505
1.085787
0.980695
0.866449
0.751156
0.642020
0.544723
0.462989
0.398434
0.350667
0.317622
0.296053
0.282109
0.271889
0.261906
0.249400
0.232473
0.210039
0.181653
0.147218
0.106684
0.059763
0.005724
-0.056708
-0.129323
-0.214283
-0.313902
-1.117545
-1.043207
-0.971923
-0.900912
-0.826921
-0.746426
-0.655888
-0.552054
-0.432306
-0.295010
-0.139843
0.031936
0.217332
0.411594
0.608373
0.800065
0.978335
1.134785
1.261702
1.352809
1.403930
1.413467
1.382629
1.315370
1.218011
1.098632
0.966255
0.829967
0.698077
0.577413
0.472847
0.387085
0.320730
0.272574
0.240053
0.219779
0.208065
0.201359
0.196538
0.191056
0.182931
0.170614
0.152789
0.128154
0.095237
0.052285
-0.002759
-0.072164
-0.158249
-0.263137
-0.984496
-0.922393
-0.865160
-0.809463
-0.751358
-0.686525
-0.610554
-0.519318
-0.409376
-0.278398
-0.125564
0.048103
0.239538
0.443591
0.653200
0.859774
1.053795
1.225580
1.366144
1.468062
1.526229
1.538413
1.505528
1.431565
1.323212
1.189172
1.039296
0.883634
0.731519
0.590808
0.467356
0.364766
0.284413
0.225701
0.186498
0.163627
0.153373
0.151904
0.155571
0.161075
0.165493
0.166219
0.160831
0.146973
0.122239
0.084154
0.030202
-0.042041
-0.134735
-0.249540
-0.852046
-0.802110
-0.758567
-0.717518
-0.674356
-0.624016
-0.561318
-0.481375
-0.380068
-0.254528
-0.103594
0.071808
0.268426
0.480644
0.700669
0.918972
1.124959
1.307835
1.457563
1.565822
1.626846
1.638031
1.600219
1.517630
1.397430
1.249003
1.083017
0.910401
0.741378
0.584646
0.446823
0.332160
0.242540
0.177722
0.135739
0.113390
0.106731
0.111491
0.123394
0.138352
0.152545
0.162424
0.164647
0.156042
0.133563
0.094325
0.035673
-0.044668
-0.148424
-0.276571
-0.725012
-0.687056
-0.656640
-0.629314
-0.599847
-0.562515
-0.511479
-0.441244
-0.347177
-0.226049
-0.076533
0.100387
0.301160
0.519646
0.747325
0.973805
1.187570
1.376924
1.531046
1.641010
1.700690
1.707383
1.662094
1.569439
1.437158
1.275332
1.095373
0.908956
0.726994
0.558791
0.411458
0.289611
0.195365
0.128558
0.087155
0.067729
0.065945
0.077001
0.095961
0.117991
0.138482
0.153111
0.157858
0.149005
0.123171
0.077364
0.009094
-0.083502
-0.201489
-0.344996
-0.823162
-0.710406
-0.563121
-0.548311
-0.531013
-0.504945
-0.463748
-0.401487
-0.313205
-0.195500
-0.047058
0.130932
0.334524
0.557006
0.789177
1.019894
1.236911
1.427887
1.581511
1.688578
1.742906
1.741972
1.687159
1.583620
1.439724
1.266202
1.075101
0.878644
0.688192
0.513377
0.361505
0.237266
0.142722
0.077550
0.039434
0.024564
0.028121
0.044739
0.068860
0.095002
0.117932
0.132780
0.135099
0.120919
0.086812
0.029973
-0.051672
-0.159351
-0.293309
-0.452711
-0.921698
-0.784109
-0.590199
-0.476947
-0.470050
-0.453325
-0.420053
-0.364036
-0.280188
-0.165126
-0.017713
0.160525
0.365172
0.588951
0.822045
1.052729
1.268245
1.455898
1.604206
1.704008
1.749377
1.738221
1.672490
1.557959
1.403629
1.220798
1.021964
0.819676
0.625459
0.448971
0.297414
0.175259
0.084265
0.023729
-0.009100
-0.018518
-0.009861
0.010969
0.037886
0.064912
0.086399
0.097170
0.092617
0.068799
0.022513
-0.048618
-0.146042
-0.270187
-0.420378
-0.594770
-0.960195
-0.796668
-0.576856
-0.416457
-0.418022
-0.408646
-0.381417
-0.330068
-0.249569
-0.136728
0.009267
0.186456
0.389922
0.611859
0.841962
1.068106
1.277292
1.456773
1.595220
1.683837
1.717227
1.693947
1.616641
1.491757
1.328862
1.139684
0.936962
0.733299
0.540093
0.366724
0.219997
0.103910
0.019701
-0.033877
-0.060114
-0.063832
-0.050861
-0.027556
-0.000395
0.024343
0.040813
0.043780
0.028738
-0.007979
-0.069121
-0.156436
-0.270596
-0.411134
-0.576406
-0.763569
-0.939157
-0.748370
-0.501037
-0.366796
-0.374803
-0.370822
-0.347927
-0.299958
-0.222112
-0.111547
0.032120
0.206447
0.406021
0.622599
0.845544
1.062565
1.260701
1.427457
1.551981
1.626119
1.645248
1.608731
1.519982
1.386096
1.217105
1.024976
0.822447
0.621894
0.434299
0.268477
0.130583
0.023923
-0.050953
-0.095935
-0.114900
-0.113181
-0.097027
-0.073123
-0.048163
-0.028531
-0.020039
-0.027747
-0.055829
-0.107466
-0.184773
-0.288735
-0.419154
-0.574634
-0.752568
-0.949179
-0.857776
-0.638209
-0.361560
-0.326668
-0.339124
-0.338748
-0.318769
-0.273297
-0.197907
-0.090207
0.049685
0.218835
0.411403
0.618835
0.830366
1.033788
1.216460
1.366445
1.473642
1.530793
1.534213
1.484177
1.384876
1.243973
1.071810
0.880371
0.682145
0.488999
0.311228
0.156839
0.031126
-0.063458
-0.127148
-0.162530
-0.174053
-0.167493
-0.149412
-0.126663
-0.105983
-0.093651
-0.095237
-0.115423
-0.157861
-0.225090
-0.318470
-0.438141
-0.583010
-0.750762
-0.937893
-1.139787
-0.714076
-0.463999
-0.272148
-0.293657
-0.308717
-0.310436
-0.292354
-0.248988
-0.176394
-0.072705
0.061452
0.222696
0.404864
0.599269
0.795233
0.980892
1.144208
1.274064
1.361352
1.399882
1.387031
1.324007
1.215724
1.070285
0.898149
0.711088
0.521079
0.339238
0.174940
0.035187
-0.075739
-0.156325
-0.207640
-0.232950
-0.237215
-0.226552
-0.207694
-0.187504
-0.172574
-0.168895
-0.181619
-0.214881
-0.271681
-0.353810
-0.461812
-0.594965
-0.751306
-0.927666
-1.119744
-1.322208
-0.505015
-0.222429
-0.241538
-0.264461
-0.280549
-0.283247
-0.266523
-0.225403
-0.156493
-0.058464
0.067582
0.217911
0.386190
0.563787
0.740352
0.904619
1.045393
1.152610
1.218326
1.237539
1.208718
1.133972
1.018823
0.871650
0.702813
0.523647
0.345382
0.178170
0.030290
-0.092393
-0.186687
-0.252059
-0.290383
-0.305547
-0.302922
-0.288838
-0.270045
-0.253256
-0.244755
-0.250092
-0.273860
-0.319536
-0.389390
-0.484423
-0.604357
-0.747651
-0.911537
-1.092101
-1.284370
-1.482442
-0.226538
-0.189239
-0.212496
-0.235216
-0.251144
-0.254172
-0.238796
-0.200602
-0.136759
-0.046444
0.068846
0.205158
0.356165
0.513508
0.667386
0.807357
0.923282
1.006310
1.049770
1.049887
1.006194
0.921596
0.802080
0.656098
0.493707
0.325583
0.162022
0.012058
-0.117243
-0.221219
-0.297782
-0.347342
-0.372518
-0.377706
-0.368568
-0.351500
-0.333126
-0.319863
-0.317554
-0.331193
-0.364724
-0.420916
-0.501278
-0.606039
-0.734156
-0.883345
-1.050152
-1.230047
-1.417532
-1.606282
-0.142328
-0.158847
-0.180574
-0.201870
-0.216931
-0.220175
-0.206667
-0.172568
-0.115576
-0.035294
0.066510
0.185824
0.316519
0.450713
0.579363
0.693036
0.782799
0.841107
0.862600
0.844698
0.787903
0.695774
0.574576
0.432639
0.279513
0.125048
-0.021534
-0.152419
-0.261796
-0.346200
-0.404600
-0.438266
-0.450444
-0.445915
-0.430485
-0.410477
-0.392258
-0.381830
-0.384501
-0.404642
-0.445515
-0.509168
-0.596394
-0.706714
-0.838415
-0.988597
-1.153262
-1.327413
-1.505181
-1.679970
-0.108807
-0.122447
-0.141447
-0.160605
-0.174640
-0.178529
-0.167910
-0.139479
-0.091382
-0.023536
0.062177
0.161859
0.269767
0.378681
0.480482
0.566880
0.630225
0.664307
0.665039
0.630937
0.563330
0.466253
0.346056
0.210754
0.069238
-0.069605
-0.197704
-0.308490
-0.397387
-0.462058
-0.502428
-0.520500
-0.520002
-0.505953
-0.484163
-0.460759
-0.441738
-0.432609
-0.438089
-0.461908
-0.506660
-0.573728
-0.663266
-0.774202
-0.904286
-1.050159
-1.207436
-1.370817
-1.534215
-1.690897
-0.066079
-0.075726
-0.091347
-0.108242
-0.121666
-0.127153
-0.120862
-0.099946
-0.062881
-0.009750
0.057608
0.135590
0.219005
0.301442
0.375821
0.435059
0.472801
0.484124
0.466107
0.418218
0.342431
0.243063
0.126362
-0.000121
-0.128289
-0.250275
-0.359179
-0.449637
-0.518220
-0.563601
-0.586515
-0.589536
-0.576724
-0.553182
-0.524595
-0.496787
-0.475311
-0.465136
-0.470385
-0.494171
-0.538480
-0.604130
-0.690757
-0.796844
-0.919771
-1.055887
-1.200594
-1.348451
-1.493298
-1.628392
-0.010101
-0.015249
-0.027482
-0.042606
-0.056398
-0.064888
-0.064668
-0.053227
-0.029232
0.007230
0.054529
0.109506
0.167656
0.223478
0.270975
0.304270
0.318244
0.309140
0.275053
0.216210
0.135029
0.035923
-0.075120
-0.191141
-0.304895
-0.409546
-0.499311
-0.569936
-0.618999
-0.646020
-0.652368
-0.641018
-0.616193
-0.582947
-0.546729
-0.512976
-0.486763
-0.472509
-0.473775
-0.493127
-0.532051
-0.590921
-0.669018
-0.764550
-0.874707
-0.995726
-1.122969
-1.251013
-1.373760
-1.484561
0.061979
0.061136
0.051625
0.037167
0.021532
0.008296
0.000550
0.000623
0.009811
0.028181
0.054455
0.086044
0.119211
0.149397
0.171677
0.181300
0.174253
0.147782
0.100788
0.034055
-0.049753
-0.146301
-0.249991
-0.354520
-0.453497
-0.541070
-0.612466
-0.664385
-0.695240
-0.705203
-0.696087
-0.671090
-0.634450
-0.591045
-0.546003
-0.504330
-0.470605
-0.448737
-0.441793
-0.451891
-0.480144
-0.526651
-0.590504
-0.669821
-0.761793
-0.862725
-0.968106
-1.072673
-1.170509
-1.255153
0.151471
0.154003
0.145885
0.130442
0.111104
0.091179
0.073603
0.060673
0.053810
0.053373
0.058555
0.067405
0.076978
0.083633
0.083422
0.072585
0.048030
0.007791
-0.048642
-0.120153
-0.204011
-0.296098
-0.391284
-0.483934
-0.568472
-0.639912
-0.694334
-0.729208
-0.743575
-0.738056
-0.714717
-0.676808
-0.628447
-0.574240
-0.518932
-0.467083
-0.422802
-0.389541
-0.369969
-0.365883
-0.378178
-0.406840
-0.450960
-0.508754
-0.577591
-0.654021
-0.733808
-0.811981
-0.882904
-0.940383
0.257899
0.262165
0.253518
0.235011
0.209873
0.181306
0.152250
0.125135
0.101643
0.082538
0.067551
0.055388
0.043862
0.030146
0.011124
-0.016178
-0.054149
-0.104213
-0.166523
-0.239825
-0.321485
-0.407696
-0.493824
-0.574866
-0.645950
-0.702810
-0.742184
-0.762104
-0.762022
-0.742803
-0.706583
-0.656520
-0.596495
-0.530772
-0.463685
-0.399353
-0.341461
-0.293092
-0.256623
-0.233670
-0.225067
-0.230857
-0.250308
-0.281911
-0.323382
-0.371667
-0.422940
-0.472632
-0.515476
-0.545593
0.378898
0.382630
0.371070
0.347147
0.314063
0.275080
0.233307
0.191445
0.151558
0.114873
0.081678
0.051298
0.022198
-0.007796
-0.041174
-0.080358
-0.127296
-0.183111
-0.247824
-0.320221
-0.397883
-0.477356
-0.554485
-0.624809
-0.684016
-0.728368
-0.755059
-0.762455
-0.750211
-0.719244
-0.671602
-0.610224
-0.538669
-0.460818
-0.380583
-0.301679
-0.227430
-0.160639
-0.103512
-0.057622
-0.023888
-0.002576
0.006711
0.005054
-0.005758
-0.023194
-0.043953
-0.063949
-0.078351
-0.081644
0.510265
0.510708
0.493562
0.461805
0.418779
0.367983
0.312839
0.256437
0.201284
0.149102
0.100684
0.055869
0.013610
-0.027818
-0.070531
-0.116661
-0.167985
-0.225563
-0.289479
-0.358701
-0.431090
-0.503556
-0.572345
-0.633409
-0.682824
-0.717174
-0.733890
-0.731461
-0.709549
-0.668958
-0.611509
-0.539834
-0.457115
-0.366823
-0.272471
-0.177412
-0.084681
0.003101
0.083787
0.155727
0.217775
0.269312
0.310269
0.341168
0.363190
0.378246
0.389033
0.399083
0.412748
0.435142
0.646139
0.640258
0.614777
0.572909
0.518311
0.454866
0.386431
0.316555
0.248217
0.183583
0.123861
0.069234
0.018940
-0.028557
-0.075267
-0.123313
-0.174545
-0.230183
-0.290534
-0.354846
-0.421282
-0.487064
-0.548733
-0.602496
-0.644623
-0.671816
-0.681530
-0.672188
-0.643287
-0.595383
-0.529976
-0.449318
-0.356189
-0.253657
-0.144863
-0.032849
0.079563
0.189853
0.295833
0.395669
0.487891
0.571422
0.645625
0.710381
0.766188
0.814265
0.856659
0.896302
0.937037
0.983546
0.779357
0.764056
0.727648
0.673757
0.606510
0.530295
0.449481
0.368108
0.289583
0.216427
0.150101
0.090933
0.038184
-0.009760
-0.055083
-0.100165
-0.147162
-0.197631
-0.252223
-0.310501
-0.370913
-0.430907
-0.487178
-0.536016
-0.573687
-0.596814
-0.602693
-0.589516
-0.556483
-0.503801
-0.432581
-0.344668
-0.242430
-0.128551
-0.005839
0.122920
0.255058
0.388080
0.519690
0.647798
0.770541
0.886319
0.993877
1.092408
1.181687
1.262222
1.335377
1.403470
1.469807
1.538617
0.901884
0.874256
0.824719
0.757462
0.677205
0.588924
0.497526
0.407511
0.322631
0.245612
0.177962
0.119909
0.070474
0.027679
-0.011105
-0.048748
-0.087909
-0.130613
-0.177913
-0.229696
-0.284622
-0.340246
-0.393265
-0.439869
-0.476145
-0.498457
-0.503790
-0.489978
-0.455832
-0.401149
-0.326618
-0.233666
-0.124271
-0.000758
0.134359
0.278503
0.429112
0.583674
0.739738
0.894926
1.046953
1.193682
1.333229
1.464100
1.585350
1.696778
1.637439
1.599135
1.661147
1.827261
1.005334
0.962906
0.898643
0.817415
0.724617
0.625841
0.526518
0.431518
0.344794
0.269083
0.205711
0.154539
0.114070
0.081701
0.054113
0.027747
-0.000695
-0.033786
-0.073000
-0.118490
-0.169033
-0.222155
-0.274389
-0.321663
-0.359721
-0.384530
-0.392651
-0.381473
-0.349370
-0.295695
-0.220721
-0.125471
-0.011556
0.119022
0.264008
0.421000
0.587517
0.761009
0.938868
1.118427
1.296996
1.471930
1.640748
1.801308
1.654611
1.469625
1.378529
1.382967
1.485571
1.689622
1.081533
1.022486
0.942669
0.847718
0.743731
0.636894
0.533076
0.437384
0.353793
0.284821
0.231358
0.192634
0.166371
0.149105
0.136633
0.124559
0.108863
0.086402
0.055322
0.015286
-0.032474
-0.085303
-0.139427
-0.190361
-0.233379
-0.263955
-0.278148
-0.272871
-0.246034
-0.196567
-0.124335
-0.030001
0.085167
0.219449
0.370824
0.537057
0.715737
0.904290
1.099974
1.299878
1.500963
1.700135
1.894400
1.663469
1.428334
1.285808
1.236252
1.281183
1.422818
1.663780
1.123051
1.046393
0.951093
0.843573
0.730611
0.618912
0.514647
0.422990
0.347715
0.290878
0.252679
0.231462
0.223948
0.225614
0.231237
0.235503
0.233641
0.221975
0.198352
0.162368
0.115404
0.060430
0.001672
-0.055863
-0.106892
-0.146337
-0.169733
-0.173510
-0.155140
-0.113158
-0.047069
0.042796
0.155461
0.289474
0.443032
0.614060
0.800245
0.999025
1.207578
1.422821
1.641453
1.860037
1.791352
1.501705
1.305884
1.202672
1.192323
1.275981
1.455273
1.732050
1.123690
1.029375
0.919601
0.801551
0.682604
0.569854
0.469602
0.386878
0.325016
0.285373
0.267210
0.267777
0.282604
0.305987
0.331599
0.353194
0.365290
0.363760
0.346267
0.312481
0.264063
0.204436
0.138376
0.071491
0.009666
-0.041455
-0.076899
-0.092645
-0.085776
-0.054484
0.002035
0.083735
0.189905
0.319337
0.470449
0.641347
0.829850
1.033467
1.249377
1.474421
1.705141
1.937874
1.688959
1.434491
1.274765
1.208443
1.235410
1.356242
1.571841
1.883221
1.078884
0.967846
0.845523
0.719777
0.598457
0.488869
0.397244
0.328234
0.284500
0.266468
0.272259
0.297854
0.337476
0.384170
0.430504
0.469345
0.494594
0.501795
0.488575
0.454816
0.402596
0.335887
0.260090
0.181452
0.106457
0.041288
-0.008619
-0.038860
-0.046192
-0.028526
0.015193
0.085161
0.180907
0.301463
0.445473
0.611262
0.796830
0.999828
1.217526
1.446794
1.684139
1.925790
1.678051
1.455244
1.328960
1.297450
1.360012
1.516494
1.766987
2.111654
0.985957
0.860083
0.727958
0.597986
0.478311
0.376251
0.297738
0.246817
0.225259
0.232355
0.264927
0.317584
0.383186
0.453532
0.520151
0.575128
0.611887
0.625805
0.614624
0.578575
0.520265
0.444293
0.356712
0.264402
0.174412
0.093399
0.027185
-0.019519
-0.043228
-0.041639
-0.013497
0.041600
0.123404
0.231183
0.363836
0.519940
0.697734
0.895092
1.109458
1.337836
1.576810
1.822619
1.757955
1.563629
1.468307
1.469584
1.565982
1.756519
2.040426
2.417056
0.844264
0.706289
0.567764
0.437459
0.323608
0.233317
0.171994
0.142862
0.146603
0.181228
0.242163
0.322591
0.414042
0.507145
0.592508
0.661600
0.707542
0.725717
0.714139
0.673520
0.607070
0.520050
0.419168
0.311886
0.205749
0.107798
0.024144
-0.040288
-0.081846
-0.098083
-0.087589
-0.049783
0.015300
0.107177
0.225020
0.367697
0.533749
0.721325
0.928137
1.151407
1.387886
1.633920
1.885587
1.765486
1.698498
1.730355
1.858673
2.081566
2.397428
2.804892
0.655180
0.508515
0.367435
0.240867
0.136913
0.062242
0.021521
0.016959
0.048010
0.111308
0.200844
0.308419
0.424308
0.538121
0.639725
0.720167
0.772467
0.792196
0.777784
0.730520
0.654271
0.554961
0.439904
0.317072
0.194402
0.079215
-0.022194
-0.104781
-0.164805
-0.199732
-0.208032
-0.188965
-0.142357
-0.068431
0.032284
0.158981
0.310536
0.485438
0.681710
0.896860
1.127872
1.371263
1.623196
1.879646
2.031728
2.091623
2.249732
2.503256
2.849824
3.287516
0.421956
0.270473
0.130878
0.012035
-0.078315
-0.134157
-0.151749
-0.130042
-0.070905
0.020888
0.137934
0.270744
0.408505
0.539995
0.654564
0.743065
0.798621
0.817161
0.797657
0.742048
0.654868
0.542669
0.413293
0.275117
0.136354
0.004488
-0.114109
-0.214365
-0.292516
-0.345981
-0.373147
-0.373122
-0.345520
-0.290300
-0.207672
-0.098102
0.037647
0.198425
0.382599
0.587988
0.811843
1.050876
1.301362
1.559278
1.820484
2.080903
2.336677
2.584308
2.820714
3.043241
0.149465
-0.002751
-0.136877
-0.244342
-0.317982
-0.352623
-0.345598
-0.297112
-0.210388
-0.091571
0.050645
0.205647
0.361735
0.507104
0.630833
0.723808
0.779464
0.794239
0.767744
0.702596
0.603978
0.478997
0.335923
0.183413
0.029828
-0.117301
-0.251626
-0.368122
-0.463063
-0.533859
-0.578822
-0.596919
-0.587554
-0.550413
-0.485393
-0.392614
-0.272479
-0.125784
0.046181
0.241537
0.457793
0.691850
0.940083
1.198465
1.462716
1.728484
1.991482
2.247627
2.493124
2.600864
-0.156139
-0.305041
-0.430019
-0.523013
-0.577621
-0.589665
-0.557657
-0.483085
-0.370498
-0.227310
-0.063344
0.109877
0.280024
0.434967
0.563774
0.657601
0.710365
0.719145
0.684247
0.608966
0.499080
0.362152
0.206751
0.041686
-0.124658
-0.284823
-0.432571
-0.562990
-0.672431
-0.758318
-0.818905
-0.853020
-0.859859
-0.838846
-0.789578
-0.711849
-0.605734
-0.471706
-0.310759
-0.124500
0.084787
0.314156
0.560043
0.818384
1.084739
1.354466
1.622850
1.885254
2.137206
2.033928
-0.487815
-0.629631
-0.742297
-0.818456
-0.852625
-0.841724
-0.785483
-0.686658
-0.551031
-0.387127
-0.205682
-0.018876
0.160609
0.320595
0.450392
0.541629
0.588870
0.589917
0.545793
0.460437
0.340131
0.192778
0.027112
-0.148039
-0.324392
-0.494657
-0.652783
-0.794024
-0.914836
-1.012671
-1.085731
-1.132714
-1.152621
-1.144636
-1.108086
-1.042486
-0.947635
-0.823750
-0.671592
-0.492576
-0.288837
-0.063243
0.180651
0.438693
0.706260
0.978409
1.250019
1.515937
1.628961
1.491888
-0.838039
-0.969484
-1.067360
-1.125167
-1.138452
-1.105289
-1.026615
-0.906374
-0.751432
-0.571224
-0.377149
-0.181763
0.002183
0.162730
0.289660
0.375261
0.414856
0.407019
0.353481
0.258750
0.129506
-0.026142
-0.199425
-0.381633
-0.564693
-0.741565
-0.906449
-1.054794
-1.183184
-1.289111
-1.370728
-1.426618
-1.455608
-1.456679
-1.428941
-1.371692
-1.284537
-1.167518
-1.021255
-0.847062
-0.647021
-0.423993
-0.181594
0.075890
0.343629
0.616380
0.888652
1.154853
1.091239
0.988900
-1.199214
-1.317644
-1.399040
-1.437872
-1.430781
-1.376992
-1.278586
-1.140566
-0.970693
-0.779071
-0.577493
-0.378607
-0.194959
-0.038038
0.082613
0.160081
0.190521
0.173290
0.110775
0.007963
-0.128193
-0.289513
-0.467331
-0.653167
-0.839252
-1.018867
-1.186503
-1.337833
-1.469575
-1.579268
-1.665030
-1.725345
-1.758908
-1.764540
-1.741203
-1.688064
-1.604621
-1.490845
-1.347322
-1.175366
-0.977095
-0.755457
-0.514187
-0.257746
0.008814
0.279980
0.549945
0.703074
0.607222
0.535203
-1.564017
-1.667533
-1.731592
-1.751704
-1.725612
-1.653644
-1.538913
-1.387309
-1.207271
-1.009315
-0.805351
-0.607841
-0.428876
-0.279256
-0.167693
-0.100204
-0.079766
-0.106268
-0.176744
-0.285841
-0.426465
-0.590496
-0.769493
-0.955307
-1.140552
-1.318880
-1.485098
-1.635118
-1.765801
-1.874740
-1.960034
-2.020101
-2.053542
-2.059089
-2.035630
-1.982295
-1.898577
-1.784485
-1.640675
-1.468566
-1.270405
-1.049294
-0.809148
-0.554622
-0.290988
-0.023981
0.240356
0.251020
0.182994
0.136902
