pygeostat_saved_data
1
0
-1.753668
-1.561522
-1.355533
-1.135073
-0.900781
-0.654836
-0.401127
-0.145270
0.105529
0.342802
0.557303
0.739646
0.881014
0.760797
0.579311
0.451012
0.376274
0.358345
0.403315
0.402935
0.163558
-0.088080
-0.336937
-0.567446
-0.764316
-0.913362
-1.002360
-1.021875
-0.966034
-0.833181
-0.626331
-0.353370
-0.026916
0.336194
0.715777
1.089527
1.434482
1.728627
1.952477
2.090507
2.132252
2.073002
1.913998
1.662113
1.329085
0.930366
0.483736
0.007827
-0.479281
-0.961271
-1.807154
-1.613353
-1.404570
-1.180788
-0.943364
-0.695234
-0.440997
-0.186860
0.059600
0.289822
0.494802
0.665744
0.794746
0.875485
0.816691
0.717222
0.675201
0.673027
0.504871
0.304840
0.084498
-0.143083
-0.363921
-0.563787
-0.728906
-0.846705
-0.906589
-0.900730
-0.824802
-0.678602
-0.466461
-0.197364
0.115280
0.454270
0.799613
1.129836
1.423514
1.660848
1.825159
1.904135
1.890696
1.783408
1.586383
1.308709
0.963479
0.566524
0.135024
-0.313902
-0.764414
-1.202941
-1.850085
-1.652947
-1.440407
-1.213169
-0.973347
-0.724607
-0.472158
-0.222606
0.016352
0.236373
0.429044
0.586502
0.702082
0.770879
0.790212
0.759908
0.682404
0.562671
0.407974
0.227537
0.032112
-0.166468
-0.355783
-0.523347
-0.657175
-0.746428
-0.782117
-0.757852
-0.670561
-0.521089
-0.314601
-0.060629
0.227221
0.532010
0.834549
1.114781
1.353311
1.532936
1.639991
1.665384
1.605217
1.460903
1.238813
0.949489
0.606538
0.225313
-0.178406
-0.589676
-0.995399
-1.385036
-1.879353
-1.677789
-1.461200
-1.231055
-0.990217
-0.742987
-0.495014
-0.253065
-0.024654
0.182441
0.360746
0.503672
0.606061
0.664620
0.678205
0.647936
0.577131
0.471094
0.336821
0.182652
0.017932
-0.147315
-0.302695
-0.437784
-0.542549
-0.607866
-0.626169
-0.592178
-0.503630
-0.361900
-0.172394
0.055417
0.308358
0.570356
0.823588
1.049887
1.232256
1.356286
1.411340
1.391360
1.295220
1.126587
0.893347
0.606658
0.279770
-0.073246
-0.438715
-0.804399
-1.160257
-1.498882
-1.892572
-1.686138
-1.465870
-1.234002
-0.994066
-0.750848
-0.510211
-0.278795
-0.063600
0.128514
0.291362
0.419926
0.510774
0.562321
0.574916
0.550764
0.493694
0.408846
0.302340
0.180995
0.052127
-0.076571
-0.197113
-0.301347
-0.381193
-0.429064
-0.438468
-0.404759
-0.325920
-0.203235
-0.041717
0.149852
0.359332
0.572049
0.772004
0.943267
1.071426
1.144884
1.155853
1.100921
0.981163
0.801778
0.571337
0.300749
0.002087
-0.312588
-0.632252
-0.947720
-1.252131
-1.541106
-1.888139
-1.677043
-1.454094
-1.222227
-0.985511
-0.749009
-0.518534
-0.300280
-0.100384
0.075560
0.222965
0.338629
0.420984
0.470146
0.487796
0.476896
0.441305
0.385403
0.313773
0.231063
0.141979
0.051441
-0.035228
-0.112187
-0.173147
-0.211702
-0.221940
-0.199255
-0.141230
-0.048401
0.075242
0.222204
0.381883
0.541447
0.687031
0.805115
0.883890
0.914395
0.891326
0.813373
0.683111
0.506463
0.291831
0.049051
-0.211713
-0.480980
-0.750751
-1.015034
-1.270053
-1.514155
-1.865250
-1.650324
-1.426243
-1.196528
-0.965598
-0.738548
-0.520840
-0.317892
-0.134638
0.024908
0.158020
0.263477
0.341607
0.394114
0.423729
0.433728
0.427432
0.407800
0.377220
0.337547
0.290397
0.237620
0.181794
0.126587
0.076846
0.038301
0.016896
0.017862
0.044688
0.098209
0.176035
0.272437
0.378755
0.484270
0.577407
0.647053
0.683829
0.681071
0.635438
0.547054
0.419215
0.257738
0.070044
-0.135838
-0.352238
-0.572638
-0.792219
-1.008095
-1.219278
-1.426352
-1.823866
-1.606513
-1.383306
-1.158190
-0.935709
-0.720716
-0.518008
-0.331905
-0.165827
-0.021939
0.099068
0.198027
0.277088
0.339309
0.388074
0.426440
0.456565
0.479332
0.494304
0.500040
0.494738
0.477066
0.446979
0.406312
0.358977
0.310647
0.267980
0.237498
0.224375
0.231364
0.258114
0.301008
0.353553
0.407257
0.452801
0.481314
0.485515
0.460544
0.404396
0.317889
0.204248
0.068390
-0.083965
-0.247176
-0.416453
-0.588409
-0.761319
-0.935115
-1.111088
-1.291428
-1.764662
-1.546768
-1.326785
-1.108878
-0.897464
-0.696867
-0.510916
-0.342533
-0.193367
-0.063548
0.048365
0.145209
0.230763
0.309096
0.383755
0.457000
0.529184
0.598508
0.661204
0.712201
0.746155
0.758664
0.747393
0.712864
0.658684
0.591157
0.518310
0.448559
0.389261
0.345472
0.319151
0.308952
0.310595
0.317745
0.323151
0.319858
0.302219
0.266593
0.211619
0.138062
0.048324
-0.054273
-0.166273
-0.284806
-0.408125
-0.535898
-0.669199
-0.810259
-0.962000
-1.127474
-1.688926
-1.472763
-1.258578
-1.050523
-0.852628
-0.668404
-0.500436
-0.350002
-0.216791
-0.098804
0.007510
0.106833
0.204270
0.304453
0.410559
0.523445
0.641089
0.758516
0.868303
0.961629
1.029732
1.065486
1.064807
1.027548
0.957713
0.862895
0.753072
0.639004
0.530545
0.435239
0.357424
0.297979
0.254710
0.223203
0.197944
0.173441
0.145145
0.109995
0.066586
0.014923
-0.044059
-0.109165
-0.179572
-0.255332
-0.337668
-0.428990
-0.532653
-0.652520
-0.792388
-0.955383
-1.598451
-1.386566
-1.180852
-0.985212
-0.803024
-0.636734
-0.487449
-0.354626
-0.235901
-0.127152
-0.022859
0.083229
0.197141
0.323572
0.464768
0.619640
0.783326
0.947371
1.100597
1.230581
1.325512
1.376112
1.377231
1.328784
1.235846
1.107873
0.957203
0.797183
0.640255
0.496409
0.372211
0.270543
0.190992
0.130704
0.085463
0.050733
0.022469
-0.002429
-0.026051
-0.049731
-0.074502
-0.101630
-0.133051
-0.171658
-0.221318
-0.286666
-0.372658
-0.484016
-0.624603
-0.796872
-1.495405
-1.290505
-1.095926
-0.915079
-0.750458
-0.603225
-0.472848
-0.356869
-0.250874
-0.148748
-0.043253
0.073058
0.206667
0.361807
0.539277
0.735601
0.942790
1.148834
1.338966
1.497568
1.610392
1.666744
1.661182
1.594402
1.473136
1.309090
1.117158
0.913271
0.712305
0.526424
0.364082
0.229776
0.124457
0.046372
-0.007896
-0.042458
-0.061414
-0.068471
-0.066925
-0.059886
-0.050641
-0.043017
-0.041613
-0.051825
-0.079643
-0.131234
-0.212374
-0.327829
-0.480765
-0.672305
-1.382210
-1.187043
-1.006141
-0.842204
-0.696640
-0.569170
-0.457533
-0.357364
-0.262313
-0.164506
-0.055340
0.073383
0.228098
0.412075
0.624236
0.858446
1.103520
1.344072
1.562182
1.739679
1.860674
1.913895
1.894387
1.804250
1.652280
1.452606
1.222608
0.980547
0.743348
0.524882
0.334999
0.179314
0.059640
-0.025167
-0.078222
-0.103725
-0.106316
-0.090764
-0.061934
-0.024951
0.014576
0.050387
0.075566
0.082744
0.064499
0.013918
-0.074780
-0.205632
-0.380457
-0.598549
-1.261401
-1.078648
-0.913754
-0.768520
-0.643112
-0.535727
-0.442375
-0.356883
-0.271189
-0.175989
-0.061738
0.080026
0.255196
0.465662
0.708185
0.973886
1.248558
1.513871
1.749420
1.935318
2.054930
2.097252
2.058513
1.942672
1.760776
1.529284
1.267743
0.996268
0.733246
0.493662
0.288169
0.122944
0.000148
-0.081240
-0.124493
-0.134322
-0.116289
-0.076523
-0.021641
0.041190
0.104197
0.159040
0.197022
0.209490
0.188371
0.126809
0.019790
-0.135353
-0.338594
-0.587132
-1.135514
-0.967684
-0.820835
-0.695718
-0.591173
-0.503858
-0.428141
-0.356241
-0.278691
-0.185158
-0.065629
0.088143
0.281080
0.513379
0.779530
1.068046
1.362097
1.641063
1.882895
2.066930
2.091570
2.111015
2.141451
2.000452
1.792444
1.535885
1.251953
0.961957
0.685059
0.436672
0.227639
0.064148
-0.051773
-0.121450
-0.148690
-0.139024
-0.099178
-0.036763
0.039865
0.121680
0.199111
0.262270
0.301359
0.307198
0.271862
0.120605
-0.014070
-0.129155
-0.363751
-0.642937
-1.006979
-0.856304
-0.729168
-0.625171
-0.541801
-0.474241
-0.415390
-0.356136
-0.285979
-0.194009
-0.070213
0.093000
0.299245
0.546865
0.828150
1.129340
1.431582
1.712773
1.950158
2.123230
2.161609
2.221701
2.138756
1.975841
1.748058
1.475318
1.179744
0.883083
0.604533
0.359265
0.157727
0.005625
-0.095546
-0.147753
-0.155592
-0.125602
-0.065741
0.014947
0.106572
0.198616
0.280231
0.340642
0.369686
0.358429
0.164467
0.008913
-0.059003
-0.192035
-0.457149
-0.763602
-0.878014
-0.746367
-0.640182
-0.557862
-0.495580
-0.447187
-0.404348
-0.356962
-0.293908
-0.204150
-0.078118
0.090758
0.304579
0.559825
0.846830
1.150069
1.449390
1.722095
1.945646
2.100564
2.173041
2.156813
2.053963
1.874514
1.634958
1.355986
1.059901
0.768124
0.499187
0.267418
0.082368
-0.051113
-0.132376
-0.164233
-0.152206
-0.103870
-0.028338
0.064129
0.162468
0.255181
0.330766
0.378264
0.387874
0.294159
0.117758
0.028450
-0.074400
-0.321171
-0.612437
-0.939709
-0.750565
-0.639373
-0.554887
-0.494323
-0.452640
-0.422552
-0.394786
-0.358620
-0.302736
-0.216403
-0.090867
0.079166
0.294192
0.548978
0.832286
1.127440
1.413774
1.668865
1.871233
2.003122
2.052852
2.016377
1.897751
1.708454
1.465746
1.190380
0.904089
0.627273
0.377199
0.166868
0.004577
-0.105955
-0.165087
-0.176571
-0.146850
-0.084437
0.000623
0.097201
0.193542
0.277740
0.338304
0.364762
0.348314
0.282415
0.163265
-0.009909
-0.234786
-0.506147
-0.816302
-1.155706
-0.626230
-0.536405
-0.473831
-0.434602
-0.412612
-0.399684
-0.385926
-0.360377
-0.311927
-0.230519
-0.108506
0.057984
0.267890
0.514526
0.785563
1.063828
1.328909
1.559426
1.735643
1.842007
1.869200
1.815343
1.686141
1.494006
1.256317
0.993195
0.725149
0.471001
0.246298
0.062391
-0.073900
-0.160113
-0.197661
-0.191206
-0.147994
-0.077255
0.010359
0.103289
0.189612
0.257620
0.296435
0.296650
0.250939
0.154547
0.005640
-0.194587
-0.442020
-0.729988
-1.049808
-1.391465
-0.506228
-0.438108
-0.397090
-0.378254
-0.374625
-0.377402
-0.376411
-0.360812
-0.320059
-0.245070
-0.129491
0.029087
0.228199
0.460051
0.711740
0.966227
1.204028
1.405424
1.552890
1.633344
1.639842
1.572435
1.438055
1.249480
1.023604
0.779327
0.535436
0.308772
0.112902
-0.042645
-0.152597
-0.215750
-0.234510
-0.214307
-0.162980
-0.090174
-0.006762
0.075738
0.145762
0.192332
0.205686
0.177896
0.103384
-0.020706
-0.194323
-0.414568
-0.675956
-0.970892
-1.290286
-1.624246
-0.391371
-0.344683
-0.324281
-0.324378
-0.337350
-0.354057
-0.364363
-0.357877
-0.324908
-0.257560
-0.150871
-0.003828
0.179922
0.391860
0.619006
0.845010
1.051844
1.221877
1.340055
1.395810
1.384409
1.307487
1.172729
0.992757
0.783472
0.562128
0.345462
0.148139
-0.018363
-0.146344
-0.232027
-0.275358
-0.279579
-0.250678
-0.196811
-0.127700
-0.054029
0.013166
0.063138
0.086058
0.073627
0.019611
-0.079759
-0.225549
-0.416110
-0.647262
-0.912676
-1.204416
-1.513559
-1.830849
-0.282065
-0.255910
-0.254607
-0.271679
-0.299093
-0.327645
-0.347529
-0.349082
-0.323682
-0.264752
-0.168721
-0.035845
0.129319
0.317901
0.517282
0.712235
0.886549
1.024913
1.114799
1.148034
1.121806
1.038937
0.907416
0.739282
0.549081
0.352168
0.163100
-0.005671
-0.144692
-0.247982
-0.313103
-0.340965
-0.335425
-0.302778
-0.251195
-0.190135
-0.129729
-0.080152
-0.050999
-0.050680
-0.085876
-0.161115
-0.278497
-0.437606
-0.635614
-0.867587
-1.126920
-1.405891
-1.696241
-1.989733
-0.178335
-0.171205
-0.186947
-0.218595
-0.257947
-0.295995
-0.323517
-0.331787
-0.313405
-0.263154
-0.178791
-0.061657
0.083054
0.246462
0.416654
0.579826
0.721778
0.829570
0.893101
0.906347
0.868073
0.781899
0.655746
0.500765
0.329953
0.156689
-0.006624
-0.149625
-0.264715
-0.347419
-0.396416
-0.413345
-0.402433
-0.370014
-0.323992
-0.273264
-0.227115
-0.194603
-0.183977
-0.202134
-0.254172
-0.343088
-0.469626
-0.632313
-0.827664
-1.050539
-1.294592
-1.552783
-1.817879
-2.082892
-0.079859
-0.089692
-0.119969
-0.163449
-0.211988
-0.257013
-0.290086
-0.303576
-0.291371
-0.249595
-0.177216
-0.076457
0.047120
0.184895
0.325914
0.457955
0.568880
0.648033
0.687527
0.683183
0.634993
0.547040
0.426907
0.284692
0.131801
-0.020296
-0.161183
-0.282366
-0.377845
-0.444386
-0.481529
-0.491391
-0.478323
-0.448456
-0.409191
-0.368643
-0.335061
-0.316269
-0.319132
-0.349111
-0.409930
-0.503373
-0.629259
-0.785560
-0.968661
-1.173727
-1.395112
-1.626796
-1.862773
-2.097361
0.013946
-0.010320
-0.052285
-0.104632
-0.159502
-0.208948
-0.245476
-0.262632
-0.255605
-0.221785
-0.161197
-0.076730
0.025908
0.138580
0.251429
0.353874
0.435767
0.488559
0.506305
0.486348
0.429600
0.340345
0.225676
0.094599
-0.042992
-0.177353
-0.299804
-0.403425
-0.483522
-0.537818
-0.566451
-0.571782
-0.558066
-0.531043
-0.497447
-0.464483
-0.439310
-0.428527
-0.437739
-0.471196
-0.531572
-0.619868
-0.735459
-0.876263
-1.039019
-1.219606
-1.413388
-1.615543
-1.821321
-2.026235
0.103839
0.067997
0.017390
-0.040812
-0.099216
-0.150665
-0.188703
-0.208089
-0.205266
-0.178769
-0.129503
-0.060827
0.021609
0.110293
0.196536
0.271361
0.326469
0.355183
0.353213
0.319133
0.254508
0.163669
0.053149
-0.069070
-0.194435
-0.314680
-0.422559
-0.512418
-0.580558
-0.625393
-0.647420
-0.649037
-0.634250
-0.608279
-0.577113
-0.547039
-0.524179
-0.514057
-0.521257
-0.549152
-0.599779
-0.673813
-0.770656
-0.888627
-1.025192
-1.177224
-1.341250
-1.513649
-1.690801
-1.869169
0.190627
0.146245
0.090045
0.028871
-0.030522
-0.081868
-0.119808
-0.140285
-0.140902
-0.121192
-0.082750
-0.029215
0.033981
0.100046
0.161469
0.210781
0.241350
0.248122
0.228186
0.181089
0.108870
0.015801
-0.092114
-0.207794
-0.323810
-0.433086
-0.529507
-0.608378
-0.666722
-0.703394
-0.719054
-0.715998
-0.697877
-0.669349
-0.635677
-0.602317
-0.574517
-0.556982
-0.553595
-0.567249
-0.599772
-0.651951
-0.723632
-0.813872
-0.921113
-1.043344
-1.178234
-1.323224
-1.475562
-1.632306
0.275039
0.225133
0.166211
0.104619
0.046356
-0.003276
-0.040003
-0.060886
-0.064554
-0.051357
-0.023397
0.015595
0.060524
0.105382
0.143799
0.169689
0.177889
0.164724
0.128414
0.069276
-0.010315
-0.106180
-0.212779
-0.323767
-0.432602
-0.533126
-0.620066
-0.689410
-0.738662
-0.766928
-0.774892
-0.764655
-0.739486
-0.703521
-0.661398
-0.617911
-0.577688
-0.544922
-0.523167
-0.515229
-0.523132
-0.548143
-0.590856
-0.651275
-0.728906
-0.822818
-0.931664
-1.053666
-1.186585
-1.327664
0.357565
0.304944
0.245798
0.185841
0.130233
0.083304
0.048290
0.027134
0.020342
0.026940
0.044522
0.069416
0.096982
0.122016
0.139230
0.143782
0.131777
0.100694
0.049670
-0.020381
-0.106840
-0.205623
-0.311562
-0.418885
-0.521715
-0.614557
-0.692729
-0.752678
-0.792197
-0.810504
-0.808221
-0.787233
-0.750472
-0.701646
-0.644941
-0.584730
-0.525310
-0.470696
-0.424473
-0.389718
-0.368976
-0.364256
-0.377063
-0.408412
-0.458810
-0.528224
-0.616003
-0.720792
-0.840451
-0.971989
0.438323
0.385394
0.327980
0.271061
0.218937
0.174993
0.141533
0.119655
0.109201
0.108776
0.115857
0.126989
0.138066
0.144694
0.142589
0.128008
0.098128
0.051370
-0.012406
-0.091830
-0.184112
-0.285250
-0.390365
-0.494099
-0.591045
-0.676164
-0.745159
-0.794754
-0.822896
-0.828833
-0.813095
-0.777385
-0.724389
-0.657551
-0.580819
-0.498403
-0.414570
-0.333478
-0.259053
-0.194919
-0.144349
-0.110227
-0.094995
-0.100584
-0.128307
-0.178728
-0.251527
-0.345361
-0.457774
-0.585160
0.516907
0.465520
0.411114
0.357903
0.309339
0.267954
0.235262
0.211708
0.196679
0.188575
0.184943
0.182675
0.178263
0.168104
0.148827
0.117630
0.072567
0.012798
-0.061272
-0.147952
-0.244343
-0.346520
-0.449818
-0.549166
-0.639468
-0.715969
-0.774597
-0.812225
-0.826868
-0.817761
-0.785370
-0.731289
-0.658098
-0.569160
-0.468415
-0.360173
-0.248944
-0.139282
-0.035684
0.057514
0.136223
0.196702
0.235687
0.250552
0.239488
0.201702
0.137597
0.048911
-0.061213
-0.188262
0.592298
0.543610
0.492741
0.443142
0.397489
0.357600
0.324380
0.297839
0.277135
0.260671
0.246235
0.231175
0.212616
0.187708
0.153872
0.109078
0.052055
-0.017501
-0.098822
-0.190026
-0.288174
-0.389426
-0.489270
-0.582827
-0.665182
-0.731732
-0.778511
-0.802455
-0.801595
-0.775164
-0.723609
-0.648533
-0.552558
-0.439163
-0.312494
-0.177188
-0.038200
0.099331
0.230228
0.349400
0.451992
0.533553
0.590238
0.619043
0.618048
0.586633
0.525682
0.437687
0.326755
0.198495
0.662785
0.617200
0.569629
0.522825
0.478816
0.438874
0.403518
0.372549
0.345124
0.319848
0.294895
0.268148
0.237365
0.200367
0.155230
0.100495
0.035355
-0.040177
-0.125154
-0.217639
-0.314736
-0.412699
-0.507139
-0.593280
-0.666294
-0.721627
-0.755329
-0.764340
-0.746694
-0.701646
-0.629712
-0.532612
-0.413170
-0.275149
-0.123083
0.037907
0.202286
0.364268
0.517991
0.657698
0.777939
0.873813
0.941229
0.977189
0.980054
0.949778
0.888066
0.798424
0.686083
0.557781
0.725958
0.683124
0.637908
0.592479
0.548387
0.506577
0.467408
0.430713
0.395860
0.361827
0.327282
0.290679
0.250368
0.204718
0.152279
0.091940
0.023118
-0.054085
-0.138736
-0.228988
-0.322065
-0.414344
-0.501521
-0.578864
-0.641541
-0.684959
-0.705124
-0.698939
-0.664445
-0.600964
-0.509158
-0.390982
-0.249589
-0.089162
0.085267
0.268005
0.452911
0.633590
0.803615
0.956756
1.087252
1.190090
1.261314
1.298329
1.300162
1.267664
1.203606
1.112647
1.001147
0.876848
0.778762
0.737638
0.693249
0.647351
0.601229
0.555722
0.511277
0.467980
0.425600
0.383620
0.341266
0.297542
0.251287
0.201257
0.146244
0.085239
0.017614
-0.056675
-0.136911
-0.221473
-0.307786
-0.392360
-0.470947
-0.538791
-0.590974
-0.622790
-0.630141
-0.609868
-0.560027
-0.480054
-0.370828
-0.234631
-0.075031
0.103295
0.294766
0.493136
0.691721
0.883666
1.062193
1.220898
1.354042
1.456888
1.526003
1.438369
1.329547
1.300778
1.356008
1.367749
1.262222
1.148666
0.817622
0.776600
0.731119
0.682717
0.632642
0.581878
0.531182
0.481095
0.431933
0.383763
0.336370
0.289231
0.241516
0.192144
0.139889
0.083550
0.022185
-0.044643
-0.116618
-0.192474
-0.269895
-0.345525
-0.415118
-0.473817
-0.516533
-0.538369
-0.535065
-0.503378
-0.441390
-0.348680
-0.226398
-0.077200
0.094885
0.284676
0.486091
0.692418
0.896606
1.091560
1.270453
1.427043
1.555998
1.653223
1.591315
1.458403
1.405248
1.435112
1.552992
1.558113
1.466250
1.372352
0.838620
0.795721
0.747056
0.694179
0.638533
0.581479
0.524289
0.468114
0.413913
0.362353
0.313713
0.267794
0.223882
0.180786
0.136960
0.090713
0.040506
-0.014722
-0.075223
-0.140184
-0.207570
-0.274123
-0.335531
-0.386736
-0.422377
-0.437286
-0.426981
-0.388109
-0.318770
-0.218707
-0.089359
0.066232
0.243597
0.437115
0.640311
0.846186
1.047557
1.237387
1.409136
1.557080
1.676651
1.764730
1.655105
1.576733
1.582021
1.675300
1.750032
1.685361
1.616778
1.552830
0.837743
0.790842
0.736987
0.677981
0.615695
0.552068
0.489051
0.428508
0.372067
0.320943
0.275769
0.236462
0.202153
0.171229
0.141500
0.110479
0.075767
0.035479
-0.011335
-0.064361
-0.121825
-0.180498
-0.235887
-0.282618
-0.314947
-0.327338
-0.315028
-0.274515
-0.203905
-0.103098
0.026195
0.180579
0.355224
0.544189
0.740788
0.937972
1.128705
1.306332
1.464936
1.599650
1.706971
1.784996
1.812989
1.792553
1.851547
1.829777
1.795964
1.757729
1.723069
1.699725
0.811157
0.758225
0.697508
0.631275
0.562029
0.492454
0.425285
0.363130
0.308245
0.262266
0.225980
0.199149
0.180431
0.167460
0.157079
0.145714
0.129879
0.106714
0.074503
0.033074
-0.015990
-0.069365
-0.122239
-0.168778
-0.202731
-0.218099
-0.209772
-0.174058
-0.109039
-0.014741
0.106897
0.252211
0.416130
0.592571
0.774857
0.956157
1.129885
1.290079
1.431749
1.551160
1.646082
1.715961
1.762015
1.787207
1.796117
1.794674
1.789748
1.788647
1.798519
1.825714
0.755501
0.694852
0.626148
0.552329
0.476692
0.402766
0.334112
0.274051
0.225342
0.189851
0.168255
0.159847
0.162476
0.172690
0.186056
0.197671
0.202792
0.197505
0.179332
0.147690
0.104108
0.052168
-0.002829
-0.054433
-0.095759
-0.120250
-0.122385
-0.098238
-0.045829
0.034739
0.141375
0.270263
0.416248
0.573309
0.735026
0.895055
1.047540
1.187490
1.311077
1.415877
1.501039
1.567356
1.617263
1.654705
1.684892
1.713944
1.748412
1.794736
1.858643
1.944542
0.668164
0.598657
0.521568
0.440665
0.360136
0.284401
0.217812
0.164291
0.126922
0.107540
0.106408
0.122013
0.151060
0.188692
0.228953
0.265430
0.292034
0.303797
0.297566
0.272498
0.230255
0.174876
0.112341
0.049873
-0.004888
-0.044745
-0.063713
-0.057591
-0.024297
0.036055
0.121315
0.227650
0.350004
0.482628
0.619598
0.755308
0.884871
1.004462
1.111569
1.205148
1.285704
1.355259
1.417237
1.476229
1.537653
1.607327
1.690950
1.793546
1.918894
2.069002
0.547524
0.468726
0.383685
0.297084
0.214050
0.139857
0.079547
0.037467
0.016773
0.018982
0.043608
0.087999
0.147400
0.215300
0.284028
0.345572
0.392505
0.418902
0.421102
0.398215
0.352267
0.287978
0.212192
0.133055
0.059057
-0.001906
-0.043348
-0.060766
-0.051938
-0.016921
0.042183
0.121661
0.216736
0.322136
0.432647
0.543594
0.651229
0.753013
0.847790
0.935859
1.018940
1.100057
1.183290
1.273469
1.375747
1.495134
1.635954
1.801324
1.943044
1.957458
0.393120
0.305401
0.213684
0.123608
0.041198
-0.027512
-0.076964
-0.102623
-0.101542
-0.072851
-0.018108
0.058592
0.150778
0.250097
0.347082
0.432132
0.496593
0.533767
0.539732
0.513816
0.458665
0.379901
0.285406
0.184360
0.086168
-0.000551
-0.068806
-0.113785
-0.133089
-0.126664
-0.096463
-0.045934
0.020581
0.098458
0.183356
0.271673
0.360883
0.449752
0.538425
0.628396
0.722375
0.824055
0.937788
1.068190
1.219671
1.395941
1.599496
1.799168
1.814331
1.910366
0.205748
0.110288
0.013960
-0.076681
-0.154812
-0.213806
-0.247815
-0.252395
-0.225116
-0.166069
-0.078185
0.032744
0.158358
0.288381
0.411569
0.516859
0.594578
0.637534
0.641840
0.607335
0.537549
0.439202
0.321350
0.194267
0.068289
-0.047261
-0.144915
-0.219567
-0.268636
-0.291897
-0.291070
-0.269223
-0.230133
-0.177639
-0.115109
-0.045012
0.031354
0.113992
0.204198
0.304429
0.418077
0.549131
0.701792
0.880008
1.086992
1.324729
1.593511
1.670550
1.767018
1.939602
-0.012545
-0.113813
-0.212044
-0.299870
-0.369826
-0.414919
-0.429276
-0.408843
-0.352014
-0.260130
-0.137738
0.007503
0.165268
0.323388
0.468984
0.589764
0.675338
0.718356
0.715303
0.666830
0.577577
0.455526
0.310970
0.155290
-0.000295
-0.145831
-0.273437
-0.377757
-0.456032
-0.507838
-0.534591
-0.538894
-0.523857
-0.492464
-0.447064
-0.389001
-0.318421
-0.234233
-0.134210
-0.015223
0.126447
0.294693
0.493138
0.724645
0.990831
1.291616
1.535763
1.629284
1.801149
1.580318
-0.258549
-0.363086
-0.460075
-0.541495
-0.599462
-0.626869
-0.618112
-0.569816
-0.481483
-0.355943
-0.199520
-0.021810
0.164930
0.346795
0.509521
0.639914
0.727245
0.764382
0.748519
0.681394
0.568946
0.420495
0.247581
0.062619
-0.122398
-0.297000
-0.452998
-0.584856
-0.689660
-0.766779
-0.817278
-0.843233
-0.847039
-0.830798
-0.795854
-0.742500
-0.669871
-0.575993
-0.457980
-0.312355
-0.135444
0.076164
0.325121
0.612842
0.939028
1.301292
1.506906
1.673650
1.615684
0.997120
-0.528059
-0.632912
-0.725329
-0.796845
-0.839407
-0.846077
-0.811800
-0.734158
-0.613989
-0.455772
-0.267680
-0.061205
0.149627
0.349432
0.522916
0.656389
0.573003
0.586145
0.704429
0.642146
0.504262
0.328461
0.127442
-0.085485
-0.297719
-0.498437
-0.679277
-0.834611
-0.961419
-1.058858
-1.127626
-1.169243
-1.185374
-1.177258
-1.145300
-1.088872
-1.006278
-0.894908
-0.751519
-0.572617
-0.354931
-0.095895
0.205841
0.549939
0.933970
1.353103
1.566650
1.698650
1.054616
0.542431
-0.816129
-0.918167
-1.002762
-1.061255
-1.085688
-1.069570
-1.008660
-0.901724
-0.751094
-0.562973
-0.347339
-0.117428
0.111231
0.322146
0.484525
0.323969
0.269891
0.317021
0.464758
0.543035
0.379221
0.177004
-0.049920
-0.287554
-0.522906
-0.744997
-0.945444
-1.118630
-1.261482
-1.372964
-1.453399
-1.503752
-1.524977
-1.517503
-1.480909
-1.413799
-1.313871
-1.178139
-1.003300
-0.786179
-0.524226
-0.216038
0.138158
0.536066
0.972997
1.441657
1.707092
1.162837
0.624834
0.201934
-1.117340
-1.213497
-1.287369
-1.330351
-1.334854
-1.295088
-1.207850
-1.073248
-0.895187
-0.681561
-0.444014
-0.197259
0.042037
0.256706
0.178507
0.058149
0.038758
0.116342
0.291530
0.381415
0.193004
-0.032845
-0.281674
-0.539058
-0.791871
-1.029185
-1.242760
-1.427094
-1.579116
-1.697618
-1.782558
-1.834364
-1.853323
-1.839142
-1.790702
-1.706029
-1.582436
-1.416835
-1.206152
-0.947826
-0.640323
-0.283651
0.120182
0.566804
1.049235
1.557803
1.330726
0.760656
0.311085
-0.036726
-1.426093
-1.513610
-1.574419
-1.600236
-1.584082
-1.521083
-1.409240
-1.250086
-1.049084
-0.815688
-0.562965
-0.306752
-0.064421
0.139748
-0.050091
-0.135480
-0.123906
-0.018072
0.184055
0.158309
-0.051633
-0.296690
-0.561932
-0.832805
-1.096308
-1.341784
-1.561285
-1.749520
-1.903469
-2.021770
-2.104039
-2.150195
-2.159921
-2.132304
-2.065681
-1.957687
-1.805487
-1.606145
-1.357089
-1.056630
-0.704489
-0.302279
0.146094
0.634142
1.152661
1.376211
0.958668
0.476204
0.100584
-0.183771
