pygeostat_saved_data
1
0
-1.846795
-1.717169
-1.555023
-1.356427
-1.120264
-0.849712
-0.553298
-0.245082
0.056283
0.329662
0.487242
0.598095
0.669954
0.665990
0.635838
0.551736
0.412076
0.285542
0.194500
0.154148
0.118904
0.113225
0.115250
0.095250
0.069386
0.058118
-0.093434
-0.378091
-0.648986
-0.877251
-1.027604
-1.064988
-0.961834
-0.705293
-0.303403
0.211378
0.783143
1.202497
1.522757
1.785515
1.954218
1.838589
1.404976
0.875778
0.300644
-0.338702
-0.904873
-1.361961
-1.694129
-1.901484
-1.842931
-1.716602
-1.554912
-1.354015
-1.113678
-0.838675
-0.539517
-0.232173
0.063347
0.325455
0.521952
0.627455
0.694142
0.703074
0.615437
0.496397
0.374548
0.275048
0.185981
0.128755
0.111755
0.124631
0.149139
0.123429
0.100879
0.042507
-0.228151
-0.511671
-0.770778
-0.970493
-1.072379
-1.042098
-0.857236
-0.514437
-0.034527
0.536133
1.129771
1.613928
1.959878
2.220670
2.200072
1.849736
1.305387
0.661564
0.005361
-0.596801
-1.097805
-1.472781
-1.716394
-1.837028
-1.842498
-1.718314
-1.555256
-1.350047
-1.103847
-0.823392
-0.521316
-0.215423
0.073120
0.322495
0.513468
0.632655
0.675213
0.646352
0.561136
0.442284
0.316155
0.207583
0.134738
0.105301
0.115005
0.149004
0.185775
0.187351
0.182062
-0.034490
-0.315295
-0.592449
-0.833931
-0.999879
-1.050307
-0.953525
-0.694197
-0.279835
0.255791
0.854037
1.438869
1.930250
2.250999
2.318262
2.080919
1.603246
1.000964
0.351654
-0.270339
-0.806894
-1.222559
-1.504283
-1.656421
-1.693915
-1.843287
-1.719240
-1.552456
-1.340821
-1.087364
-0.801051
-0.496685
-0.193797
0.085467
0.319255
0.489382
0.576775
0.601855
0.554574
0.457208
0.336945
0.221440
0.134678
0.091895
0.096342
0.138742
0.199616
0.254016
0.277728
0.195208
-0.063515
-0.339798
-0.608094
-0.830070
-0.962131
-0.964326
-0.809369
-0.490432
-0.026379
0.537122
1.132051
1.678726
2.100148
2.226625
2.098405
1.810408
1.279546
0.665990
0.047623
-0.508480
-0.956138
-1.272948
-1.457096
-1.520804
-1.483365
-1.842775
-1.716228
-1.543156
-1.323192
-1.061620
-0.769797
-0.464691
-0.167453
0.098964
0.312969
0.457915
0.512570
0.518041
0.449245
0.342231
0.225578
0.127713
0.071032
0.067128
0.114264
0.197683
0.292784
0.370668
0.405111
0.230196
-0.021091
-0.293385
-0.553956
-0.758866
-0.862017
-0.825057
-0.626539
-0.268875
0.218271
0.779561
1.341555
1.826135
2.134696
2.058280
1.894375
1.461691
0.913459
0.326670
-0.226543
-0.690840
-1.034046
-1.246549
-1.335919
-1.319768
-1.219474
-1.838414
-1.706415
-1.524628
-1.294924
-1.025115
-0.729043
-0.425816
-0.138085
0.110676
0.299680
0.414667
0.451256
0.416863
0.330358
0.219169
0.114248
0.043938
0.028126
0.073952
0.173959
0.307164
0.443086
0.548279
0.542440
0.342539
0.095467
-0.176567
-0.433939
-0.627999
-0.711515
-0.649148
-0.426200
-0.054187
0.428026
0.958671
1.463538
1.871397
1.980963
1.811432
1.522722
1.064828
0.537746
0.013452
-0.446857
-0.802334
-1.034960
-1.146107
-1.150024
-1.067109
-0.918934
-1.827948
-1.687581
-1.495082
-1.254942
-0.977684
-0.679691
-0.382149
-0.108958
0.110461
0.242059
0.337044
0.360128
0.300793
0.202217
0.095630
0.013395
-0.017334
0.019798
0.126545
0.288823
0.478521
0.658561
0.790734
0.718232
0.528045
0.279166
0.001195
-0.259919
-0.451993
-0.528044
-0.456796
-0.230507
0.131229
0.582861
1.060145
1.493006
1.690986
1.639480
1.454551
1.102820
0.658814
0.188978
-0.244205
-0.593869
-0.834269
-0.959864
-0.980145
-0.913118
-0.779761
-0.600588
-1.809682
-1.658369
-1.453835
-1.203454
-0.920589
-0.624158
-0.337230
-0.094226
0.051182
0.169686
0.258086
0.253758
0.175089
0.073521
-0.016965
-0.063871
-0.042460
0.059000
0.235872
0.466478
0.714825
0.937027
1.066542
0.961198
0.772420
0.514013
0.222723
-0.050164
-0.250268
-0.332012
-0.268685
-0.058989
0.271209
0.672831
1.083430
1.322964
1.371639
1.269688
1.026487
0.679812
0.285066
-0.099020
-0.423378
-0.656547
-0.786415
-0.816975
-0.762642
-0.642657
-0.477095
-0.284858
-1.782628
-1.618371
-1.401314
-1.141902
-0.856381
-0.566064
-0.295425
-0.108948
0.018068
0.131503
0.189896
0.138069
0.049173
-0.043724
-0.105327
-0.104427
-0.019936
0.154177
0.405910
0.705258
1.008169
1.264612
1.346641
1.249792
1.052936
0.777039
0.465246
0.172935
-0.044550
-0.143789
-0.102580
0.075039
0.359239
0.700892
0.929930
1.020676
0.997423
0.852347
0.605448
0.297834
-0.020115
-0.301411
-0.511905
-0.634358
-0.667367
-0.621059
-0.511959
-0.358811
-0.180093
-0.000534
-1.746482
-1.568021
-1.338893
-1.072700
-0.788480
-0.509522
-0.260858
-0.102069
0.020659
0.104669
0.091059
0.022845
-0.064754
-0.136404
-0.157093
-0.098276
0.056342
0.306130
0.631029
0.992570
1.339379
1.580439
1.602915
1.546808
1.341344
1.041118
0.703191
0.385806
0.144343
0.019717
0.030062
0.167440
0.400612
0.568397
0.659567
0.681116
0.611787
0.454928
0.235849
-0.006768
-0.232000
-0.406482
-0.510137
-0.537146
-0.493312
-0.391840
-0.249379
-0.083312
0.089625
0.238777
-1.701445
-1.508350
-1.268561
-0.998779
-0.720476
-0.458145
-0.236150
-0.074534
0.015252
0.033539
-0.006448
-0.079940
-0.154132
-0.193159
-0.163798
-0.041374
0.184659
0.506344
0.895443
1.305770
1.659427
1.857053
1.919017
1.846104
1.607425
1.278358
0.911613
0.567301
0.300171
0.148466
0.126819
0.224935
0.288359
0.340192
0.369092
0.345324
0.258556
0.118836
-0.048491
-0.211554
-0.341048
-0.416748
-0.430084
-0.383173
-0.285798
-0.152026
0.002429
0.161782
0.311000
0.415557
-1.647945
-1.440653
-1.192493
-0.922964
-0.655278
-0.414000
-0.221402
-0.093266
-0.035234
-0.040769
-0.091327
-0.158688
-0.208882
-0.207109
-0.123198
0.062695
0.354713
0.737418
1.175063
1.615402
1.955575
2.180301
2.205190
2.082456
1.822953
1.464063
1.070263
0.702685
0.414785
0.241882
0.195622
0.124567
0.105108
0.106230
0.095148
0.052052
-0.026012
-0.126896
-0.229365
-0.310686
-0.353059
-0.347168
-0.292616
-0.196169
-0.069193
0.074646
0.220932
0.355475
0.465081
0.514923
-1.586355
-1.366140
-1.112578
-0.847341
-0.594353
-0.376906
-0.213859
-0.115879
-0.082776
-0.102705
-0.153379
-0.204919
-0.223829
-0.177662
-0.040258
0.202737
0.548837
0.975632
1.441333
1.889951
2.260714
2.441478
2.305044
2.208454
1.965943
1.581046
1.167720
0.787130
0.490496
0.283928
0.090674
-0.019522
-0.073681
-0.102345
-0.130018
-0.169192
-0.219241
-0.269661
-0.305696
-0.313979
-0.286397
-0.221483
-0.123792
-0.002232
0.128138
0.259989
0.385299
0.479477
0.536903
0.535339
-1.516783
-1.285665
-1.030027
-0.772785
-0.537329
-0.344395
-0.208518
-0.135078
-0.118770
-0.143856
-0.186009
-0.215297
-0.199959
-0.110838
0.073558
0.361780
0.745004
1.195021
1.666049
2.100900
2.440662
2.504850
2.399625
2.302475
2.024791
1.623497
1.204484
0.827518
0.475746
0.177311
-0.027759
-0.153129
-0.222475
-0.260211
-0.284269
-0.302765
-0.314714
-0.313546
-0.291504
-0.243213
-0.167568
-0.067924
0.048728
0.164002
0.271270
0.380015
0.478114
0.520097
0.517495
0.466781
-1.439007
-1.199580
-0.945194
-0.698862
-0.482219
-0.312501
-0.199610
-0.144146
-0.136887
-0.159738
-0.187819
-0.192336
-0.144141
-0.018003
0.202516
0.520234
0.920807
1.371876
1.825944
2.227025
2.520112
2.597485
2.515151
2.340653
2.001301
1.599121
1.174553
0.731201
0.354559
0.066118
-0.132811
-0.255627
-0.322392
-0.352293
-0.358784
-0.348230
-0.321397
-0.276386
-0.211502
-0.127142
-0.026479
0.084726
0.198671
0.289048
0.371133
0.442706
0.487234
0.470158
0.405628
0.295271
-1.352572
-1.107800
-0.857693
-0.624204
-0.426264
-0.277177
-0.182501
-0.138997
-0.134832
-0.150868
-0.162736
-0.143567
-0.067412
0.086605
0.329744
0.659546
1.057354
1.488545
1.906095
2.257291
2.492713
2.575890
2.491477
2.249601
1.884562
1.447596
0.995492
0.578530
0.231442
-0.030147
-0.207629
-0.313510
-0.364447
-0.375700
-0.358254
-0.318577
-0.260058
-0.184932
-0.095822
0.003456
0.107673
0.210264
0.303474
0.368925
0.413029
0.437805
0.407563
0.330569
0.208856
0.049465
-1.257029
-1.010076
-0.766862
-0.547339
-0.367201
-0.235903
-0.155330
-0.119439
-0.114877
-0.122361
-0.118707
-0.079485
0.017608
0.188822
0.440381
0.765330
1.142138
1.535790
1.901675
2.192089
2.364602
2.390803
2.263231
1.998152
1.632653
1.216448
0.800782
0.428048
0.125246
-0.097321
-0.242862
-0.322614
-0.350423
-0.339031
-0.298504
-0.236334
-0.158333
-0.069583
0.024916
0.094767
0.152455
0.233112
0.329423
0.377771
0.374721
0.330672
0.242386
0.111111
-0.056521
-0.248449
-1.152281
-0.906434
-0.672456
-0.467689
-0.304482
-0.188846
-0.119744
-0.089169
-0.082960
-0.082230
-0.065420
-0.010980
0.099370
0.277139
0.523920
0.829283
1.170348
1.513432
1.817994
2.042768
2.153381
2.129966
1.972512
1.701846
1.355346
0.978464
0.614818
0.298115
0.048077
-0.129227
-0.237978
-0.288122
-0.291540
-0.259674
-0.202570
-0.128802
-0.045713
0.031740
0.049418
0.086739
0.145147
0.218587
0.299582
0.298367
0.241590
0.143063
0.003852
-0.169878
-0.366657
-0.570392
-1.038920
-0.797672
-0.575332
-0.386365
-0.239936
-0.139082
-0.080418
-0.054489
-0.046730
-0.039022
-0.011860
0.052962
0.169386
0.344273
0.575249
0.849606
1.144612
1.429444
1.668996
1.829473
1.885074
1.824144
1.652727
1.393880
1.082589
0.757884
0.454813
0.198783
0.003460
-0.128103
-0.200510
-0.222751
-0.205612
-0.160050
-0.096308
-0.023470
0.022194
-0.009154
-0.003478
0.039109
0.113645
0.180540
0.212426
0.143539
0.035833
-0.109787
-0.287654
-0.486985
-0.692393
-0.885093
-0.918468
-0.685690
-0.477814
-0.306372
-0.177551
-0.091732
-0.043497
-0.022215
-0.013224
0.000396
0.035558
0.106642
0.223088
0.387478
0.594386
0.830127
1.073520
1.287032
1.469791
1.577512
1.589377
1.505382
1.335463
1.102363
0.836536
0.569564
0.328244
0.130970
-0.013156
-0.103130
-0.143854
-0.143885
-0.113581
-0.063695
-0.004323
0.003207
-0.045177
-0.065315
-0.049337
-0.001276
0.074378
0.116963
0.040683
-0.074904
-0.225340
-0.405473
-0.605264
-0.810151
-1.002104
-1.161028
-0.793378
-0.573485
-0.383518
-0.232047
-0.122358
-0.052292
-0.014540
0.002451
0.013003
0.032221
0.073790
0.147886
0.259559
0.407799
0.585265
0.778611
0.966475
1.128928
1.256628
1.312830
1.294205
1.200987
1.044623
0.845467
0.628368
0.417685
0.233224
0.087999
-0.012182
-0.067854
-0.084399
-0.070407
-0.036069
0.008290
0.005245
-0.050581
-0.096029
-0.105675
-0.082805
-0.030947
0.018936
-0.062203
-0.183848
-0.337194
-0.517613
-0.715860
-0.918263
-1.107666
-1.264739
-1.369246
-0.666717
-0.464692
-0.296581
-0.167849
-0.078805
-0.024758
0.003290
0.017364
0.030743
0.055945
0.102848
0.177307
0.280473
0.408740
0.554115
0.704796
0.846041
0.961610
1.036041
1.057567
1.020942
0.929137
0.793145
0.629817
0.458487
0.297426
0.161075
0.058503
-0.006985
-0.037336
-0.038652
-0.019715
0.009658
0.024603
-0.029340
-0.096532
-0.129592
-0.129394
-0.098646
-0.070482
-0.160221
-0.285259
-0.438984
-0.617329
-0.811874
-1.009901
-1.195188
-1.349261
-1.452668
-1.485869
-0.541589
-0.362783
-0.220536
-0.116939
-0.049199
-0.010232
0.010185
0.023771
0.041849
0.073580
0.124711
0.197077
0.288795
0.394885
0.507924
0.618582
0.716174
0.789579
0.828776
0.826824
0.781705
0.697297
0.583007
0.452122
0.319379
0.198440
0.099822
0.029592
-0.011082
-0.025566
-0.020684
-0.005140
0.012189
-0.012920
-0.068684
-0.121804
-0.140503
-0.126864
-0.150458
-0.248960
-0.373610
-0.524245
-0.697438
-0.885661
-1.077196
-1.256812
-1.406937
-1.508942
-1.544128
-1.494186
-0.420450
-0.270168
-0.157215
-0.080037
-0.032793
-0.006470
0.009532
0.025578
0.050082
0.088323
0.142023
0.209734
0.287713
0.370848
0.453281
0.528620
0.590039
0.630648
0.644404
0.627416
0.579235
0.503552
0.407982
0.302909
0.199695
0.108687
0.037434
-0.010492
-0.035873
-0.043321
-0.039988
-0.033878
-0.032252
-0.060911
-0.092879
-0.131856
-0.156541
-0.229381
-0.325184
-0.444387
-0.587281
-0.751218
-0.929675
-1.112019
-1.284064
-1.429179
-1.529569
-1.567350
-1.525163
-1.386300
-0.304585
-0.187542
-0.106098
-0.055000
-0.025798
-0.008455
0.006828
0.027931
0.059634
0.103240
0.157045
0.217420
0.280021
0.340675
0.395650
0.441414
0.474264
0.490289
0.485891
0.458790
0.409103
0.340029
0.257803
0.170819
0.088101
0.017522
-0.035808
-0.070498
-0.088947
-0.096475
-0.099836
-0.105597
-0.118947
-0.143294
-0.180660
-0.232543
-0.300710
-0.387428
-0.494914
-0.624152
-0.773501
-0.937624
-1.107116
-1.268933
-1.407438
-1.505683
-1.546557
-1.513540
-1.391000
-1.164193
-0.193978
-0.113734
-0.064335
-0.037212
-0.022253
-0.009704
0.008130
0.035704
0.073869
0.120395
0.171166
0.221630
0.267974
0.307632
0.339047
0.360972
0.371782
0.369258
0.351044
0.315601
0.263281
0.197011
0.122252
0.046134
-0.024026
-0.082386
-0.125917
-0.154964
-0.172868
-0.184810
-0.196314
-0.212000
-0.235014
-0.267270
-0.310234
-0.365755
-0.436406
-0.525035
-0.633624
-0.761834
-0.905783
-1.057517
-1.205301
-1.334596
-1.429351
-1.473210
-1.450381
-1.346084
-1.146711
-0.839971
-0.087628
-0.046089
-0.027386
-0.020606
-0.015407
-0.003814
0.018595
0.052345
0.094627
0.140586
0.184931
0.223368
0.253384
0.274193
0.285999
0.288979
0.282528
0.265138
0.234989
0.190992
0.133823
0.066485
-0.005911
-0.077137
-0.141291
-0.194245
-0.234550
-0.263514
-0.284462
-0.301499
-0.318331
-0.337625
-0.361108
-0.390275
-0.427213
-0.475023
-0.537469
-0.617852
-0.717474
-0.834260
-0.962015
-1.090568
-1.206670
-1.295281
-1.340841
-1.328231
-1.243335
-1.073335
-0.806953
-0.434981
0.015825
0.018800
0.009984
0.001063
0.000885
0.014228
0.041499
0.079366
0.122150
0.163572
0.198385
0.223414
0.237745
0.242104
0.237758
0.225444
0.204787
0.174456
0.132942
0.079629
0.015677
-0.055686
-0.129602
-0.200642
-0.264104
-0.317069
-0.358841
-0.390642
-0.414754
-0.433543
-0.448839
-0.461974
-0.474385
-0.488438
-0.507891
-0.537626
-0.582543
-0.645930
-0.727895
-0.824391
-0.927162
-1.024530
-1.102683
-1.146989
-1.143034
-1.077268
-0.937391
-0.712693
-0.394602
0.022313
0.117483
0.084332
0.052713
0.033084
0.031083
0.047268
0.077885
0.116407
0.155438
0.188527
0.211423
0.222492
0.222290
0.212502
0.194752
0.169708
0.136838
0.094832
0.042497
-0.020293
-0.091966
-0.169210
-0.247526
-0.322189
-0.389222
-0.446065
-0.491667
-0.526077
-0.549806
-0.563371
-0.567325
-0.562810
-0.552341
-0.540312
-0.532788
-0.536429
-0.556778
-0.596481
-0.654049
-0.723552
-0.795269
-0.856929
-0.895072
-0.896143
-0.847189
-0.736291
-0.552967
-0.288775
0.061740
0.398283
0.217870
0.153365
0.104709
0.079036
0.077411
0.095778
0.126739
0.161674
0.192760
0.214418
0.223945
0.221257
0.207959
0.186128
0.157244
0.121627
0.078501
0.026575
-0.035119
-0.106469
-0.185854
-0.270177
-0.355321
-0.436838
-0.510619
-0.573310
-0.622378
-0.655930
-0.672568
-0.671533
-0.653253
-0.620085
-0.576846
-0.530665
-0.489946
-0.462591
-0.454029
-0.465684
-0.494378
-0.532776
-0.570553
-0.595771
-0.596015
-0.559113
-0.473569
-0.328973
-0.116646
0.169384
0.531057
0.733233
0.317036
0.227989
0.168445
0.140432
0.139751
0.158083
0.185444
0.212459
0.232029
0.240141
0.235786
0.220148
0.195433
0.163712
0.126131
0.082631
0.032174
-0.026691
-0.095122
-0.173330
-0.260127
-0.352772
-0.447148
-0.538203
-0.620503
-0.688742
-0.738118
-0.764653
-0.765610
-0.740110
-0.689872
-0.619736
-0.537567
-0.453272
-0.377000
-0.317005
-0.277830
-0.259389
-0.257147
-0.263159
-0.267430
-0.259075
-0.227038
-0.160476
-0.049125
0.116067
0.341918
0.631679
0.983526
0.907180
0.414953
0.309514
0.244800
0.216681
0.215860
0.230782
0.250281
0.265510
0.270939
0.264422
0.246502
0.219294
0.185305
0.146481
0.103641
0.056318
0.002950
-0.058642
-0.130563
-0.214010
-0.308486
-0.411256
-0.517281
-0.619651
-0.710406
-0.781496
-0.825728
-0.837635
-0.814312
-0.756196
-0.667583
-0.556559
-0.434074
-0.312161
-0.201683
-0.110277
-0.041098
0.007295
0.040087
0.064913
0.090691
0.126920
0.183382
0.269891
0.395734
0.568640
0.793381
1.070269
1.249929
1.058214
0.511880
0.398430
0.332981
0.305198
0.301696
0.309189
0.316777
0.317166
0.306864
0.285590
0.255214
0.218574
0.178422
0.136623
0.093630
0.048231
-0.002371
-0.062035
-0.134664
-0.222828
-0.326397
-0.441658
-0.561301
-0.675288
-0.772327
-0.841543
-0.874005
-0.863979
-0.809854
-0.714681
-0.586109
-0.435493
-0.276161
-0.121110
0.019243
0.138611
0.235270
0.311435
0.372066
0.423724
0.473893
0.530788
0.603271
0.700453
0.830728
1.000334
1.200193
1.375697
1.413130
1.212376
0.608391
0.494216
0.430452
0.401576
0.391767
0.387665
0.379877
0.363313
0.336671
0.301422
0.260636
0.217875
0.176218
0.137412
0.101152
0.064641
0.022708
-0.031238
-0.103426
-0.197513
-0.312673
-0.442743
-0.576753
-0.700698
-0.799915
-0.861446
-0.875932
-0.838881
-0.751305
-0.619651
-0.454930
-0.271018
-0.082355
0.098434
0.262330
0.404655
0.524696
0.624643
0.708476
0.781314
0.849315
0.919800
1.001090
1.101707
1.223151
1.349101
1.468025
1.567655
1.580397
1.365926
0.704919
0.594952
0.532861
0.499792
0.479420
0.459817
0.433960
0.399273
0.356635
0.309213
0.261330
0.217394
0.180789
0.152721
0.131186
0.110494
0.081851
0.035246
-0.037647
-0.140436
-0.269974
-0.416095
-0.563262
-0.693488
-0.789592
-0.837957
-0.830394
-0.765029
-0.646288
-0.484027
-0.291847
-0.084806
0.123022
0.320525
0.500555
0.659797
0.797859
0.916193
1.017432
1.105365
1.185253
1.263945
1.349359
1.441586
1.520980
1.609764
1.693286
1.725821
1.730354
1.521635
0.800918
0.696905
0.634045
0.592443
0.557098
0.518629
0.472861
0.419824
0.362578
0.306078
0.256058
0.217769
0.194473
0.185835
0.186712
0.187087
0.173679
0.133208
0.056433
-0.058411
-0.204108
-0.365455
-0.522328
-0.653714
-0.741481
-0.773078
-0.742929
-0.652603
-0.509962
-0.327489
-0.120002
0.097827
0.313577
0.518308
0.706674
0.866398
1.010429
1.156626
1.269387
1.364850
1.454991
1.539238
1.627252
1.660900
1.725062
1.748750
1.790350
1.752214
1.714209
1.593628
0.893984
0.794275
0.726199
0.671057
0.616592
0.556626
0.490023
0.419459
0.350288
0.289425
0.244040
0.219820
0.218883
0.237822
0.266769
0.290344
0.290816
0.252825
0.168169
0.038888
-0.122517
-0.295727
-0.457060
-0.584196
-0.659923
-0.674303
-0.625247
-0.517806
-0.362516
-0.173111
0.035986
0.251872
0.464583
0.667434
0.830605
0.961077
1.140649
1.321349
1.440783
1.545302
1.639590
1.713672
1.736153
1.765474
1.744008
1.713374
1.725191
1.623257
1.552435
1.500463
0.979275
0.879271
0.800254
0.726501
0.649372
0.566182
0.478893
0.392936
0.316124
0.257381
0.224931
0.223894
0.253673
0.306085
0.365337
0.410575
0.420776
0.380567
0.284960
0.141244
-0.032591
-0.212152
-0.372041
-0.490662
-0.553393
-0.553851
-0.493516
-0.380191
-0.225730
-0.043511
0.153869
0.356177
0.556100
0.748838
0.895275
1.050393
1.247328
1.393558
1.516659
1.627026
1.720584
1.754920
1.783484
1.786510
1.708242
1.673772
1.633799
1.516997
1.424356
1.346274
1.049463
0.942552
0.846434
0.749487
0.647071
0.540066
0.433611
0.336027
0.257638
0.209027
0.198508
0.229063
0.295607
0.383833
0.471742
0.534072
0.548611
0.502336
0.395169
0.240053
0.059494
-0.119951
-0.273329
-0.381565
-0.433666
-0.426944
-0.365762
-0.259371
-0.119374
0.042645
0.216864
0.395997
0.575084
0.750650
0.919829
1.079976
1.228961
1.365893
1.491721
1.609236
1.680191
1.727174
1.787752
1.737455
1.643546
1.587464
1.538847
1.447074
1.345116
1.254709
1.061220
0.937860
0.831198
0.731233
0.602172
0.472259
0.349892
0.246313
0.174035
0.144386
0.164240
0.232630
0.338511
0.460990
0.572758
0.646203
0.652030
0.606653
0.490419
0.329503
0.149054
-0.024444
-0.168400
-0.267398
-0.314288
-0.309458
-0.258924
-0.171879
-0.058269
0.073083
0.215462
0.364276
0.516355
0.669072
0.819829
0.966173
1.106449
1.240474
1.369775
1.497079
1.572470
1.637329
1.702920
1.635559
1.560066
1.507165
1.457908
1.409092
1.330045
1.239501
1.022685
0.883018
0.780807
0.664301
0.508928
0.358926
0.225934
0.123806
0.066383
0.064270
0.121090
0.230365
0.374423
0.526455
0.653944
0.656986
0.672497
0.680173
0.566459
0.406507
0.232432
0.068665
-0.065794
-0.159500
-0.208610
-0.215452
-0.186275
-0.128864
-0.050555
0.042955
0.147849
0.261664
0.382463
0.508219
0.636777
0.766371
0.896332
1.027494
1.161940
1.302092
1.409046
1.497063
1.601778
1.545200
1.489725
1.447661
1.409152
1.365320
1.308968
1.235227
0.953144
0.818082
0.715993
0.527092
0.358018
0.199377
0.063118
-0.028737
-0.062414
-0.029810
0.067814
0.217604
0.395665
0.570949
0.641570
0.667156
0.728727
0.740687
0.622513
0.469692
0.306239
0.153233
0.025674
-0.068531
-0.127824
-0.155156
-0.155742
-0.135037
-0.097374
-0.045496
0.019121
0.095521
0.182604
0.278934
0.383124
0.494529
0.613801
0.742876
0.884302
1.040078
1.205238
1.321291
1.457503
1.461968
1.439324
1.423834
1.406687
1.377825
1.329528
1.257121
0.870917
0.734216
0.553327
0.349571
0.169321
-0.003246
-0.133684
-0.205855
-0.207776
-0.135520
0.003726
0.190837
0.397053
0.589311
0.647742
0.702500
0.780259
0.770328
0.659692
0.518162
0.366876
0.223059
0.098020
-0.002978
-0.079470
-0.133856
-0.169433
-0.188920
-0.193777
-0.184320
-0.160346
-0.121823
-0.069207
-0.003202
0.075889
0.168842
0.277767
0.405703
0.555633
0.729215
0.925629
1.126859
1.299986
1.413029
1.428841
1.448856
1.461688
1.455210
1.420469
1.352552
0.770090
0.587432
0.349754
0.137912
-0.071162
-0.241775
-0.356296
-0.399760
-0.363658
-0.249434
-0.070389
0.149077
0.377268
0.581300
0.686985
0.767754
0.823534
0.778960
0.679370
0.550690
0.410601
0.272647
0.145190
0.031902
-0.066773
-0.151846
-0.224278
-0.284125
-0.330454
-0.361823
-0.376964
-0.375206
-0.356394
-0.320317
-0.265947
-0.190937
-0.091679
0.035975
0.195525
0.388511
0.613373
0.864721
1.133112
1.317484
1.471026
1.532816
1.581274
1.601516
1.582900
1.504245
0.622521
0.358945
0.106672
-0.137494
-0.347632
-0.505427
-0.593917
-0.600974
-0.522870
-0.366874
-0.151781
0.094312
0.338780
0.550650
0.703204
0.793596
0.811665
0.769626
0.682214
0.565615
0.434075
0.298035
0.163807
0.034435
-0.088867
-0.205284
-0.313449
-0.411166
-0.495756
-0.564687
-0.616092
-0.648852
-0.662140
-0.654643
-0.623850
-0.565764
-0.475270
-0.347079
-0.177039
0.036494
0.291468
0.581299
0.894547
1.178423
1.415640
1.628020
1.733931
1.768539
1.739096
1.639916
0.366220
0.076597
-0.200093
-0.447414
-0.646998
-0.780811
-0.834188
-0.799210
-0.677607
-0.482197
-0.236067
0.030741
0.286395
0.502954
0.660942
0.751582
0.776324
0.744190
0.668088
0.561303
0.435036
0.297343
0.153333
0.006165
-0.141713
-0.287591
-0.428092
-0.559364
-0.677657
-0.779909
-0.863972
-0.928328
-0.971346
-0.990442
-0.981501
-0.938851
-0.855880
-0.726149
-0.544796
-0.309975
-0.024163
0.304854
0.663535
1.029450
1.318927
1.579672
1.787119
1.920796
1.894607
1.792136
0.048369
-0.257582
-0.538654
-0.776857
-0.953826
-1.053381
-1.064549
-0.984465
-0.820334
-0.589680
-0.318410
-0.036878
0.225164
0.443396
0.602229
0.695805
0.726752
0.703400
0.636555
0.536775
0.412741
0.270837
0.115659
-0.049023
-0.219366
-0.390972
-0.558961
-0.718481
-0.865330
-0.996330
-1.109202
-1.201945
-1.271938
-1.315148
-1.325773
-1.296487
-1.219270
-1.086642
-0.893134
-0.636814
-0.320718
0.046035
0.447724
0.862418
1.239572
1.544212
1.764137
1.812542
1.794898
1.770828
-0.309042
-0.619890
-0.892579
-1.108934
-1.252100
-1.309142
-1.273725
-1.148286
-0.944973
-0.684825
-0.395076
-0.105008
0.158602
0.375294
0.533028
0.628205
0.663962
0.647517
0.587520
0.492108
0.368000
0.220539
0.054335
-0.125971
-0.315220
-0.507720
-0.697697
-0.879932
-1.050263
-1.205631
-1.343596
-1.461475
-1.555411
-1.619760
-1.647018
-1.628331
-1.554491
-1.417263
-1.210888
-0.933675
-0.589510
-0.189033
0.249896
0.702770
1.140287
1.447869
1.420704
1.399264
1.369566
1.303526
-0.690210
-0.992893
-1.244064
-1.426807
-1.527131
-1.536340
-1.453151
-1.285015
-1.048091
-0.765597
-0.464678
-0.172429
0.087945
0.299859
0.454387
0.549564
0.588483
0.576971
0.521591
0.428439
0.302822
0.149586
-0.026683
-0.219214
-0.422994
-0.631165
-0.837682
-1.037505
-1.226820
-1.402714
-1.562384
-1.702154
-1.816685
-1.898634
-1.938901
-1.927375
-1.854059
-1.710420
-1.490918
-1.194587
-0.826547
-0.399093
0.068018
0.548431
0.956535
1.056797
1.059477
0.981365
0.895313
0.774809
-1.077100
-1.358347
-1.575998
-1.715691
-1.767304
-1.726888
-1.598108
-1.392711
-1.129685
-0.833037
-0.528553
-0.240257
0.012541
0.216930
0.366539
0.460381
0.501013
0.492692
0.440077
0.347667
0.217203
0.047585
-0.129747
-0.323671
-0.537381
-0.756233
-0.974480
-1.187634
-1.392313
-1.585556
-1.763841
-1.922174
-2.053550
-2.148982
-2.198038
-2.189790
-2.113988
-1.962420
-1.730380
-1.418195
-1.032577
-0.587479
-0.104036
0.380932
0.628138
0.665539
0.571062
0.490120
0.398979
0.249398
