pygeostat_saved_data
1
0
-2.869737
-2.584137
-2.261561
-1.910921
-1.544282
-1.175266
-0.816853
-0.479238
-0.168706
-0.090799
0.138902
0.516072
0.719436
0.799856
0.787624
0.673771
0.470512
0.216582
-0.027366
-0.194124
-0.231924
-0.125148
0.095026
0.355713
0.562843
0.630454
0.508247
0.197679
-0.247883
-0.736771
-1.159723
-1.410866
-1.405710
-1.096403
-0.485180
0.366094
1.336040
1.956495
2.105227
2.571397
3.192836
2.670378
1.834495
0.845892
-0.124408
-0.937435
-1.512905
-1.834673
-1.938182
-1.888615
-2.676679
-2.369743
-2.033735
-1.679891
-1.321241
-0.970455
-0.637561
-0.328466
-0.045271
0.183684
0.436537
0.619872
0.741951
0.780222
0.718492
0.558663
0.328836
0.082402
-0.114100
-0.201657
-0.150766
0.024168
0.264821
0.484758
0.596058
0.537248
0.292624
-0.102968
-0.573551
-1.020192
-1.341145
-1.449469
-1.287288
-0.837640
-0.133622
0.738344
1.645949
2.432057
2.947377
3.086925
2.818900
2.195206
1.338333
0.407728
-0.442847
-1.102080
-1.520303
-1.707785
-1.717214
-1.619928
-2.482138
-2.162888
-1.824294
-1.478683
-1.138326
-0.813074
-0.508566
-0.226069
0.035297
0.274230
0.482460
0.642385
0.729790
0.722472
0.612389
0.416093
0.177523
-0.040384
-0.174067
-0.181587
-0.060040
0.149449
0.372158
0.522454
0.530670
0.364606
0.038839
-0.389655
-0.835894
-1.205190
-1.410350
-1.385616
-1.097640
-0.553986
0.191944
1.042362
1.866000
2.519654
2.878055
2.865474
2.479067
1.793855
0.944376
0.087514
-0.640207
-1.154819
-1.436245
-1.518483
-1.466779
-1.352620
-2.295936
-1.974685
-1.644467
-1.317058
-1.002101
-0.705065
-0.426612
-0.164307
0.083225
0.310999
0.503903
0.637514
0.685125
0.629669
0.475878
0.256545
0.028226
-0.144016
-0.208048
-0.144155
0.025436
0.241325
0.424660
0.501443
0.424829
0.188318
-0.173158
-0.592561
-0.985893
-1.268333
-1.368312
-1.238594
-0.864603
-0.270077
0.480862
1.287041
2.021539
2.552613
2.772919
2.630201
2.147789
1.423437
0.602990
-0.162449
-0.758615
-1.132940
-1.295286
-1.299257
-1.215423
-1.107606
-2.128311
-1.815476
-1.503203
-1.200883
-0.913884
-0.642484
-0.383016
-0.131646
0.110073
0.330281
0.505734
0.606931
0.609157
0.505692
0.317110
0.091131
-0.108861
-0.223433
-0.217595
-0.094093
0.105850
0.314604
0.458508
0.479324
0.350072
0.081382
-0.281825
-0.670747
-1.006542
-1.214317
-1.235174
-1.035404
-0.612844
-0.000793
0.730729
1.478338
2.116982
2.522923
2.605810
2.339675
1.777912
1.041446
0.281851
-0.365420
-0.817561
-1.057234
-1.121112
-1.074114
-0.982339
-0.894137
-1.988695
-1.693382
-1.405694
-1.130939
-0.869215
-0.615960
-0.365216
-0.115152
0.126152
0.337877
0.489489
0.550366
0.503301
0.356237
0.146104
-0.068493
-0.224180
-0.273197
-0.199451
-0.024234
0.200042
0.405238
0.526434
0.518678
0.367592
0.092322
-0.258732
-0.617666
-0.909918
-1.067459
-1.039965
-0.802756
-0.361961
0.241986
0.932832
1.602543
2.126369
2.391156
2.183100
1.952714
1.342880
0.638308
-0.017421
-0.518383
-0.820677
-0.940445
-0.932123
-0.860229
-0.776617
-0.709267
-1.884381
-1.612948
-1.352264
-1.102414
-0.858281
-0.612188
-0.359153
-0.103193
0.138316
0.335510
0.453818
0.467030
0.370720
0.189690
-0.025039
-0.209732
-0.307160
-0.284299
-0.142118
0.085197
0.340189
0.557159
0.677862
0.664604
0.508699
0.233099
-0.111426
-0.456058
-0.727402
-0.861149
-0.812840
-0.564849
-0.130980
0.439906
1.063077
1.625561
2.007664
2.116658
1.920654
1.465109
0.860361
0.243605
-0.267195
-0.606448
-0.769055
-0.795233
-0.743782
-0.667089
-0.596429
-0.539598
-1.819299
-1.574121
-1.337902
-1.105287
-0.867333
-0.616274
-0.352038
-0.087819
0.148734
0.321133
0.396035
0.357554
0.217714
0.017635
-0.182103
-0.318650
-0.345077
-0.243181
-0.027374
0.259928
0.558617
0.803783
0.938998
0.928511
0.766352
0.479707
0.124507
-0.226293
-0.498227
-0.629703
-0.582069
-0.345577
0.056471
0.564893
1.087034
1.510793
1.732602
1.691922
1.396305
0.921980
0.386855
-0.091916
-0.435524
-0.620352
-0.670787
-0.636450
-0.567002
-0.494905
-0.430288
-0.366423
-1.793092
-1.571822
-1.352597
-1.125658
-0.880944
-0.614488
-0.334858
-0.066208
0.155035
0.290513
0.314341
0.225829
0.054533
-0.145324
-0.309293
-0.380422
-0.323919
-0.134681
0.162714
0.519549
0.871886
1.151856
1.301014
1.284155
1.099895
0.783475
0.399460
0.026444
-0.260572
-0.404412
-0.374304
-0.170502
0.172759
0.587121
0.978027
1.245252
1.313329
1.159774
0.825785
0.401377
-0.009014
-0.323645
-0.506140
-0.566087
-0.541973
-0.477895
-0.405202
-0.335030
-0.261817
-0.173827
-1.800727
-1.596243
-1.382564
-1.147871
-0.884699
-0.596842
-0.303998
-0.040728
0.151810
0.239619
0.210038
0.080134
-0.104850
-0.282728
-0.390817
-0.381445
-0.232019
0.051428
0.435695
0.865096
1.269207
1.574697
1.721050
1.676753
1.449839
1.087498
0.663999
0.261788
-0.046884
-0.212487
-0.214504
-0.064162
0.194939
0.490983
0.737531
0.857330
0.809001
0.603490
0.299971
-0.018347
-0.276649
-0.433245
-0.486365
-0.463358
-0.400980
-0.327466
-0.253555
-0.174121
-0.077506
0.042618
-1.832759
-1.633952
-1.412213
-1.157099
-0.867780
-0.558866
-0.261535
-0.017570
0.133085
0.167135
0.088993
-0.066968
-0.244204
-0.378538
-0.413729
-0.313114
-0.065591
0.312849
0.780233
1.272299
1.710792
2.017945
2.135296
2.040725
1.756144
1.341702
0.878747
0.449008
0.117686
-0.076038
-0.122531
-0.042121
0.117392
0.289238
0.404559
0.414528
0.308294
0.116586
-0.102413
-0.288183
-0.401113
-0.432977
-0.401804
-0.336625
-0.261301
-0.185020
-0.102396
-0.001477
0.124927
0.269776
-1.876313
-1.669692
-1.426579
-1.141879
-0.824849
-0.502102
-0.214052
-0.004294
0.095039
0.076263
-0.038218
-0.200159
-0.347695
-0.420344
-0.371534
-0.176124
0.166272
0.630030
1.163783
1.694343
2.137399
2.415451
2.478395
2.318556
1.973023
1.511963
1.018401
0.568149
0.216240
-0.008973
-0.106709
-0.101880
-0.039670
0.025634
0.047179
0.001838
-0.102019
-0.230398
-0.340780
-0.401347
-0.402500
-0.355952
-0.283929
-0.205617
-0.128020
-0.045029
0.055871
0.183000
0.330955
0.476374
-1.916698
-1.688630
-1.413767
-1.096055
-0.756745
-0.433166
-0.170297
-0.006992
0.038125
-0.024811
-0.157713
-0.304123
-0.403206
-0.402683
-0.267335
0.016765
0.439997
0.967366
1.538573
2.073714
2.487277
2.708522
2.701178
2.473820
2.075996
1.582225
1.071434
0.609979
0.242190
-0.012397
-0.157988
-0.218903
-0.232361
-0.237036
-0.259963
-0.307523
-0.365706
-0.409996
-0.419455
-0.387167
-0.321805
-0.240587
-0.158604
-0.080685
0.000100
0.096873
0.219205
0.363704
0.509212
0.619057
-1.939455
-1.678660
-1.366901
-1.019647
-0.669785
-0.361564
-0.138297
-0.027899
-0.032110
-0.124053
-0.254980
-0.366859
-0.405400
-0.329300
-0.114926
0.241403
0.721076
1.280867
1.853955
2.358299
2.713366
2.860743
2.780338
2.494903
2.061097
1.551905
1.038334
0.576545
0.201965
-0.071488
-0.249291
-0.351727
-0.406277
-0.437896
-0.460576
-0.474468
-0.470272
-0.438281
-0.376563
-0.293433
-0.203157
-0.117896
-0.040860
0.035379
0.124316
0.236681
0.371293
0.509797
0.617955
0.653778
-1.932492
-1.632320
-1.285131
-0.918401
-0.573812
-0.296860
-0.122784
-0.064209
-0.105805
-0.208063
-0.318123
-0.382589
-0.357455
-0.213223
0.063215
0.466930
0.972048
1.529564
2.070127
2.514987
2.793815
2.863223
2.718076
2.390773
1.939601
1.432155
0.930528
0.482112
0.115942
-0.157210
-0.342268
-0.454941
-0.514711
-0.537712
-0.532468
-0.500656
-0.442037
-0.360077
-0.264307
-0.167746
-0.080952
-0.006415
0.063153
0.141101
0.238978
0.357811
0.482459
0.581947
0.616435
0.549123
-1.887917
-1.547889
-1.173414
-0.802097
-0.479484
-0.245981
-0.123670
-0.108474
-0.170991
-0.265196
-0.340693
-0.353260
-0.270654
-0.074188
0.240830
0.663104
1.161949
1.685876
2.167371
2.535420
2.732632
2.730245
2.534677
2.183338
1.732562
1.243358
0.769842
0.352409
0.015103
-0.233927
-0.399494
-0.494378
-0.533394
-0.528775
-0.488776
-0.419717
-0.329385
-0.228862
-0.130917
-0.045593
0.024398
0.085384
0.149863
0.229655
0.327744
0.432401
0.516565
0.543523
0.477684
0.297369
-1.803195
-1.429394
-1.041113
-0.682030
-0.395542
-0.211419
-0.136055
-0.150460
-0.216546
-0.288384
-0.323197
-0.288086
-0.161804
0.065918
0.394049
0.807438
1.273244
1.740685
2.147471
2.432739
2.552253
2.489677
2.259478
1.901061
1.467527
1.013679
0.586622
0.220197
-0.067025
-0.270658
-0.396935
-0.457706
-0.465766
-0.432292
-0.367049
-0.280252
-0.183863
-0.090594
-0.010572
0.052531
0.103310
0.152626
0.211873
0.285533
0.365241
0.428274
0.441868
0.372643
0.198501
-0.080164
-1.681336
-1.285488
-0.899726
-0.568330
-0.326813
-0.190848
-0.151698
-0.179888
-0.235002
-0.276769
-0.272828
-0.201232
-0.049258
0.188000
0.506449
0.889264
1.303587
1.701577
2.027980
2.232636
2.283351
2.173945
1.924697
1.575762
1.176821
0.776573
0.414644
0.117041
-0.104725
-0.251340
-0.331323
-0.356336
-0.337942
-0.286731
-0.213281
-0.129213
-0.046712
0.023970
0.077836
0.117178
0.150511
0.188045
0.235153
0.286543
0.323996
0.319301
0.242170
0.070987
-0.196485
-0.534855
-1.530058
-1.127461
-0.760312
-0.467825
-0.273471
-0.178203
-0.161493
-0.189212
-0.224361
-0.235728
-0.201530
-0.108434
0.051042
0.279303
0.571141
0.909399
1.262370
1.586245
1.833418
1.964164
1.957233
1.815238
1.563178
1.241260
0.894949
0.565459
0.282981
0.063838
-0.088520
-0.179712
-0.219684
-0.218976
-0.187209
-0.133591
-0.068073
-0.001461
0.056280
0.098887
0.126096
0.143552
0.159591
0.179772
0.201392
0.210629
0.184164
0.095491
-0.075673
-0.333465
-0.657735
-0.998671
-1.360099
-0.966858
-0.631314
-0.383016
-0.231718
-0.165839
-0.158145
-0.175568
-0.188422
-0.175339
-0.123118
-0.023704
0.128205
0.334438
0.589520
0.876313
1.164634
1.415165
1.588247
1.654497
1.603098
1.444640
1.207728
0.930961
0.653304
0.405906
0.207489
0.064048
-0.027986
-0.076977
-0.091949
-0.080611
-0.049682
-0.006342
0.040905
0.083060
0.113017
0.128046
0.130674
0.126814
0.121519
0.114042
0.094599
0.044809
-0.057607
-0.230900
-0.480343
-0.790442
-1.119429
-1.395701
-1.183069
-0.813317
-0.517303
-0.312370
-0.195590
-0.147039
-0.138223
-0.141389
-0.135607
-0.107862
-0.050344
0.042925
0.177112
0.354112
0.567992
0.801400
1.025868
1.207176
1.314259
1.328333
1.248568
1.092152
0.888919
0.672733
0.472874
0.308215
0.185697
0.102803
0.052227
0.026339
0.019559
0.028136
0.048314
0.074630
0.099818
0.116561
0.120074
0.109812
0.088941
0.061400
0.027685
-0.018510
-0.090879
-0.207324
-0.383571
-0.625341
-0.921086
-1.236546
-1.511030
-1.654512
-1.009374
-0.673156
-0.418916
-0.251750
-0.159238
-0.118087
-0.102986
-0.093545
-0.076727
-0.044999
0.007295
0.086264
0.197594
0.342785
0.514773
0.695858
0.859959
0.979063
1.031591
1.009322
0.919980
0.784490
0.630104
0.482225
0.358034
0.264037
0.197811
0.152458
0.121287
0.100558
0.089403
0.087643
0.093287
0.101437
0.105296
0.098642
0.078193
0.044301
-0.000673
-0.055682
-0.124274
-0.215967
-0.344438
-0.522668
-0.756289
-1.036994
-1.337261
-1.606655
-1.768903
-1.719291
-0.846719
-0.549012
-0.333909
-0.196414
-0.118946
-0.079266
-0.057809
-0.041353
-0.022341
0.004406
0.044749
0.105729
0.193030
0.306796
0.438373
0.570257
0.680063
0.747313
0.760291
0.720062
0.639858
0.540125
0.441393
0.357971
0.294934
0.249218
0.213742
0.182196
0.152119
0.125032
0.104053
0.090716
0.082900
0.075003
0.060103
0.032737
-0.009374
-0.065706
-0.135274
-0.219657
-0.324907
-0.460933
-0.638038
-0.861461
-1.125500
-1.408535
-1.669400
-1.844626
-1.845933
-1.558763
-0.699503
-0.440516
-0.258835
-0.142916
-0.074233
-0.034525
-0.010420
0.005980
0.019652
0.035864
0.061676
0.104628
0.169289
0.253691
0.347856
0.435747
0.500223
0.529081
0.519524
0.478987
0.421922
0.363958
0.316102
0.281511
0.256076
0.232145
0.203302
0.167724
0.128610
0.091783
0.062012
0.040088
0.022129
0.001258
-0.029474
-0.074568
-0.135372
-0.211445
-0.303166
-0.413968
-0.550674
-0.721271
-0.930565
-1.175016
-1.438069
-1.686702
-1.868877
-1.911384
-1.718310
-1.172460
-0.569142
-0.345640
-0.190762
-0.090247
-0.027727
0.010056
0.031521
0.041806
0.045728
0.049836
0.062114
0.089442
0.134257
0.192398
0.253602
0.304850
0.335262
0.340393
0.323855
0.295443
0.266569
0.245173
0.232538
0.223479
0.209658
0.184232
0.145448
0.097430
0.047945
0.004467
-0.029417
-0.055536
-0.080060
-0.110666
-0.153520
-0.211669
-0.285512
-0.374913
-0.481561
-0.610040
-0.766623
-0.955913
-1.176307
-1.415641
-1.647866
-1.830802
-1.904445
-1.789763
-1.389386
-0.593614
-0.455082
-0.262178
-0.128399
-0.039876
0.016119
0.048490
0.062832
0.063829
0.057475
0.051502
0.053695
0.069051
0.097420
0.133117
0.166987
0.190210
0.198097
0.192063
0.178680
0.166197
0.160196
0.160550
0.161310
0.153584
0.129995
0.088437
0.033273
-0.026559
-0.081519
-0.125514
-0.158159
-0.184380
-0.211855
-0.247768
-0.296528
-0.359493
-0.436547
-0.528459
-0.638464
-0.771887
-0.933576
-1.123902
-1.334609
-1.545590
-1.722897
-1.817628
-1.765294
-1.486381
-0.890460
0.112616
-0.356012
-0.188808
-0.072275
0.005275
0.053023
0.077163
0.082570
0.074864
0.061289
0.049718
0.046368
0.053545
0.068757
0.085921
0.098223
0.101393
0.095745
0.085867
0.077989
0.076258
0.079873
0.082659
0.075496
0.050505
0.004947
-0.057132
-0.126321
-0.191627
-0.244790
-0.283161
-0.309993
-0.332307
-0.357650
-0.391372
-0.435737
-0.491022
-0.557768
-0.638708
-0.739019
-0.864388
-1.017393
-1.193451
-1.377577
-1.542583
-1.648521
-1.642840
-1.461290
-1.030940
-0.277999
0.856941
-0.270812
-0.125360
-0.023943
0.042566
0.080946
0.096488
0.094702
0.082356
0.066994
0.055176
0.050445
0.052251
0.056572
0.058119
0.053144
0.041469
0.026611
0.013789
0.006696
0.004690
0.002024
-0.010256
-0.040437
-0.092123
-0.162071
-0.240990
-0.316947
-0.379781
-0.424510
-0.452319
-0.468987
-0.481798
-0.496600
-0.516421
-0.542145
-0.574610
-0.616750
-0.674325
-0.754471
-0.862326
-0.996956
-1.147947
-1.293652
-1.401129
-1.427153
-1.319829
-1.021261
-0.473010
0.373397
1.539947
-0.198869
-0.072231
0.015474
0.071468
0.101575
0.111426
0.107445
0.096691
0.085526
0.077861
0.074047
0.071169
0.064796
0.051481
0.030775
0.005712
-0.018684
-0.038288
-0.052728
-0.066653
-0.088447
-0.126768
-0.186404
-0.265466
-0.355367
-0.443659
-0.518404
-0.572067
-0.603287
-0.615984
-0.616592
-0.611029
-0.602926
-0.593892
-0.585422
-0.581165
-0.588025
-0.615079
-0.670383
-0.756743
-0.868019
-0.987234
-1.086837
-1.130558
-1.075956
-0.877321
-0.489744
0.123981
0.982270
2.070350
-0.139668
-0.029212
0.046829
0.094822
0.120688
0.130672
0.131338
0.128555
0.126016
0.124189
0.120450
0.110564
0.091000
0.061024
0.023508
-0.016125
-0.052540
-0.083538
-0.111961
-0.145247
-0.192477
-0.260122
-0.348440
-0.450347
-0.553367
-0.643806
-0.711150
-0.750770
-0.763935
-0.755577
-0.731267
-0.695101
-0.649512
-0.596904
-0.541973
-0.493089
-0.461558
-0.458566
-0.490759
-0.556141
-0.641865
-0.724602
-0.773093
-0.751718
-0.624057
-0.356388
0.077897
0.691579
1.474369
2.383259
-0.091886
0.005766
0.073976
0.119045
0.147197
0.164566
0.176403
0.185819
0.192845
0.194516
0.186212
0.163907
0.126415
0.076567
0.020586
-0.034333
-0.083367
-0.126795
-0.170622
-0.224422
-0.297042
-0.392053
-0.505107
-0.624557
-0.735104
-0.822681
-0.878352
-0.899598
-0.888943
-0.851100
-0.790497
-0.710520
-0.614727
-0.509053
-0.403445
-0.311449
-0.247350
-0.221599
-0.236264
-0.282350
-0.340034
-0.381668
-0.376291
-0.294108
-0.110049
0.193301
0.622254
1.167137
1.796539
2.453316
-0.052418
0.037429
0.103819
0.153070
0.190994
0.222197
0.249017
0.270698
0.283476
0.281885
0.261021
0.219009
0.158596
0.087020
0.013834
-0.052744
-0.109535
-0.160406
-0.215268
-0.286050
-0.381119
-0.500719
-0.635590
-0.769502
-0.884425
-0.965844
-1.005871
-1.003245
-0.960999
-0.883655
-0.775710
-0.642149
-0.490337
-0.331747
-0.181927
-0.057930
0.026273
0.064711
0.062669
0.036801
0.011978
0.016051
0.074413
0.205927
0.420656
0.718626
1.088374
1.504729
1.926822
2.298717
-0.015824
0.073035
0.145171
0.206177
0.260069
0.308342
0.349252
0.377950
0.387789
0.372663
0.329729
0.261477
0.176164
0.085998
0.003280
-0.064331
-0.117484
-0.165800
-0.224598
-0.308564
-0.424920
-0.569284
-0.726168
-0.873842
-0.991091
-1.062717
-1.081710
-1.048030
-0.965704
-0.840400
-0.678865
-0.490133
-0.287141
-0.087027
0.090993
0.230001
0.320508
0.364225
0.374720
0.374427
0.388999
0.441060
0.545391
0.706693
0.919636
1.169875
1.434766
1.683508
1.877812
1.974936
0.025396
0.121185
0.206618
0.285208
0.357624
0.421069
0.469454
0.494741
0.489369
0.449238
0.376286
0.279565
0.173960
0.076315
-0.000196
-0.051552
-0.085730
-0.120950
-0.179167
-0.277081
-0.418507
-0.591695
-0.772773
-0.933500
-1.049511
-1.105576
-1.096464
-1.024479
-0.896165
-0.720300
-0.507922
-0.273449
-0.035178
0.186286
0.371930
0.509384
0.597073
0.645465
0.674531
0.708076
0.766940
0.863469
0.998899
1.163925
1.341288
1.508706
1.640956
1.711140
1.692275
1.560393
0.079572
0.189740
0.293863
0.391865
0.479918
0.550658
0.594555
0.602418
0.568627
0.494176
0.388463
0.268705
0.156371
0.070958
0.022782
0.007584
0.005919
-0.011199
-0.071738
-0.191309
-0.366112
-0.573440
-0.779267
-0.949058
-1.056879
-1.089523
-1.045508
-0.931294
-0.757646
-0.537929
-0.288202
-0.027600
0.222674
0.442524
0.617596
0.743522
0.827725
0.887504
0.944719
1.018841
1.120862
1.250156
1.395001
1.535956
1.650247
1.715401
1.711302
1.621139
1.432368
1.138558
0.153844
0.283321
0.407240
0.520834
0.615519
0.680269
0.704187
0.679900
0.607037
0.494705
0.361740
0.233782
0.136939
0.089241
0.092649
0.129356
0.165310
0.161080
0.086432
-0.067546
-0.284294
-0.527403
-0.752953
-0.922657
-1.012401
-1.014066
-0.932172
-0.778789
-0.569689
-0.322790
-0.057943
0.203706
0.442002
0.641656
0.796239
0.910338
0.998364
1.079889
1.172961
1.287774
1.423017
1.566038
1.696386
1.790948
1.828619
1.793088
1.673604
1.464619
1.165575
0.781455
0.251838
0.401048
0.540102
0.659313
0.746250
0.788310
0.776230
0.707876
0.591326
0.446022
0.300755
0.187784
0.133602
0.148743
0.220676
0.314004
0.379941
0.372747
0.266773
0.066532
-0.194748
-0.467052
-0.699991
-0.856378
-0.918309
-0.885636
-0.770156
-0.589579
-0.363765
-0.113291
0.141171
0.380286
0.588892
0.759389
0.893957
1.004019
1.106461
1.217564
1.346829
1.492990
1.643699
1.778789
1.875596
1.914140
1.880398
1.767051
1.572368
1.298583
0.951000
0.538192
0.371620
0.535174
0.678589
0.788177
0.849731
0.852052
0.790942
0.672749
0.516348
0.352208
0.217461
0.146790
0.160833
0.255936
0.400284
0.540227
0.616495
0.584846
0.432415
0.182357
-0.115101
-0.400460
-0.623173
-0.753027
-0.782062
-0.719332
-0.583199
-0.395112
-0.176367
0.053044
0.275232
0.476109
0.647833
0.790779
0.913498
1.029866
1.153960
1.294386
1.450242
1.610355
1.756028
1.866097
1.922188
1.912184
1.830935
1.678653
1.458318
1.173723
0.829065
0.430029
0.504574
0.671080
0.802991
0.884661
0.903035
0.851688
0.734683
0.569206
0.385714
0.224274
0.126359
0.122899
0.221745
0.399724
0.604502
0.768252
0.829599
0.755232
0.551628
0.261607
-0.052097
-0.328094
-0.523090
-0.618617
-0.618020
-0.538175
-0.401103
-0.228518
-0.039610
0.149559
0.326676
0.484528
0.622388
0.746235
0.866817
0.995613
1.139990
1.299418
1.464383
1.618560
1.743307
1.822656
1.846712
1.812273
1.720822
1.575203
1.376791
1.124538
0.816256
0.451412
0.635593
0.788787
0.890506
0.926006
0.886650
0.773884
0.602313
0.400765
0.210005
0.075981
0.038595
0.118135
0.304031
0.551792
0.792198
0.951736
0.977195
0.853968
0.609823
0.302797
-0.000399
-0.245299
-0.401754
-0.464711
-0.446913
-0.369190
-0.252891
-0.116134
0.027064
0.166643
0.296701
0.416115
0.528762
0.642338
0.765495
0.904014
1.057549
1.218417
1.373190
1.506526
1.605646
1.663477
1.679133
1.655573
1.595668
1.498551
1.358022
1.163783
0.905073
0.575290
0.744719
0.865772
0.918872
0.868946
0.787902
0.614061
0.397736
0.178256
0.003291
-0.080841
-0.042416
0.122496
0.382601
0.675053
0.921858
1.054387
1.036288
0.874641
0.614520
0.320217
0.052538
-0.147927
-0.266287
-0.308648
-0.292419
-0.237223
-0.159523
-0.071049
0.020682
0.111576
0.200737
0.290473
0.385705
0.492208
0.613939
0.750480
0.895902
1.039877
1.170778
1.279542
1.362451
1.421458
1.461633
1.486730
1.494753
1.475534
1.411539
1.281878
1.068226
0.760662
0.809981
0.880555
0.857645
0.774934
0.603126
0.376964
0.132670
-0.083006
-0.220510
-0.239309
-0.121451
0.117932
0.428949
0.737682
0.967634
1.064221
1.011891
0.836239
0.590833
0.335765
0.118162
-0.037865
-0.130250
-0.170820
-0.175730
-0.158816
-0.129109
-0.091350
-0.047484
0.002312
0.059315
0.126068
0.205611
0.299969
0.408418
0.526590
0.647180
0.762356
0.866936
0.960790
1.049048
1.139504
1.237879
1.342695
1.441877
1.512716
1.525628
1.450765
1.265508
0.960605
0.810917
0.816336
0.733795
0.568324
0.338238
0.075638
-0.175715
-0.366138
-0.449788
-0.397212
-0.207212
0.087256
0.423812
0.726859
0.930463
0.998729
0.934743
0.774494
0.569611
0.367771
0.199392
0.074580
-0.011486
-0.069791
-0.110303
-0.138712
-0.156697
-0.163795
-0.159081
-0.141826
-0.111415
-0.067266
-0.009256
0.061436
0.141750
0.227176
0.313481
0.399201
0.487644
0.587079
0.708282
0.859792
1.042306
1.244306
1.440848
1.596410
1.671418
1.630727
1.451685
1.129556
0.732056
0.663972
0.508694
0.280760
0.007800
-0.270672
-0.507312
-0.654482
-0.674917
-0.553356
-0.304955
0.024245
0.367431
0.655740
0.838754
0.898132
0.848572
0.726640
0.573828
0.422123
0.287642
0.172703
0.072641
-0.017447
-0.099120
-0.170588
-0.228738
-0.271237
-0.297484
-0.308343
-0.305343
-0.290120
-0.264382
-0.230106
-0.189321
-0.143007
-0.089311
-0.021943
0.070042
0.200160
0.380062
0.613810
0.892721
1.192839
1.476378
1.697329
1.810017
1.778441
1.583925
1.229098
0.565703
0.423705
0.203453
-0.071715
-0.366992
-0.638908
-0.840890
-0.931716
-0.885786
-0.702337
-0.409537
-0.060057
0.282158
0.559815
0.737749
0.809467
0.792565
0.716480
0.609295
0.489586
0.365445
0.238705
0.110311
-0.016428
-0.135790
-0.241734
-0.330252
-0.400507
-0.454425
-0.495280
-0.526258
-0.549600
-0.566401
-0.576521
-0.578094
-0.566452
-0.532961
-0.464750
-0.346284
-0.163166
0.092436
0.416238
0.788131
1.171949
1.519477
1.778164
1.806548
1.682765
1.627767
1.231889
0.313468
0.105422
-0.164586
-0.466298
-0.760738
-1.004249
-1.154881
-1.180769
-1.068822
-0.830700
-0.502785
-0.138473
0.205497
0.483753
0.672052
0.768468
0.786708
0.746065
0.663351
0.549855
0.412952
0.259508
0.098125
-0.061150
-0.209064
-0.339674
-0.451597
-0.547433
-0.631853
-0.709363
-0.782713
-0.852267
-0.916017
-0.969642
-1.006153
-1.015225
-0.982921
-0.892702
-0.728359
-0.478722
-0.143123
0.264087
0.711703
1.153705
1.535294
1.801828
1.605756
1.579678
1.560998
1.123631
-0.013644
-0.272504
-0.571476
-0.876002
-1.146199
-1.341588
-1.427565
-1.382819
-1.205744
-0.917167
-0.557257
-0.176555
0.176103
0.464215
0.668779
0.786872
0.825804
0.796764
0.711077
0.579779
0.414908
0.230283
0.040442
-0.141944
-0.308771
-0.457820
-0.592031
-0.717130
-0.838735
-0.960064
-1.080892
-1.197616
-1.303809
-1.390571
-1.446439
-1.457189
-1.406344
-1.277126
-1.056139
-0.738240
-0.331341
0.140517
0.637222
1.106480
1.491135
1.738538
1.582718
1.643566
1.375291
0.903211
-0.396552
-0.685469
-0.989392
-1.272307
-1.496360
-1.626729
-1.637563
-1.517883
-1.275620
-0.937741
-0.545486
-0.145733
0.218639
0.515921
0.728205
0.849792
0.883603
0.810017
0.725444
0.561605
0.364909
0.154207
-0.054372
-0.250406
-0.430593
-0.597904
-0.758830
-0.919896
-1.084753
-1.252733
-1.418898
-1.575019
-1.710606
-1.813429
-1.869554
-1.863455
-1.779046
-1.602164
-1.324469
-0.947951
-0.488707
0.021467
0.536744
1.002419
1.362834
1.570483
1.594231
1.424734
1.075763
0.581239
-0.810419
-1.105447
-1.389467
-1.627596
-1.786267
-1.837817
-1.765496
-1.567749
-1.260214
-0.874137
-0.451076
-0.035296
0.333705
0.626346
0.824917
0.681212
0.598949
0.727405
0.686592
0.487760
0.265402
0.038916
-0.178921
-0.383539
-0.577672
-0.768301
-0.962680
-1.164877
-1.373923
-1.583812
-1.784794
-1.965024
-2.111721
-2.211535
-2.250484
-2.214181
-2.089158
-1.865546
-1.540844
-1.123774
-0.636968
-0.117243
0.387245
0.822863
1.138448
1.293671
1.265946
1.054229
0.678844
0.177424
-1.227548
-1.503950
-1.744452
-1.917375
-1.994965
-1.957461
-1.797072
-1.520789
-1.150860
-0.722197
-0.277049
0.141672
0.496618
0.750235
0.497638
0.432248
0.563247
0.779673
0.586717
0.360775
0.124079
-0.108355
-0.330591
-0.544900
-0.758513
-0.979239
-1.211552
-1.454343
-1.700801
-1.939937
-2.158746
-2.343982
-2.482946
-2.563417
-2.573341
-2.501095
-2.336951
-2.075787
-1.720511
-1.285202
-0.796777
-0.294230
0.174972
0.560987
0.819129
0.917211
0.841029
0.596656
0.209037
-0.282747
