pygeostat_saved_data
1
0
-2.597297
-2.219556
-1.829190
-1.435468
-1.048362
-0.683991
-0.711968
-0.653902
-0.515782
-0.301412
-0.012803
0.349730
0.787760
0.904518
0.911408
0.886665
0.835161
0.761138
0.667855
0.557429
0.430917
0.288676
0.131014
-0.040894
-0.223929
-0.411939
-0.594882
-0.758441
-0.884377
-0.951822
-0.939593
-0.829445
-0.609969
-0.280522
0.145588
0.639642
1.158572
1.648962
2.053776
2.320752
2.410857
2.304921
2.006876
1.542839
0.956297
0.300621
-0.369318
-1.004680
-1.567971
-2.035603
-2.452839
-2.075335
-1.690097
-1.306633
-0.934837
-0.584343
-0.518549
-0.417782
-0.238661
0.015885
0.344862
0.706556
0.767683
0.791147
0.782197
0.746302
0.688597
0.613373
0.523715
0.421305
0.306512
0.178802
0.037519
-0.117011
-0.282163
-0.451735
-0.614987
-0.756341
-0.856033
-0.891905
-0.842370
-0.690306
-0.427403
-0.058158
0.397444
0.903514
1.410838
1.862502
2.201917
2.381808
2.372255
2.165927
1.779261
1.249306
0.627086
-0.030919
-0.671204
-1.249977
-1.737169
-2.117559
-2.328506
-1.955535
-1.579598
-1.210200
-0.856916
-0.528753
-0.251788
-0.108830
0.111782
0.403333
0.526463
0.607230
0.649647
0.658916
0.640880
0.601426
0.545895
0.478530
0.402024
0.317290
0.223548
0.118832
0.000979
-0.130989
-0.275241
-0.425614
-0.570581
-0.693108
-0.771733
-0.783005
-0.705171
-0.522708
-0.230963
0.160062
0.623840
1.118269
1.589866
1.980877
2.238220
2.168464
2.141416
1.919864
1.466075
0.898810
0.273287
-0.354494
-0.935611
-1.433708
-1.827498
-2.110520
-2.224524
-1.859601
-1.496162
-1.143499
-0.810674
-0.505912
-0.236047
-0.006084
0.181079
0.324756
0.426401
0.489369
0.518546
0.519881
0.499820
0.464669
0.419929
0.369633
0.315795
0.258108
0.194077
0.119683
0.030677
-0.075648
-0.198454
-0.331580
-0.462491
-0.572417
-0.638012
-0.634552
-0.540398
-0.342058
-0.038910
0.353541
0.802930
1.262515
1.676945
1.990548
2.036646
1.943253
1.950477
1.588089
1.095573
0.523718
-0.071767
-0.638818
-1.135764
-1.535296
-1.825460
-2.008214
-2.139363
-1.785047
-1.436217
-1.101782
-0.790155
-0.508686
-0.263168
-0.057477
0.106647
0.229639
0.314002
0.364058
0.385578
0.385292
0.370292
0.347316
0.321941
0.297764
0.275716
0.253717
0.226878
0.188468
0.131595
0.051498
-0.052033
-0.172641
-0.296431
-0.402549
-0.465574
-0.459566
-0.363271
-0.165557
0.130079
0.503096
0.916535
1.321092
1.662220
1.889099
1.896310
1.867268
1.604643
1.202217
0.703309
0.160221
-0.374454
-0.855490
-1.250315
-1.541385
-1.725817
-1.813051
-2.069789
-1.727621
-1.394429
-1.078628
-0.787902
-0.528692
-0.305762
-0.121893
0.022269
0.128226
0.199509
0.241424
0.260680
0.264873
0.261806
0.258635
0.260865
0.271329
0.289360
0.310425
0.326530
0.327563
0.303545
0.247488
0.158282
0.042864
-0.083044
-0.196111
-0.268668
-0.273641
-0.190394
-0.010291
0.259301
0.593717
0.953105
1.287928
1.547034
1.686697
1.678695
1.515540
1.211688
0.800495
0.327803
-0.156234
-0.605207
-0.982778
-1.266362
-1.448008
-1.532956
-1.536718
-2.011103
-1.681652
-1.364179
-1.066535
-0.795655
-0.557083
-0.354590
-0.189921
-0.062675
0.029704
0.091789
0.129939
0.151909
0.166265
0.181570
0.205329
0.242731
0.295397
0.360428
0.430098
0.492585
0.533836
0.540506
0.503457
0.421052
0.301368
0.162531
0.030735
-0.063966
-0.093466
-0.037895
0.108958
0.336446
0.617061
0.909983
1.167728
1.344666
1.405564
1.332278
1.127029
0.811613
0.422837
0.005458
-0.395676
-0.742538
-1.008724
-1.181555
-1.261738
-1.261170
-1.199746
-1.957537
-1.640569
-1.338171
-1.057626
-0.805130
-0.585365
-0.401159
-0.253263
-0.140242
-0.058473
-0.002259
0.035930
0.065017
0.094632
0.134103
0.191118
0.270182
0.371140
0.488135
0.609511
0.718976
0.798171
0.830376
0.804654
0.719466
0.584755
0.421651
0.259575
0.131024
0.065018
0.080599
0.181835
0.355647
0.573142
0.794427
0.975980
1.079078
1.077355
0.961808
0.742162
0.444419
0.105380
-0.234426
-0.537741
-0.776099
-0.933047
-1.004915
-0.999560
-0.933740
-0.829932
-1.902807
-1.597536
-1.309167
-1.044426
-0.808809
-0.606176
-0.438448
-0.305390
-0.204511
-0.131044
-0.078053
-0.036704
0.003222
0.052464
0.121015
0.216463
0.342139
0.495441
0.666822
0.840018
0.993829
1.105514
1.155296
1.131108
1.032360
0.871666
0.673756
0.471522
0.299865
0.188570
0.155851
0.204057
0.318639
0.470754
0.623012
0.737133
0.781788
0.738836
0.606584
0.399482
0.144535
-0.124500
-0.373637
-0.574469
-0.708213
-0.767515
-0.756195
-0.687389
-0.580816
-0.459730
-1.840742
-1.546150
-1.270697
-1.020586
-0.800644
-0.613934
-0.461469
-0.342000
-0.251907
-0.185165
-0.133466
-0.086538
-0.032799
0.039552
0.140956
0.278481
0.453679
0.660791
0.885905
1.107666
1.299829
1.435554
1.492701
1.459026
1.335895
1.139416
0.898387
0.649263
0.429150
0.268385
0.184375
0.178203
0.234767
0.326445
0.419423
0.481171
0.487353
0.426590
0.302121
0.130238
-0.063896
-0.251826
-0.407419
-0.511331
-0.553672
-0.534692
-0.463789
-0.357395
-0.236295
-0.122879
-1.765945
-1.481116
-1.217740
-0.981516
-0.776611
-0.605283
-0.467596
-0.361214
-0.281276
-0.220371
-0.168693
-0.114457
-0.044734
0.053165
0.189765
0.371071
0.596189
0.855538
1.130329
1.393923
1.615282
1.764162
1.817102
1.762863
1.605826
1.366317
1.077453
0.779096
0.510191
0.301288
0.168960
0.113400
0.119658
0.162102
0.210936
0.239147
0.228268
0.171714
0.075159
-0.045837
-0.170092
-0.275760
-0.344834
-0.366337
-0.337818
-0.265223
-0.161492
-0.044398
0.065915
0.117535
-1.674405
-1.398837
-1.147241
-0.924814
-0.735031
-0.579289
-0.456622
-0.363498
-0.293694
-0.238298
-0.185926
-0.123293
-0.036277
0.088388
0.260813
0.485309
0.757887
1.064606
1.381563
1.677036
1.915868
2.065507
2.102506
2.017914
1.820114
1.534125
1.197352
0.852612
0.540096
0.290093
0.118189
0.023891
-0.007203
0.001556
0.024238
0.038510
0.030214
-0.004524
-0.059842
-0.122859
-0.177615
-0.209204
-0.207138
-0.167428
-0.093204
0.005945
0.115517
0.218152
0.295792
0.044204
-1.563990
-1.297826
-1.058439
-0.850469
-0.676629
-0.537358
-0.430547
-0.351344
-0.292057
-0.242205
-0.188846
-0.117325
-0.012619
0.138645
0.345574
0.610143
0.924706
1.270678
1.619161
1.933978
2.176961
2.314682
2.325186
2.203064
1.961448
1.630207
1.250610
0.867676
0.522008
0.243007
0.044971
-0.073305
-0.125612
-0.133176
-0.118669
-0.100933
-0.091482
-0.093352
-0.102187
-0.108921
-0.103173
-0.076446
-0.024509
0.051421
0.144643
0.243897
0.334889
0.402120
0.430705
0.067003
-1.434751
-1.178912
-0.952929
-0.760789
-0.604326
-0.482895
-0.393117
-0.328718
-0.280477
-0.236362
-0.182004
-0.101662
0.020157
0.196359
0.434407
0.733358
1.081559
1.455808
1.822755
2.142819
2.376286
2.490478
2.466419
2.303282
2.019342
1.649038
1.236706
0.828498
0.464402
0.172159
-0.035673
-0.161232
-0.217930
-0.225328
-0.203714
-0.169697
-0.133625
-0.099095
-0.064247
-0.024160
0.026416
0.090698
0.168330
0.254802
0.341768
0.418040
0.470968
0.487974
0.458040
0.180725
-1.288998
-1.045175
-0.834464
-0.660058
-0.522771
-0.420733
-0.349188
-0.300384
-0.263591
-0.225360
-0.170162
-0.081584
0.055775
0.253727
0.517485
0.842772
1.213843
1.603290
1.974253
2.285174
2.496479
2.577900
2.480745
2.311434
1.991345
1.592756
1.161898
0.744753
0.379532
0.091465
-0.109169
-0.225805
-0.271870
-0.265874
-0.226610
-0.169542
-0.104932
-0.037733
0.031147
0.102857
0.178521
0.257590
0.336898
0.410477
0.470010
0.505769
0.507771
0.467010
0.376581
0.232569
-1.131126
-0.901632
-0.708504
-0.553976
-0.437681
-0.356412
-0.303974
-0.271155
-0.245846
-0.213438
-0.157642
-0.061909
0.088453
0.303541
0.585834
0.927523
1.309033
1.699530
2.059944
2.348395
2.527195
2.569990
2.467315
2.229069
1.883170
1.470605
1.038049
0.629872
0.281318
0.014267
-0.163821
-0.258064
-0.282329
-0.254645
-0.193033
-0.112563
-0.023978
0.066223
0.154698
0.239700
0.319565
0.391591
0.451490
0.493402
0.510353
0.495038
0.440728
0.342182
0.196441
0.003365
-0.967194
-0.754692
-0.581567
-0.448918
-0.355066
-0.295393
-0.262281
-0.245179
-0.230846
-0.203891
-0.147775
-0.046413
0.113555
0.339974
0.632300
0.979289
1.358123
1.735655
2.072137
2.327096
2.466338
2.468601
2.330131
2.066000
1.707671
1.297377
0.880655
0.498820
0.183048
-0.048849
-0.192654
-0.255472
-0.251920
-0.199938
-0.117199
-0.018708
0.084234
0.034389
0.046986
0.166522
0.389909
0.466346
0.490850
0.488654
0.455008
0.385544
0.276930
0.127478
-0.062383
-0.289854
-0.804291
-0.611427
-0.460434
-0.351122
-0.280418
-0.242296
-0.227826
-0.225350
-0.220851
-0.198638
-0.142493
-0.037410
0.128086
0.359219
0.652369
0.993250
1.356688
1.708566
2.010069
2.223743
2.320208
2.283990
2.117017
1.838740
1.482822
1.091120
0.706446
0.365771
0.095327
-0.091634
-0.194364
-0.222064
-0.190205
-0.116764
-0.019153
-0.030870
-0.168089
-0.197250
-0.123707
0.048539
0.316038
0.464992
0.444570
0.392943
0.308009
0.188420
0.033980
-0.154023
-0.372605
-0.617080
-0.649768
-0.478757
-0.351325
-0.265894
-0.217986
-0.200268
-0.202714
-0.212895
-0.216468
-0.197978
-0.142119
-0.035510
0.131011
0.359893
0.644649
0.968614
1.305367
1.621238
1.879880
2.048199
2.102489
2.033267
1.847580
1.568094
1.229117
0.870514
0.530964
0.242100
0.024644
-0.112898
-0.173207
-0.167444
-0.111789
-0.024101
-0.087986
-0.270846
-0.345707
-0.319988
-0.198839
0.013924
0.315572
0.381955
0.314002
0.214610
0.084341
-0.075440
-0.262386
-0.473064
-0.702952
-0.946591
-0.681377
-0.565140
-0.379581
-0.196927
-0.170212
-0.170557
-0.187153
-0.207218
-0.216589
-0.200599
-0.145379
-0.039620
0.123301
0.343122
0.610957
0.908627
1.209658
1.482206
1.693666
1.816254
1.832292
1.737961
1.544469
1.276284
0.966784
0.652396
0.366594
0.135042
-0.027214
-0.116273
-0.137915
-0.104878
-0.033672
-0.037870
-0.271690
-0.395799
-0.419624
-0.349616
-0.190164
0.055970
0.304671
0.223215
0.111651
-0.027772
-0.192183
-0.378104
-0.581461
-0.797651
-1.021667
-1.248335
-0.798398
-0.639933
-0.411643
-0.145831
-0.137417
-0.152347
-0.179426
-0.205994
-0.218575
-0.203791
-0.149646
-0.047167
0.107703
0.312292
0.555967
0.820007
1.079066
1.304283
1.467741
1.547419
1.531529
1.421157
1.230436
0.984154
0.713337
0.449859
0.221312
0.047217
-0.062848
-0.109109
-0.099868
-0.048852
0.027656
-0.168690
-0.344931
-0.419629
-0.400572
-0.292891
-0.099555
0.178638
0.125469
0.005145
-0.140717
-0.307933
-0.491937
-0.687939
-0.891062
-1.096508
-1.299757
-1.496798
-0.828913
-0.626905
-0.353541
-0.111931
-0.117755
-0.142873
-0.176150
-0.205519
-0.218660
-0.203894
-0.151376
-0.054547
0.088267
0.272472
0.486457
0.711935
0.925713
1.102788
1.220431
1.262375
1.222151
1.104682
0.925683
0.708890
0.481848
0.271165
0.098352
-0.022979
-0.088144
-0.100764
-0.070889
-0.012522
0.040085
-0.190580
-0.317059
-0.348452
-0.290740
-0.147273
0.081115
0.025424
-0.099327
-0.247845
-0.414943
-0.595131
-0.782923
-0.973088
-1.160847
-1.342091
-1.513556
-1.673006
-0.773663
-0.525546
-0.203572
-0.092358
-0.107471
-0.137812
-0.172749
-0.201249
-0.212528
-0.196874
-0.146690
-0.057727
0.069674
0.229604
0.410281
0.594733
0.762689
0.893523
0.969770
0.980496
0.923648
0.806788
0.645907
0.462581
0.280120
0.119615
-0.003282
-0.080250
-0.110663
-0.100618
-0.061058
-0.005512
0.052059
-0.108809
-0.190016
-0.180303
-0.083553
0.024225
-0.072654
-0.196851
-0.343379
-0.506423
-0.679850
-0.857625
-1.034165
-1.204621
-1.365102
-1.512857
-1.646397
-1.765556
-0.631159
-0.333221
-0.084203
-0.082434
-0.101415
-0.131884
-0.164124
-0.188491
-0.195984
-0.178968
-0.132022
-0.052919
0.056477
0.189606
0.335256
0.478463
0.602380
0.690883
0.731478
0.717817
0.651202
0.540630
0.401271
0.251752
0.110826
-0.005764
-0.087629
-0.130848
-0.137845
-0.116214
-0.076929
-0.032367
0.005486
0.026418
0.022871
-0.009686
-0.072765
-0.165178
-0.283536
-0.422834
-0.577066
-0.739802
-0.904705
-1.065971
-1.218679
-1.359063
-1.484700
-1.594616
-1.689314
-1.770698
-0.397918
-0.099947
-0.075704
-0.076297
-0.093748
-0.119606
-0.145404
-0.163112
-0.165624
-0.147317
-0.104719
-0.037206
0.052389
0.157502
0.268107
0.371714
0.455072
0.506375
0.517497
0.485758
0.414717
0.313733
0.196344
0.077815
-0.027579
-0.108922
-0.160213
-0.180898
-0.175381
-0.151805
-0.120414
-0.091889
-0.075912
-0.080110
-0.109468
-0.166129
-0.249548
-0.356874
-0.483493
-0.623625
-0.770937
-0.919111
-1.062349
-1.195772
-1.315746
-1.420087
-1.508175
-1.580963
-1.640877
-1.691615
-0.144560
-0.093594
-0.070219
-0.067693
-0.078756
-0.096083
-0.112669
-0.122201
-0.119410
-0.100485
-0.063535
-0.009060
0.059711
0.136759
0.213687
0.280691
0.328025
0.347733
0.335283
0.290681
0.218734
0.128327
0.030870
-0.061783
-0.139432
-0.195200
-0.226467
-0.234953
-0.226037
-0.207574
-0.188485
-0.177401
-0.181570
-0.206108
-0.253650
-0.324325
-0.416011
-0.524780
-0.645442
-0.772143
-0.898942
-1.020338
-1.131714
-1.229686
-1.312333
-1.379327
-1.431935
-1.472924
-1.506334
-1.537171
-0.140590
-0.089124
-0.061239
-0.050830
-0.051657
-0.057722
-0.063579
-0.064571
-0.057080
-0.038779
-0.008921
0.031380
0.079002
0.128894
0.174537
0.208796
0.225092
0.218697
0.187823
0.134231
0.063139
-0.017602
-0.098891
-0.172033
-0.230258
-0.269811
-0.290403
-0.295002
-0.289091
-0.279587
-0.273690
-0.277839
-0.296926
-0.333821
-0.389220
-0.461764
-0.548373
-0.644702
-0.745694
-0.846120
-0.941101
-1.026560
-1.099570
-1.158615
-1.203710
-1.236428
-1.259782
-1.278025
-1.296321
-1.320357
-0.137033
-0.079947
-0.043055
-0.021181
-0.009299
-0.002822
0.002200
0.008941
0.019677
0.035655
0.056937
0.082269
0.109039
0.133435
0.150868
0.156654
0.146905
0.119407
0.074291
0.014278
-0.055612
-0.128858
-0.198581
-0.258768
-0.305309
-0.336619
-0.353760
-0.360073
-0.360452
-0.360444
-0.365346
-0.379464
-0.405589
-0.444757
-0.496264
-0.557876
-0.626215
-0.697211
-0.766605
-0.830426
-0.885419
-0.929384
-0.961427
-0.982081
-0.993322
-0.998465
-1.001948
-1.009027
-1.025386
-1.056710
-0.127413
-0.060606
-0.011534
0.023867
0.049338
0.068114
0.082824
0.095452
0.107308
0.118986
0.130309
0.140267
0.147043
0.148170
0.140870
0.122563
0.091484
0.047227
-0.008883
-0.073784
-0.143034
-0.211497
-0.274227
-0.327299
-0.368457
-0.397406
-0.415720
-0.426424
-0.433363
-0.440485
-0.451205
-0.467912
-0.491684
-0.522234
-0.558039
-0.596629
-0.634965
-0.669876
-0.698480
-0.718570
-0.728926
-0.729526
-0.721661
-0.707922
-0.692095
-0.678928
-0.673834
-0.682510
-0.710516
-0.762849
-0.106702
-0.027514
0.035284
0.084585
0.122906
0.152305
0.174371
0.190254
0.200707
0.206085
0.206336
0.200984
0.189146
0.169661
0.141322
0.103221
0.055130
-0.002176
-0.066770
-0.135672
-0.205186
-0.271446
-0.331020
-0.381450
-0.421588
-0.451676
-0.473153
-0.488262
-0.499538
-0.509309
-0.519276
-0.530248
-0.542047
-0.553595
-0.563128
-0.568509
-0.567603
-0.558645
-0.540571
-0.513295
-0.477877
-0.436604
-0.392947
-0.351416
-0.317317
-0.296435
-0.294643
-0.317490
-0.369795
-0.515411
-0.071995
0.020543
0.096875
0.158786
0.207749
0.244921
0.271195
0.287276
0.293741
0.291062
0.279590
0.259539
0.230975
0.193885
0.148311
0.094555
0.033400
-0.033734
-0.104747
-0.176982
-0.247503
-0.313472
-0.372529
-0.423090
-0.464493
-0.496942
-0.521302
-0.538769
-0.550514
-0.557359
-0.559569
-0.556767
-0.547984
-0.531849
-0.506851
-0.471667
-0.425487
-0.368309
-0.301178
-0.226312
-0.147147
-0.068251
0.004863
0.066020
0.108748
0.126684
0.114010
0.065867
-0.107067
-0.363548
-0.022911
0.082192
0.170204
0.241987
0.298240
0.339555
0.366499
0.379698
0.379886
0.367913
0.344698
0.311182
0.268284
0.216899
0.157964
0.092555
0.022005
-0.052022
-0.127525
-0.202280
-0.274009
-0.340616
-0.400388
-0.452135
-0.495203
-0.529384
-0.554723
-0.571295
-0.578982
-0.577332
-0.565498
-0.542303
-0.506408
-0.456553
-0.391867
-0.312168
-0.218240
-0.112049
0.003141
0.122767
0.241078
0.351373
0.446333
0.518448
0.560470
0.565906
0.529457
0.404863
0.123387
-0.112129
0.038296
0.153568
0.250019
0.327862
0.387354
0.428878
0.453023
0.460651
0.452900
0.431147
0.396934
0.351863
0.297521
0.235436
0.167083
0.093933
0.017510
-0.060551
-0.138511
-0.214567
-0.286953
-0.354038
-0.414415
-0.466927
-0.510634
-0.544710
-0.568314
-0.580459
-0.579926
-0.565249
-0.534792
-0.486917
-0.420235
-0.333894
-0.227894
-0.103368
0.037195
0.189828
0.349081
0.508154
0.659157
0.793498
0.902366
0.977262
1.010562
0.996034
0.929284
0.702049
0.444110
0.227546
0.106962
0.228709
0.329393
0.408903
0.467400
0.505393
0.523792
0.523916
0.507450
0.476351
0.432723
0.378683
0.316261
0.247327
0.173579
0.096574
0.017773
-0.061391
-0.139497
-0.215116
-0.286832
-0.353261
-0.413058
-0.464890
-0.507388
-0.539068
-0.558261
-0.563074
-0.551408
-0.521044
-0.469831
-0.395919
-0.298075
-0.176007
-0.030671
0.135460
0.318246
0.511820
0.708717
0.900120
1.076274
1.227013
1.342369
1.413222
1.431913
1.392792
1.292633
1.076222
0.842223
0.633764
0.176502
0.300197
0.400464
0.420457
0.459670
0.562196
0.572794
0.564513
0.539619
0.500593
0.449969
0.390182
0.323460
0.251746
0.176702
0.099744
0.022106
-0.055077
-0.130704
-0.203649
-0.272730
-0.336665
-0.394048
-0.443294
-0.482595
-0.509882
-0.522799
-0.518741
-0.494947
-0.448668
-0.377419
-0.279286
-0.153273
0.000342
0.179694
0.381090
0.598907
0.825615
1.052004
1.267554
1.460986
1.620914
1.736572
1.798546
1.799436
1.734395
1.601490
1.401844
1.139554
0.821395
0.239123
0.313075
0.271775
0.308942
0.425480
0.593645
0.595551
0.579151
0.547231
0.502659
0.448219
0.386445
0.319521
0.249249
0.177055
0.104062
0.031178
-0.040796
-0.111066
-0.178765
-0.242874
-0.302168
-0.355155
-0.400036
-0.434655
-0.456492
-0.462684
-0.450098
-0.415487
-0.355717
-0.268064
-0.150576
-0.002464
0.175526
0.380788
0.608635
0.852232
1.102707
1.349455
1.580633
1.783823
1.946792
2.053582
2.087430
2.091921
2.003113
1.841938
1.611064
1.316255
0.965932
0.190469
0.148788
0.183911
0.296692
0.488623
0.595871
0.589488
0.566467
0.529972
0.483087
0.428626
0.369009
0.306186
0.241637
0.176421
0.111277
0.046733
-0.016760
-0.078716
-0.138511
-0.195299
-0.247937
-0.294920
-0.334336
-0.363825
-0.380579
-0.381383
-0.362726
-0.320984
-0.252691
-0.154885
-0.025511
0.136146
0.329061
0.550132
0.793969
1.052875
1.317005
1.574767
1.813411
1.899422
1.811707
1.774951
1.780223
1.821282
1.894928
2.001422
1.753538
1.438290
1.069138
0.051350
0.083773
0.192562
0.379205
0.562605
0.567085
0.554092
0.527058
0.489342
0.444025
0.393758
0.340657
0.286284
0.231679
0.177452
0.123903
0.071152
0.019275
-0.031570
-0.081048
-0.128545
-0.173094
-0.213299
-0.247273
-0.272598
-0.286315
-0.284976
-0.264766
-0.221711
-0.151986
-0.052311
0.079610
0.244610
0.441623
0.667338
0.916002
1.179420
1.447186
1.707146
1.888465
1.718885
1.608875
1.547677
1.527090
1.541657
1.588909
1.669629
1.788154
1.509248
1.137098
0.008929
0.112936
0.293883
0.494451
0.510064
0.507645
0.490861
0.463333
0.428403
0.388951
0.347284
0.305071
0.263379
0.222737
0.183257
0.144765
0.106939
0.069444
0.032042
-0.005298
-0.042305
-0.078312
-0.112163
-0.142128
-0.165841
-0.180277
-0.181797
-0.166278
-0.129350
-0.066740
0.025297
0.149470
0.306942
0.496864
0.716010
0.958594
1.216303
1.478575
1.733128
1.775787
1.583222
1.450377
1.367129
1.326036
1.322401
1.354381
1.423112
1.532867
1.538236
1.180552
0.058774
0.233167
0.391452
0.417993
0.426191
0.419927
0.403059
0.379184
0.351423
0.322280
0.293573
0.266433
0.241362
0.218338
0.196941
0.176492
0.156179
0.135181
0.112780
0.088462
0.062037
0.033748
0.004406
-0.024500
-0.050702
-0.071114
-0.081869
-0.078462
-0.056014
-0.009667
0.064941
0.171117
0.310560
0.482866
0.685164
0.911944
1.155129
1.404393
1.647734
1.708406
1.492015
1.338440
1.238163
1.184417
1.173114
1.202810
1.274692
1.392609
1.540062
1.214996
0.195776
0.254790
0.291661
0.310115
0.314201
0.307995
0.295331
0.279570
0.263437
0.248922
0.237266
0.228995
0.224013
0.221718
0.221131
0.221013
0.219997
0.216685
0.209766
0.198134
0.181030
0.158194
0.130039
0.097811
0.063715
0.030981
0.003812
-0.012768
-0.013234
0.008011
0.056093
0.135064
0.247322
0.393093
0.570083
0.773323
0.995285
1.226236
1.454842
1.668945
1.453725
1.283886
1.173921
1.117546
1.111022
1.152962
1.244184
1.387655
1.534978
1.260434
0.086616
0.132907
0.160922
0.174831
0.178892
0.177155
0.173214
0.170021
0.169767
0.173836
0.182833
0.196650
0.214573
0.235388
0.257512
0.279088
0.298097
0.312468
0.320196
0.319497
0.308985
0.287884
0.256247
0.215160
0.166892
0.114970
0.064103
0.019994
-0.011034
-0.022521
-0.008474
0.036003
0.114103
0.226804
0.372547
0.547121
0.743816
0.953804
1.166763
1.371625
1.485128
1.305361
1.194889
1.147614
1.159772
1.229575
1.356963
1.543477
1.547935
1.340638
-0.055563
-0.018943
0.003979
0.017594
0.026141
0.033426
0.042629
0.056152
0.075561
0.101583
0.134159
0.172529
0.215334
0.260717
0.306424
0.349902
0.388391
0.419054
0.439129
0.446120
0.438039
0.413670
0.372834
0.316634
0.247608
0.169783
0.088572
0.010515
-0.057145
-0.107013
-0.132182
-0.126892
-0.087132
-0.011113
0.100443
0.244241
0.414606
0.603896
0.803089
1.002500
1.192492
1.364159
1.328292
1.302951
1.348570
1.462417
1.642945
1.692045
1.607213
1.481851
-0.226269
-0.195360
-0.173144
-0.155242
-0.137655
-0.116993
-0.090632
-0.056808
-0.014631
0.035944
0.094177
0.158641
0.227298
0.297594
0.366537
0.430787
0.486775
0.530850
0.559482
0.569519
0.558479
0.524883
0.468541
0.390823
0.294785
0.185188
0.068331
-0.048279
-0.156418
-0.247751
-0.314494
-0.350074
-0.349699
-0.310778
-0.233150
-0.119073
0.026996
0.198820
0.388939
0.589269
0.791707
0.988615
1.173158
1.339445
1.482505
1.598081
1.682364
1.731720
1.742485
1.710912
-0.419534
-0.389850
-0.363726
-0.337012
-0.306126
-0.268232
-0.221355
-0.164413
-0.097218
-0.020419
0.064555
0.155580
0.249896
0.344184
0.434642
0.517088
0.587105
0.640244
0.672283
0.679557
0.659305
0.610041
0.531863
0.426696
0.298386
0.152638
-0.003219
-0.160650
-0.310465
-0.443460
-0.551087
-0.626077
-0.662954
-0.658376
-0.611270
-0.522782
-0.395998
-0.235562
-0.047183
0.162837
0.388019
0.621989
0.858587
1.091820
1.315668
1.523828
1.709450
1.865015
1.982346
2.052891
-0.628504
-0.595433
-0.560937
-0.521277
-0.473424
-0.415186
-0.345280
-0.263333
-0.169860
-0.066213
0.045468
0.162324
0.280815
0.396800
0.505616
0.602218
0.681374
0.737933
0.767154
0.765095
0.729012
0.443991
0.226252
0.093053
0.049264
0.066028
-0.129818
-0.327701
-0.517563
-0.689485
-0.834328
-0.944292
-1.013340
-1.037442
-1.014621
-0.944825
-0.829654
-0.672004
-0.475690
-0.245137
0.014812
0.298939
0.601518
0.916059
1.234974
1.549281
1.848409
2.120260
2.351534
2.144478
-0.846048
-0.805218
-0.758368
-0.702302
-0.634627
-0.553848
-0.459387
-0.351583
-0.231660
-0.101688
0.035456
0.176125
0.315956
0.449941
0.572550
0.677923
0.760127
0.813493
0.833026
0.612205
0.295167
0.053589
-0.110490
-0.193074
-0.188375
-0.088734
-0.311984
-0.547263
-0.772818
-0.978227
-1.153971
-1.291904
-1.385560
-1.430278
-1.423161
-1.362898
-1.249487
-1.083964
-0.868164
-0.604625
-0.296637
0.051520
0.434200
0.843926
1.270949
1.702933
2.124909
2.070862
1.460801
0.938056
-1.065329
-1.012930
-0.950484
-0.875424
-0.786042
-0.681549
-0.562078
-0.428675
-0.283280
-0.128704
0.031398
0.192556
0.349548
0.496509
0.627102
0.734772
0.813087
0.856142
0.519769
0.189499
-0.070084
-0.257814
-0.370538
-0.403334
-0.349473
-0.278375
-0.546935
-0.814068
-1.068577
-1.299785
-1.498019
-1.654959
-1.763812
-1.819320
-1.817634
-1.756099
-1.633022
-1.447502
-1.199382
-0.889385
-0.519449
-0.093246
0.383191
0.900814
1.447045
2.005520
1.392053
0.831200
0.356131
-0.052507
-1.280285
-1.213305
-1.132944
-1.037306
-0.925383
-0.797090
-0.653260
-0.495651
-0.326935
-0.150689
0.028621
0.205684
0.374438
0.528224
0.660030
0.762824
0.829956
0.460196
0.119797
-0.153372
-0.359009
-0.494780
-0.556574
-0.538519
-0.432744
-0.532249
-0.828766
-1.120153
-1.395040
-1.642748
-1.853655
-2.019403
-2.132927
-2.188363
-2.180844
-2.106286
-1.961230
-1.742815
-1.448948
-1.078718
-0.633026
-0.115384
0.467209
1.103474
1.433370
0.782670
0.255761
-0.181672
-0.552524
-0.871495
-1.485990
-1.402369
-1.302797
-1.186061
-1.051846
-0.900757
-0.734326
-0.555030
-0.366289
-0.172470
0.021143
0.208425
0.382544
0.536192
0.661902
0.752446
0.430203
0.081489
-0.202195
-0.421443
-0.574715
-0.658663
-0.668196
-0.596299
-0.518106
-0.832558
-1.148919
-1.455492
-1.741017
-1.995043
-2.208155
-2.372030
-2.479335
-2.523535
-2.498654
-2.399095
-2.219583
-1.955336
-1.602481
-1.158755
-0.624449
-0.003483
0.695516
0.905642
0.257280
-0.254353
-0.668328
-1.011340
-1.301229
-1.549417
