pygeostat_saved_data
1
0
-2.059927
-1.787177
-1.509951
-1.236407
-0.973597
-0.726092
-0.555078
-0.524844
-0.387358
-0.139727
0.215709
0.485262
0.615683
0.683687
0.667731
0.557795
0.363431
0.116783
-0.131991
-0.326932
-0.422988
-0.401676
-0.279548
-0.105366
0.053965
0.133931
0.091790
-0.082222
-0.364820
-0.708406
-1.052614
-1.333052
-1.485588
-1.450028
-1.179788
-0.661134
0.063303
0.881581
1.626524
2.121533
2.242543
1.965675
1.374159
0.620540
-0.134353
-0.773827
-1.247310
-1.560920
-1.751116
-1.859065
-1.981982
-1.720661
-1.459216
-1.203889
-0.958542
-0.723570
-0.495815
-0.270018
-0.041966
0.187297
0.407699
0.598812
0.732651
0.781029
0.725851
0.568955
0.337301
0.080267
-0.141701
-0.274415
-0.287731
-0.187224
-0.014626
0.164009
0.278593
0.276287
0.136011
-0.128168
-0.473757
-0.841251
-1.163966
-1.373338
-1.402179
-1.192572
-0.713801
0.011998
0.889672
1.754921
2.412980
2.702778
2.557411
2.028521
1.260743
0.431094
-0.313763
-0.893451
-1.294249
-1.545276
-1.689630
-1.764583
-1.938895
-1.692623
-1.448376
-1.209458
-0.975725
-0.743247
-0.505564
-0.256812
0.003725
0.267119
0.512479
0.708890
0.822420
0.827019
0.715910
0.509031
0.252558
0.009068
-0.159675
-0.212049
-0.141157
0.021184
0.213274
0.362472
0.407343
0.314928
0.087648
-0.240639
-0.614935
-0.969495
-1.234121
-1.337447
-1.213042
-0.814901
-0.142874
0.732142
1.661843
2.448365
2.833841
2.921137
2.509127
1.789334
0.939900
0.128537
-0.535892
-1.015845
-1.327356
-1.510706
-1.606520
-1.644651
-1.925730
-1.694840
-1.465437
-1.237171
-1.005713
-0.763671
-0.503535
-0.222383
0.072974
0.362639
0.614414
0.790059
0.856280
0.797348
0.624668
0.378835
0.121867
-0.079123
-0.172051
-0.136888
0.006822
0.205235
0.386749
0.483837
0.452196
0.280942
-0.007988
-0.368067
-0.738175
-1.049658
-1.229912
-1.207166
-0.923092
-0.356139
0.451061
1.376760
2.235537
2.828984
3.014424
2.758277
2.145097
1.337720
0.511579
-0.202255
-0.741865
-1.105776
-1.326346
-1.443769
-1.491130
-1.491039
-1.931960
-1.713668
-1.493722
-1.267912
-1.028376
-0.766172
-0.475934
-0.161486
0.159753
0.456206
0.687197
0.813500
0.810686
0.680599
0.456061
0.195689
-0.030794
-0.162654
-0.166958
-0.049358
0.147335
0.356452
0.507769
0.547393
0.450615
0.224785
-0.095975
-0.459341
-0.801805
-1.052633
-1.137838
-0.990188
-0.569430
0.110612
0.961335
1.822939
2.502399
2.836490
2.751603
2.288925
1.581503
0.797173
0.078718
-0.491129
-0.891448
-1.142342
-1.279358
-1.335963
-1.337188
-1.300675
-1.942809
-1.732345
-1.515199
-1.283688
-1.027883
-0.739968
-0.420123
-0.081871
0.245844
0.522128
0.703670
0.758207
0.677539
0.484857
0.232550
-0.010140
-0.176316
-0.221260
-0.135998
0.050277
0.279679
0.483341
0.600771
0.594337
0.455281
0.201827
-0.126876
-0.476673
-0.782189
-0.970324
-0.968268
-0.720551
-0.214173
0.497804
1.290215
1.990138
2.429484
2.504683
2.213530
1.649638
0.958903
0.283037
-0.281662
-0.696117
-0.965568
-1.117131
-1.181459
-1.184007
-1.143964
-1.076227
-1.942044
-1.734629
-1.514761
-1.272196
-0.996941
-0.685138
-0.345197
-0.001431
0.307485
0.536437
0.646796
0.620434
0.469504
0.237491
-0.010120
-0.203310
-0.287519
-0.239356
-0.072646
0.166970
0.416341
0.612420
0.707147
0.675754
0.518186
0.256288
-0.069812
-0.404314
-0.678462
-0.817113
-0.753116
-0.449943
0.074012
0.732602
1.383856
1.869733
2.070155
1.945781
1.547441
0.988476
0.396935
-0.126892
-0.530104
-0.802878
-0.961297
-1.030256
-1.033425
-0.990271
-0.916553
-0.825252
-1.915849
-1.708976
-1.484258
-1.230091
-0.938511
-0.611890
-0.268079
0.058972
0.324967
0.486939
0.517584
0.417155
0.217857
-0.021917
-0.232463
-0.352056
-0.344062
-0.206164
0.030972
0.314113
0.582390
0.781312
0.872155
0.836004
0.674327
0.408569
0.080006
-0.251289
-0.511477
-0.625279
-0.536348
-0.231200
0.243619
0.783338
1.251814
1.526349
1.540895
1.306260
0.897906
0.420186
-0.032577
-0.400140
-0.659817
-0.815788
-0.885050
-0.887466
-0.841405
-0.762765
-0.664868
-0.558432
-1.856870
-1.651988
-1.424779
-1.163482
-0.863897
-0.535872
-0.206231
0.084384
0.291185
0.379124
0.336337
0.181825
-0.036334
-0.252481
-0.401024
-0.434171
-0.333763
-0.113774
0.186071
0.511933
0.807977
1.025533
1.128594
1.097141
0.930252
0.649495
0.300895
-0.047734
-0.317078
-0.434935
-0.359614
-0.099925
0.278854
0.670302
0.961081
1.070442
0.976457
0.716816
0.366210
0.004526
-0.307888
-0.539525
-0.683594
-0.748262
-0.748095
-0.699142
-0.616694
-0.514044
-0.401753
-0.288082
-1.767020
-1.569678
-1.345942
-1.084966
-0.787507
-0.471108
-0.169894
0.072448
0.215241
0.235082
0.136460
-0.045788
-0.253893
-0.422222
-0.494746
-0.438846
-0.251273
0.044300
0.405406
0.780338
1.116022
1.363543
1.483015
1.449597
1.260824
0.942795
0.551254
0.164140
-0.135237
-0.281259
-0.248207
-0.062304
0.203892
0.455336
0.607912
0.616605
0.485793
0.258937
-0.004174
-0.249672
-0.442165
-0.566287
-0.621726
-0.617059
-0.565140
-0.480026
-0.374643
-0.259218
-0.141309
-0.028043
-1.657712
-1.475599
-1.261995
-1.008026
-0.720266
-0.423606
-0.157464
0.034632
0.119199
0.085774
-0.046437
-0.231302
-0.407338
-0.513953
-0.506486
-0.365182
-0.096427
0.271915
0.697316
1.128462
1.509676
1.785726
1.909402
1.852154
1.615025
1.234861
0.781199
0.342142
0.001878
-0.183547
-0.203431
-0.095053
0.070719
0.215809
0.282120
0.247873
0.127472
-0.041823
-0.217485
-0.365064
-0.463864
-0.506507
-0.495741
-0.440853
-0.354252
-0.248252
-0.132621
-0.014094
0.101460
0.204932
-1.546834
-1.386057
-1.185940
-0.941018
-0.664641
-0.388747
-0.156404
-0.008757
0.029408
-0.039847
-0.185383
-0.354203
-0.485431
-0.525727
-0.440743
-0.219756
0.125736
0.566196
1.057852
1.545266
1.964753
2.251656
2.352755
2.241299
1.929047
1.469095
0.946165
0.455846
0.078914
-0.140491
-0.204832
-0.157370
-0.062979
0.016282
0.040641
0.000201
-0.089819
-0.200929
-0.303519
-0.374960
-0.402895
-0.385112
-0.327472
-0.240621
-0.136144
-0.023306
0.092041
0.205461
0.309543
0.389543
-1.453075
-1.313983
-1.124093
-0.883541
-0.613843
-0.353975
-0.149449
-0.037506
-0.033540
-0.123964
-0.268408
-0.410371
-0.492000
-0.467346
-0.310081
-0.015167
0.402993
0.912523
1.464805
1.995656
2.430665
2.456882
2.114236
2.029857
2.142972
1.600858
1.018677
0.494307
0.100138
-0.133587
-0.221004
-0.208636
-0.154820
-0.109255
-0.100081
-0.131443
-0.189481
-0.251992
-0.297362
-0.310560
-0.285748
-0.225916
-0.140117
-0.039255
0.067861
0.176244
0.282994
0.382715
0.462539
0.500130
-1.389512
-1.263979
-1.073606
-0.827118
-0.555813
-0.305613
-0.123107
-0.039999
-0.061577
-0.163588
-0.298603
-0.408989
-0.441092
-0.355637
-0.132300
0.229982
0.713635
1.281775
1.877173
2.424593
2.422450
1.988021
1.799428
1.859992
2.214347
1.608849
0.994720
0.467182
0.085110
-0.136838
-0.223476
-0.223253
-0.188467
-0.159041
-0.154482
-0.174464
-0.205328
-0.228653
-0.228837
-0.197912
-0.136837
-0.053454
0.041817
0.140489
0.238340
0.334030
0.424394
0.498937
0.536991
0.510309
-1.359041
-1.230797
-1.024308
-0.760050
-0.480145
-0.236404
-0.074145
-0.017258
-0.059936
-0.168060
-0.289183
-0.366527
-0.351422
-0.210661
0.071094
0.490919
1.026269
1.632372
2.241496
2.604933
2.064755
1.780679
1.732175
1.939216
2.138255
1.499529
0.892807
0.399094
0.059355
-0.128079
-0.197166
-0.196498
-0.171533
-0.152480
-0.150274
-0.159704
-0.166792
-0.157025
-0.121704
-0.060679
0.018895
0.106791
0.194636
0.278804
0.359437
0.435733
0.499949
0.533739
0.509866
0.400032
-1.353635
-1.202057
-0.964077
-0.674068
-0.384353
-0.149809
-0.010884
0.019071
-0.042365
-0.152647
-0.256797
-0.300976
-0.242304
-0.053454
0.276000
0.738107
1.303345
1.917571
2.503619
2.343863
1.953037
1.805478
1.898357
2.269571
1.928743
1.303399
0.746282
0.319644
0.044145
-0.096920
-0.143398
-0.140608
-0.124674
-0.114779
-0.113106
-0.110504
-0.094626
-0.057169
0.002266
0.076669
0.155670
0.230754
0.298679
0.360910
0.419016
0.468266
0.493180
0.468277
0.365135
0.164053
-1.357800
-1.163947
-0.885060
-0.569294
-0.276123
-0.058873
0.051116
0.053185
-0.023924
-0.131876
-0.216254
-0.228253
-0.131483
0.095495
0.457780
0.941216
1.508238
2.096097
2.622199
2.327299
2.070953
2.060688
2.311801
2.217371
1.631847
1.064630
0.591839
0.253107
0.049547
-0.046522
-0.075552
-0.095972
-0.069011
-0.065375
-0.059436
-0.041492
-0.004402
0.051801
0.119775
0.188684
0.249620
0.299471
0.340820
0.377496
0.407902
0.419813
0.390148
0.291117
0.101350
-0.181387
-1.354565
-1.107080
-0.787551
-0.454858
-0.170341
0.019661
0.096427
0.072360
-0.015078
-0.115484
-0.178155
-0.160885
-0.034005
0.218100
0.594780
1.075033
1.613719
2.142517
2.579422
2.551760
2.429412
2.572653
2.327472
1.829251
1.302293
0.827725
0.458456
0.211566
0.072966
0.010486
-0.105948
-0.059640
-0.017917
-0.014086
0.002157
0.036418
0.087790
0.148247
0.206238
0.252238
0.283028
0.302047
0.315189
0.323952
0.319595
0.281929
0.184464
0.004826
-0.262753
-0.596394
-1.331174
-1.029621
-0.679498
-0.344803
-0.082477
0.072770
0.116228
0.071412
-0.019449
-0.107781
-0.148918
-0.107790
0.038935
0.301265
0.672597
1.125321
1.608777
2.053757
2.385453
2.542361
2.494670
2.254513
1.873241
1.426174
0.990663
0.625754
0.360461
0.193553
0.102885
-0.092458
-0.071379
0.026770
0.024391
0.035788
0.065023
0.110132
0.162215
0.208852
0.239751
0.251378
0.247761
0.236586
0.222273
0.199600
0.151574
0.053542
-0.117235
-0.369540
-0.687160
-1.020813
-1.281893
-0.936307
-0.572059
-0.251560
-0.021882
0.096248
0.110881
0.052840
-0.035149
-0.109241
-0.131677
-0.073993
0.081520
0.339473
0.687410
1.092299
1.501282
1.849598
2.075371
2.136919
2.025900
1.770485
1.426693
1.061071
0.731575
0.473745
0.296551
0.187810
-0.064731
-0.069027
0.065616
0.054448
0.058678
0.081110
0.118774
0.161879
0.197109
0.213341
0.206583
0.181200
0.146352
0.109089
0.067560
0.008069
-0.091844
-0.254746
-0.491859
-0.792241
-1.114701
-1.382118
-1.207048
-0.834250
-0.473770
-0.180476
0.011591
0.095241
0.087967
0.023625
-0.057798
-0.118370
-0.126719
-0.059957
0.094551
0.336069
0.646767
0.990271
1.315543
1.567191
1.699943
1.692126
1.552534
1.317399
1.038390
0.766499
0.538171
0.368689
0.254176
-0.030864
-0.057868
0.095513
0.074440
0.070054
0.084392
0.113723
0.147503
0.171618
0.174152
0.150589
0.105434
0.048987
-0.009446
-0.068653
-0.139159
-0.241076
-0.396398
-0.618241
-0.900400
-1.209435
-1.479184
-1.605650
-1.109475
-0.728167
-0.386551
-0.128205
0.026233
0.080514
0.057639
-0.008800
-0.082986
-0.132513
-0.131256
-0.061149
0.085393
0.302243
0.567249
0.843496
1.085802
1.251695
1.313427
1.266277
1.129447
0.938924
0.735203
0.550992
0.403716
0.295113
0.003309
-0.042104
0.113817
0.082928
0.069268
0.074695
0.095086
0.119423
0.132988
0.123219
0.085102
0.023148
-0.051496
-0.127697
-0.201619
-0.280931
-0.383476
-0.530444
-0.736376
-0.999210
-1.292689
-1.561220
-1.715276
-1.625203
-0.990898
-0.617814
-0.305637
-0.085526
0.033551
0.062981
0.028180
-0.039077
-0.106969
-0.147570
-0.139229
-0.068739
0.066008
0.253742
0.469778
0.679869
0.848008
0.946121
0.962090
0.902716
0.790198
0.653621
0.519080
0.402638
0.308671
0.034979
-0.024216
0.118821
0.078981
0.055989
0.052068
0.063153
0.078083
0.081842
0.061444
0.011500
-0.063518
-0.151858
-0.240978
-0.324947
-0.409058
-0.509171
-0.645655
-0.834102
-1.075988
-1.351533
-1.615026
-1.790869
-1.768107
-1.393053
-0.850530
-0.499030
-0.223251
-0.042752
0.042702
0.049505
0.003960
-0.064043
-0.125898
-0.157569
-0.142072
-0.071812
0.049493
0.206436
0.374310
0.524611
0.632414
0.683178
0.676251
0.623551
0.543992
0.456167
0.372555
0.297619
0.064630
-0.004553
0.110149
0.062518
0.030450
0.016978
0.018506
0.024125
0.018866
-0.010389
-0.069200
-0.153086
-0.249848
-0.345918
-0.433816
-0.517062
-0.610008
-0.732367
-0.900573
-1.119044
-1.373653
-1.627690
-1.818616
-1.853390
-1.601632
-0.889267
-0.686706
-0.367633
-0.133812
0.005290
0.057148
0.041829
-0.013746
-0.081182
-0.134861
-0.155135
-0.130767
-0.060574
0.046324
0.172363
0.295684
0.395765
0.458789
0.480768
0.467183
0.429311
0.379013
0.324410
0.268391
0.095743
0.018787
0.089059
0.034635
-0.006232
-0.029440
-0.037754
-0.041448
-0.055070
-0.091527
-0.156294
-0.244750
-0.344315
-0.440694
-0.525382
-0.600788
-0.680366
-0.783537
-0.927499
-1.119069
-1.348875
-1.588130
-1.786261
-1.867059
-1.722394
-1.205555
-0.129863
-0.500455
-0.223849
-0.037795
0.057188
0.074845
0.038512
-0.024318
-0.087026
-0.127930
-0.133222
-0.098597
-0.029288
0.061783
0.157614
0.241707
0.302293
0.334758
0.341398
0.328721
0.303627
0.270323
0.229489
0.134055
0.049781
0.058593
-0.002057
-0.051666
-0.084979
-0.103662
-0.116983
-0.138669
-0.181058
-0.249243
-0.338274
-0.435168
-0.525102
-0.598998
-0.658809
-0.717798
-0.795603
-0.910264
-1.070520
-1.270777
-1.488911
-1.685007
-1.798420
-1.741996
-1.395112
-0.600496
0.827990
-0.298773
-0.074735
0.057711
0.106525
0.091301
0.038182
-0.025640
-0.076838
-0.099575
-0.087438
-0.043387
0.022266
0.095422
0.162373
0.213366
0.244419
0.256847
0.254868
0.242489
0.221223
0.189779
0.145893
0.089228
0.023581
-0.043154
-0.101727
-0.145844
-0.175872
-0.199702
-0.229819
-0.277585
-0.347394
-0.433751
-0.523182
-0.600433
-0.656200
-0.692567
-0.723343
-0.769020
-0.848717
-0.972704
-1.138123
-1.328047
-1.511635
-1.642350
-1.652668
-1.446698
-0.895268
0.159939
0.602272
-0.095519
0.066781
0.141876
0.145894
0.103467
0.042067
-0.013579
-0.045864
-0.046745
-0.017824
0.031818
0.089354
0.142418
0.182481
0.206344
0.215443
0.213431
0.203282
0.185307
0.157076
0.115310
0.058760
-0.009570
-0.082294
-0.150127
-0.206033
-0.248967
-0.285040
-0.324980
-0.378699
-0.449526
-0.531191
-0.609605
-0.669109
-0.700393
-0.706154
-0.701446
-0.708339
-0.747437
-0.830289
-0.955718
-1.110298
-1.270329
-1.401604
-1.454783
-1.357452
-1.007316
-0.272905
0.992314
0.037321
0.090897
0.185843
0.204843
0.171135
0.112345
0.054456
0.016723
0.008652
0.029595
0.070915
0.119930
0.164355
0.195820
0.211413
0.212914
0.204347
0.189016
0.167462
0.137237
0.094587
0.037211
-0.033383
-0.111320
-0.188217
-0.256837
-0.314744
-0.365828
-0.418389
-0.480246
-0.553193
-0.629911
-0.695578
-0.734103
-0.736280
-0.705762
-0.659455
-0.621764
-0.615366
-0.653053
-0.734374
-0.847537
-0.973620
-1.088468
-1.159162
-1.135549
-0.941306
-0.471073
0.400334
1.310464
-0.263623
0.242257
0.270806
0.242031
0.183765
0.123188
0.081181
0.068700
0.085948
0.124397
0.170852
0.212183
0.239196
0.248464
0.241800
0.223855
0.199102
0.169491
0.133754
0.088531
0.030702
-0.040232
-0.120983
-0.205321
-0.286753
-0.361741
-0.431547
-0.501181
-0.575439
-0.653876
-0.727746
-0.781347
-0.798122
-0.769009
-0.698798
-0.606714
-0.520229
-0.464833
-0.454848
-0.489853
-0.557832
-0.641894
-0.725000
-0.788239
-0.802233
-0.715941
-0.449895
0.099502
1.041381
0.968417
-0.373502
0.345795
0.317319
0.256151
0.190723
0.143578
0.127201
0.142712
0.181637
0.229971
0.273164
0.300393
0.306908
0.293923
0.266537
0.230743
0.190779
0.147736
0.099751
0.043494
-0.023761
-0.102411
-0.190003
-0.282313
-0.375519
-0.468086
-0.560759
-0.654012
-0.744069
-0.820107
-0.865311
-0.862622
-0.803114
-0.692757
-0.553359
-0.416085
-0.310107
-0.251916
-0.240907
-0.263267
-0.301232
-0.341280
-0.375185
-0.392093
-0.365335
-0.241509
0.060522
0.636498
1.570624
0.866586
-0.323945
0.397931
0.329829
0.256405
0.201973
0.180677
0.194718
0.235782
0.289003
0.338096
0.370051
0.378036
0.361941
0.326818
0.280173
0.229090
0.178118
0.128202
0.076846
0.019318
-0.049379
-0.132476
-0.230250
-0.340256
-0.458606
-0.580948
-0.701846
-0.812567
-0.899106
-0.943049
-0.926726
-0.841314
-0.693892
-0.508888
-0.321577
-0.165680
-0.060868
-0.006771
0.013155
0.020193
0.028350
0.039491
0.049380
0.062076
0.104909
0.235179
0.532870
1.079442
1.928418
0.970892
-0.115809
0.405173
0.320166
0.255565
0.227359
0.239044
0.282676
0.342619
0.400751
0.441486
0.455279
0.439930
0.399781
0.343503
0.281293
0.222066
0.171059
0.128130
0.087438
0.038994
-0.027984
-0.121108
-0.242046
-0.386090
-0.543604
-0.701650
-0.844440
-0.953049
-1.006505
-0.986206
-0.883323
-0.705866
-0.480674
-0.247238
-0.044551
0.103303
0.195340
0.250816
0.296413
0.350490
0.413585
0.471174
0.507908
0.525981
0.557636
0.664250
0.920439
1.387980
2.088488
1.286128
0.276634
0.382156
0.304148
0.266459
0.274138
0.319871
0.387463
0.456974
0.510009
0.533795
0.523295
0.481331
0.417136
0.343892
0.275547
0.223065
0.190642
0.173065
0.155929
0.119645
0.046264
-0.073731
-0.237802
-0.432133
-0.635322
-0.822277
-0.966805
-1.043750
-1.032814
-0.924861
-0.728509
-0.472546
-0.200383
0.043349
0.228912
0.352280
0.434295
0.507657
0.598116
0.710003
0.824388
0.911436
0.950798
0.949472
0.947614
1.008589
1.196628
1.550615
2.063732
1.851807
0.907396
0.347802
0.297711
0.299201
0.345901
0.421315
0.503827
0.572132
0.609815
0.608304
0.567999
0.497832
0.413452
0.334026
0.277466
0.254457
0.262992
0.286150
0.295585
0.260662
0.159828
-0.011016
-0.236833
-0.488239
-0.729169
-0.923545
-1.039724
-1.054309
-0.957160
-0.756942
-0.483638
-0.183819
0.092429
0.308791
0.456234
0.555051
0.643048
0.754894
0.903040
1.070404
1.219041
1.310680
1.328719
1.290619
1.244500
1.251292
1.360054
1.586397
1.902026
2.238813
1.868640
0.321132
0.313851
0.359808
0.442537
0.538968
0.624900
0.679995
0.691515
0.656520
0.582555
0.486797
0.393243
0.327372
0.308340
0.340416
0.407432
0.474229
0.496794
0.437931
0.281584
0.039063
-0.254984
-0.553405
-0.808122
-0.978365
-1.035569
-0.967302
-0.781340
-0.507751
-0.194977
0.102322
0.340974
0.505148
0.611805
0.701442
0.817247
0.982474
1.187475
1.393268
1.550058
1.621526
1.602915
1.524398
1.438549
1.398002
1.433133
1.538581
1.673050
1.771518
1.764825
0.317936
0.360909
0.449758
0.560261
0.665457
0.740943
0.769316
0.743407
0.668186
0.561043
0.449769
0.367230
0.342296
0.388535
0.494726
0.622890
0.717442
0.723867
0.609195
0.374668
0.054976
-0.294043
-0.611792
-0.846164
-0.960995
-0.939675
-0.787621
-0.533443
-0.225618
0.078303
0.328931
0.502493
0.609756
0.690404
0.793779
0.954378
1.173914
1.418984
1.635656
1.773780
1.809184
1.753399
1.647040
1.540796
1.473142
1.454284
1.462083
1.450242
1.364515
1.160514
0.348701
0.441744
0.565612
0.690837
0.788971
0.837612
0.824616
0.751186
0.633400
0.501242
0.393843
0.349960
0.394623
0.525937
0.708592
0.880032
0.969780
0.925005
0.730539
0.413923
0.034347
-0.337215
-0.636641
-0.818105
-0.858612
-0.759251
-0.545131
-0.262376
0.031064
0.281304
0.456556
0.559088
0.623840
0.702395
0.838580
1.046992
1.304862
1.561308
1.759437
1.860550
1.859109
1.782145
1.674489
1.577515
1.511145
1.466151
1.408624
1.293398
1.080395
0.747968
0.417418
0.552985
0.697970
0.820064
0.891751
0.895369
0.827319
0.700809
0.546081
0.406601
0.329909
0.353274
0.487572
0.706151
0.946233
1.126239
1.173951
1.053316
0.777064
0.399937
-0.002012
-0.354595
-0.601669
-0.711991
-0.680115
-0.525237
-0.288242
-0.024251
0.211161
0.379453
0.473206
0.519062
0.566114
0.663648
0.838058
1.079857
1.347041
1.583114
1.741037
1.801758
1.779160
1.710141
1.635495
1.580809
1.545491
1.503496
1.413992
1.236673
0.945624
0.537344
0.520521
0.683821
0.830032
0.926636
0.950182
0.891498
0.759551
0.582844
0.406781
0.285458
0.267491
0.378254
0.604784
0.891721
1.154043
1.304674
1.285796
1.089243
0.756590
0.360921
-0.018598
-0.317290
-0.495057
-0.538118
-0.457269
-0.285009
-0.069866
0.134661
0.285900
0.367067
0.394018
0.408735
0.460898
0.585342
0.785819
1.032781
1.276188
1.467104
1.577770
1.611045
1.595506
1.569460
1.561828
1.578452
1.598972
1.584333
1.490783
1.284459
0.951581
0.501749
0.645642
0.814802
0.937028
0.983109
0.937858
0.804973
0.609471
0.396202
0.222958
0.147311
0.208722
0.410900
0.712614
1.034379
1.282181
1.379974
1.296162
1.051695
0.707426
0.339640
0.016872
-0.213515
-0.328798
-0.329417
-0.236472
-0.087965
0.069094
0.191718
0.255679
0.265151
0.251302
0.258930
0.326447
0.468371
0.668609
0.887702
1.080480
1.215663
1.288259
1.319348
1.343978
1.393262
1.478861
1.586141
1.677946
1.706431
1.627817
1.414750
1.062859
0.590586
0.770793
0.917979
0.988163
0.960073
0.831519
0.622719
0.375820
0.149301
0.006429
-0.001603
0.145924
0.426275
0.773666
1.096827
1.308889
1.356912
1.237142
0.989930
0.679548
0.371142
0.115180
-0.058048
-0.137924
-0.131887
-0.063792
0.030403
0.112022
0.152760
0.145966
0.109849
0.079752
0.092263
0.168473
0.304333
0.472789
0.636601
0.765695
0.850782
0.906960
0.965833
1.060019
1.207047
1.399397
1.604174
1.771745
1.849437
1.795266
1.587644
1.229029
0.743647
0.865316
0.959870
0.951875
0.833068
0.618069
0.344712
0.069591
-0.141827
-0.230182
-0.159866
0.066122
0.401337
0.766359
1.073128
1.253664
1.280079
1.167136
0.958776
0.708329
0.462963
0.256866
0.110514
0.030989
0.011233
0.030462
0.059191
0.069421
0.046192
-0.005562
-0.063128
-0.096709
-0.083650
-0.019173
0.081695
0.191953
0.286437
0.354952
0.408413
0.475008
0.588017
0.770574
1.023703
1.322130
1.618918
1.856670
1.874453
1.760471
1.755785
1.396321
0.902721
0.893856
0.907722
0.803564
0.590104
0.299883
-0.014298
-0.287801
-0.457036
-0.475252
-0.327450
-0.038580
0.330379
0.699622
0.995116
1.169851
1.212441
1.141136
0.989755
0.794722
0.588495
0.398075
0.243977
0.136998
0.074557
0.040812
0.012894
-0.028694
-0.090823
-0.164798
-0.231428
-0.271380
-0.275261
-0.248194
-0.206474
-0.167955
-0.140869
-0.116626
-0.070325
0.030793
0.214286
0.490045
0.843158
1.234425
1.607919
1.804067
1.515453
1.426891
1.525596
1.516862
1.019349
0.823464
0.737804
0.533300
0.236793
-0.103877
-0.427139
-0.668679
-0.774954
-0.716750
-0.498770
-0.160565
0.233508
0.612662
0.918855
1.118479
1.203002
1.181698
1.073473
0.902501
0.697173
0.488258
0.303424
0.159626
0.058016
-0.014579
-0.077733
-0.147187
-0.227834
-0.313296
-0.391583
-0.453087
-0.496232
-0.527676
-0.556924
-0.588098
-0.613122
-0.610037
-0.547914
-0.396857
-0.139428
0.220708
0.655859
1.117846
1.546601
1.596193
1.336799
1.267915
1.379778
1.554554
1.058834
0.632166
0.442961
0.150409
-0.203140
-0.560570
-0.859486
-1.043551
-1.074011
-0.938977
-0.657192
-0.273835
0.151080
0.557394
0.896517
1.136363
1.260519
1.265907
1.113112
0.973786
0.736122
0.490867
0.273734
0.104575
-0.016455
-0.104534
-0.180402
-0.260531
-0.351826
-0.452337
-0.556104
-0.658474
-0.758617
-0.857872
-0.954926
-1.040551
-1.095039
-1.090291
-0.996510
-0.791420
-0.468812
-0.043592
0.448217
0.954339
1.414565
1.558783
1.316769
1.261546
1.385486
1.487752
1.001309
0.316074
0.036405
-0.317056
-0.692327
-1.030626
-1.275928
-1.384400
-1.332367
-1.121027
-0.776220
-0.342732
0.124872
0.571503
0.948071
1.215296
0.883670
0.660002
0.760459
0.954512
0.672296
0.397107
0.167160
-0.001897
-0.117012
-0.199736
-0.274971
-0.361802
-0.469485
-0.598576
-0.744770
-0.902467
-1.066000
-1.228135
-1.377133
-1.494477
-1.555223
-1.531752
-1.400197
-1.147591
-0.777482
-0.312317
0.208053
0.731323
1.200023
1.559764
1.445389
1.398578
1.534479
1.309375
0.840861
-0.107875
-0.450059
-0.828056
-1.187588
-1.475029
-1.645050
-1.666941
-1.528989
-1.240226
-0.829096
-0.339416
0.175022
0.656164
1.047793
0.575886
0.331113
0.378118
0.743737
0.817044
0.504676
0.226867
0.015105
-0.126660
-0.216888
-0.285192
-0.360495
-0.462967
-0.601314
-0.774359
-0.974541
-1.190989
-1.410879
-1.619044
-1.796926
-1.922296
-1.970872
-1.920035
-1.753821
-1.467792
-1.072351
-0.593602
-0.071467
0.444620
0.901762
1.250514
1.451589
1.481272
1.334541
1.025264
0.583446
-0.604895
-0.972881
-1.337380
-1.648354
-1.861481
-1.942962
-1.872909
-1.647606
-1.280664
-0.802986
-0.261318
0.285047
0.770435
0.381540
0.114847
0.119642
0.414560
0.895427
0.569786
0.261878
0.017528
-0.147254
-0.244751
-0.305528
-0.365252
-0.453504
-0.587520
-0.771136
-0.997325
-1.252130
-1.518109
-1.776357
-2.007141
-2.189943
-2.303913
-2.329437
-2.250849
-2.059741
-1.757988
-1.359643
-0.891215
-0.390055
0.099045
0.528751
0.854990
1.042823
1.071319
0.936467
0.651442
0.244145
-1.130137
-1.486282
-1.804601
-2.043299
-2.168336
-2.155701
-1.993281
-1.682981
-1.243131
-0.710301
-0.138913
0.403310
0.310700
0.011371
-0.024287
0.212212
0.756939
0.568433
0.250864
-0.012188
-0.193082
-0.295995
-0.349153
-0.391596
-0.459976
-0.579353
-0.759469
-0.995762
-1.273278
-1.571389
-1.867739
-2.140669
-2.370178
-2.538109
-2.628347
-2.627635
-2.527079
-2.324090
-2.024235
-1.642496
-1.203526
-0.740575
-0.292934
0.098004
0.393673
0.563481
0.589194
0.467600
0.210816
-0.155893
