pygeostat_saved_data
1
0
-1.486376
-1.429214
-1.327300
-1.176959
-0.981059
-0.748909
-0.495233
-0.238275
0.002749
0.210449
0.371889
0.480557
0.537317
0.550099
0.532390
0.500719
0.471565
0.458187
0.467917
0.500379
0.547035
0.592298
0.512704
0.413870
0.431416
0.380713
0.177215
-0.071085
-0.334992
-0.576058
-0.751290
-0.819239
-0.747094
-0.518145
-0.138474
0.358967
0.914991
1.451040
1.882142
2.133471
2.156267
1.938330
1.505886
0.916346
0.244642
-0.432422
-1.049286
-1.559450
-1.937367
-2.175842
-1.620557
-1.554987
-1.432745
-1.253322
-1.023379
-0.756242
-0.470420
-0.187313
0.071638
0.287929
0.448618
0.548148
0.589015
0.581137
0.540018
0.483965
0.430823
0.394679
0.383083
0.395231
0.421582
0.445196
0.444864
0.399689
0.294348
0.123912
-0.102906
-0.362915
-0.620297
-0.830894
-0.948405
-0.931881
-0.753841
-0.408069
0.084475
0.673682
1.284313
1.826793
2.213485
2.376751
2.283708
1.943166
1.402557
0.736086
0.028123
-0.643013
-1.216753
-1.655522
-1.944027
-2.084772
-1.765497
-1.680068
-1.528328
-1.313602
-1.046727
-0.745095
-0.430767
-0.127805
0.140811
0.356264
0.506441
0.587554
0.604478
0.569783
0.501587
0.420522
0.346245
0.293956
0.271409
0.276955
0.299180
0.318550
0.311212
0.254525
0.133258
-0.054960
-0.296414
-0.561204
-0.806493
-0.982553
-1.040728
-0.942373
-0.667703
-0.223250
0.353910
0.997254
1.618734
2.123342
2.346105
2.320155
2.261053
1.808359
1.185862
0.479411
-0.223490
-0.848935
-1.345749
-1.687774
-1.870766
-1.906532
-1.906275
-1.791195
-1.603205
-1.349875
-1.046302
-0.713732
-0.377283
-0.062973
0.205538
0.410034
0.540151
0.594696
0.581664
0.516920
0.421744
0.319537
0.232051
0.175600
0.157730
0.175026
0.212787
0.247193
0.250100
0.195877
0.068836
-0.130656
-0.383175
-0.651313
-0.884811
-1.028757
-1.033479
-0.864716
-0.512621
0.002018
0.626225
1.279680
1.866627
2.282243
2.144639
2.221914
2.082306
1.543415
0.877282
0.174760
-0.480075
-1.022867
-1.414907
-1.642529
-1.712151
-1.643697
-2.029726
-1.877790
-1.649879
-1.357915
-1.021061
-0.663938
-0.314001
0.001658
0.259682
0.443443
0.545228
0.567246
0.521268
0.426988
0.309263
0.194516
0.106604
0.062576
0.068877
0.118900
0.192827
0.260623
0.288262
0.246246
0.118434
-0.091311
-0.356745
-0.632056
-0.859381
-0.979448
-0.943307
-0.723240
-0.321056
0.227898
0.856677
1.475585
1.987493
2.193883
2.160108
2.187266
1.765030
1.178031
0.513272
-0.140393
-0.708104
-1.138708
-1.407385
-1.512654
-1.470272
-1.306569
-2.125616
-1.932840
-1.664728
-1.337380
-0.973552
-0.600532
-0.247214
0.059257
0.296853
0.451505
0.519001
0.505611
0.427395
0.308227
0.176728
0.062318
-0.009403
-0.021472
0.030105
0.133690
0.262320
0.377929
0.439454
0.413332
0.283707
0.059270
-0.225582
-0.515906
-0.746542
-0.855221
-0.795747
-0.548847
-0.128795
0.415692
1.007298
1.552642
1.959837
2.157384
2.109548
1.823719
1.347561
0.757000
0.138937
-0.426027
-0.876437
-1.176156
-1.314093
-1.299541
-1.155669
-0.913237
-2.187382
-1.953265
-1.648009
-1.291437
-0.909207
-0.530376
-0.184260
0.103006
0.263941
0.353516
0.461640
0.413595
0.307776
0.172331
0.039537
-0.058584
-0.095457
-0.055469
0.061187
0.235848
0.432505
0.603749
0.701125
0.687716
0.549466
0.301622
-0.012017
-0.327148
-0.572286
-0.684061
-0.621117
-0.373940
0.031129
0.534684
1.053873
1.497730
1.785428
1.863301
1.716113
1.369354
0.881989
0.332132
-0.199926
-0.646458
-0.961628
-1.124345
-1.135803
-1.013963
-0.787197
-0.488654
-2.212367
-1.939749
-1.603296
-1.225879
-0.835190
-0.461043
-0.132113
0.049129
0.089517
0.234706
0.376803
0.298576
0.173405
0.033482
-0.085725
-0.150371
-0.134104
-0.024270
0.172854
0.429710
0.699880
0.926187
1.053501
1.043241
0.885275
0.603212
0.251057
-0.098073
-0.368100
-0.496816
-0.449544
-0.226969
0.134168
0.567602
0.990306
1.319260
1.488785
1.464299
1.248927
0.881185
0.424681
-0.046807
-0.464507
-0.776138
-0.951744
-0.983879
-0.883777
-0.675630
-0.390771
-0.062768
-2.201498
-1.896046
-1.536477
-1.147875
-0.758991
-0.399367
-0.096008
-0.042081
0.054049
0.255375
0.271676
0.171038
0.037519
-0.093211
-0.183336
-0.198359
-0.113677
0.078611
0.364354
0.705752
1.045528
1.317467
1.461647
1.440360
1.249801
0.923403
0.525376
0.136181
-0.165906
-0.322216
-0.306063
-0.127760
0.168265
0.513316
0.829217
1.045023
1.112014
1.013441
0.766610
0.417031
0.026670
-0.340079
-0.628825
-0.803274
-0.848053
-0.767033
-0.578863
-0.311509
0.002871
0.332146
-2.158538
-1.827926
-1.454483
-1.064585
-0.687055
-0.350166
-0.078369
0.009158
0.161345
0.219787
0.156368
0.043488
-0.085912
-0.193591
-0.240575
-0.193204
-0.030335
0.249458
0.622810
1.041182
1.437164
1.737524
1.880440
1.832110
1.597286
1.219940
0.773450
0.343244
0.006967
-0.182433
-0.206832
-0.084675
0.135270
0.386199
0.598740
0.716224
0.706446
0.567256
0.324906
0.026042
-0.274021
-0.523356
-0.682787
-0.730892
-0.664564
-0.496223
-0.249268
0.046871
0.361179
0.664653
-2.089007
-1.741930
-1.363977
-0.981895
-0.623649
-0.315391
-0.078317
0.074151
0.138436
0.121878
0.042701
-0.071102
-0.183992
-0.256371
-0.249567
-0.132415
0.111079
0.474503
0.924684
1.402963
1.833794
2.140063
2.261630
2.171624
1.884940
1.455740
0.964471
0.498446
0.131747
-0.090079
-0.157253
-0.094190
0.049461
0.212373
0.336373
0.379310
0.323192
0.176122
-0.031968
-0.258099
-0.456841
-0.589858
-0.632343
-0.575534
-0.425761
-0.201171
0.072597
0.366749
0.653170
0.907475
-1.999027
-1.644191
-1.270259
-0.903512
-0.570258
-0.293864
-0.091818
0.026734
0.062632
0.027347
-0.057404
-0.161058
-0.246677
-0.274723
-0.208435
-0.020792
0.297636
0.731852
1.239259
1.752872
2.192147
2.479983
2.442191
2.419692
2.079718
1.604564
1.078752
0.588055
0.200345
-0.047239
-0.152336
-0.142858
-0.066297
0.023916
0.081579
0.077609
0.004799
-0.123044
-0.276779
-0.420371
-0.519678
-0.549445
-0.497240
-0.364190
-0.163134
0.084734
0.353781
0.617712
0.852817
1.040497
-1.894273
-1.539511
-1.176585
-0.830595
-0.525585
-0.281693
-0.112495
-0.022941
-0.008145
-0.053151
-0.133659
-0.217663
-0.268168
-0.247212
-0.121528
0.130316
0.510290
0.994872
1.533461
2.053595
2.473627
2.720596
2.693182
2.550741
2.163067
1.654412
1.109836
0.610263
0.215288
-0.046610
-0.179052
-0.211075
-0.185739
-0.147466
-0.131189
-0.155454
-0.220456
-0.310717
-0.401095
-0.464143
-0.476872
-0.425438
-0.307192
-0.130214
0.088927
0.328390
0.564526
0.775101
0.941982
1.053105
-1.779240
-1.430897
-1.084014
-0.761979
-0.486157
-0.273242
-0.132922
-0.066236
-0.064807
-0.111001
-0.178943
-0.236406
-0.247705
-0.177930
0.001298
0.304808
0.726864
1.236377
1.777069
2.274566
2.650264
2.839110
2.806106
2.556021
2.132713
1.608036
1.063991
0.573841
0.187657
-0.074309
-0.219996
-0.277590
-0.284413
-0.275969
-0.277635
-0.300417
-0.340993
-0.385252
-0.413875
-0.408239
-0.355244
-0.250155
-0.097292
0.091116
0.297279
0.500800
0.681645
0.822841
0.912574
0.945525
-1.656917
-1.319566
-0.991794
-0.694915
-0.447403
-0.262478
-0.146135
-0.095943
-0.100704
-0.140969
-0.190344
-0.217574
-0.189590
-0.075806
0.146230
0.484289
0.925424
1.432709
1.947174
2.396329
2.708447
2.829252
2.735897
2.443443
2.001293
1.480689
0.957391
0.495007
0.133689
-0.113570
-0.257419
-0.323804
-0.343939
-0.345413
-0.346293
-0.352958
-0.361347
-0.360623
-0.337856
-0.282430
-0.189209
-0.059995
0.096648
0.266883
0.433870
0.580358
0.691178
0.755359
0.767602
0.728958
-1.528923
-1.205428
-0.898159
-0.626158
-0.404940
-0.244360
-0.147039
-0.107592
-0.112701
-0.141979
-0.169516
-0.166129
-0.102470
0.046763
0.297535
0.650716
1.087330
1.566913
2.031016
2.412568
2.649729
2.700645
2.554420
2.234398
1.792421
1.295889
0.811885
0.393355
0.070898
-0.148489
-0.276786
-0.336990
-0.354596
-0.350823
-0.338748
-0.322564
-0.299363
-0.262412
-0.204776
-0.122348
-0.015723
0.109297
0.242389
0.370296
0.478885
0.555327
0.590075
0.578362
0.521027
0.424546
-1.395997
-1.087870
-0.801353
-0.553127
-0.355787
-0.216014
-0.133422
-0.100211
-0.101636
-0.117184
-0.122329
-0.090875
0.001972
0.175675
0.439683
0.788715
1.199444
1.630424
2.026747
2.329588
2.488855
2.475431
2.289002
1.958577
1.535360
1.080302
0.650391
0.287809
0.014554
-0.167037
-0.269283
-0.312094
-0.316159
-0.298057
-0.267919
-0.229528
-0.182137
-0.123076
-0.050343
0.035496
0.130374
0.226823
0.314892
0.383657
0.422983
0.425230
0.386674
0.308385
0.196421
0.061269
-1.258698
-0.966627
-0.700583
-0.474865
-0.299223
-0.177392
-0.106352
-0.076410
-0.072037
-0.073312
-0.057837
-0.003094
0.110675
0.296981
0.559226
0.887186
1.255144
1.623121
1.942214
2.163663
2.249723
2.183129
1.971983
1.648140
1.259540
0.858978
0.492890
0.193378
-0.024877
-0.162976
-0.232987
-0.252045
-0.237179
-0.201936
-0.155080
-0.101052
-0.041491
0.022868
0.090530
0.158174
0.220365
0.269953
0.299053
0.300335
0.268407
0.201027
0.099945
-0.028825
-0.175368
-0.326895
-1.118098
-0.842515
-0.596704
-0.392564
-0.237094
-0.131303
-0.069901
-0.041783
-0.031209
-0.019458
0.013173
0.085115
0.210952
0.398552
0.646156
0.940090
1.254194
1.552025
1.792334
1.937136
1.960473
1.855154
1.635143
1.332544
0.990123
0.651745
0.353693
0.119183
-0.043035
-0.136502
-0.172788
-0.166825
-0.133108
-0.083448
-0.026265
0.032943
0.090494
0.143300
0.187924
0.220105
0.234814
0.226787
0.191372
0.125542
0.028838
-0.095928
-0.242390
-0.400880
-0.559253
-0.704213
-0.976277
-0.717823
-0.492421
-0.309538
-0.173501
-0.082808
-0.030240
-0.003734
0.012161
0.034482
0.079869
0.162521
0.292056
0.471362
0.694672
0.946427
1.201743
1.342384
1.558200
1.674304
1.648856
1.520121
1.305382
1.034916
0.745205
0.471250
0.240190
0.067804
-0.041773
-0.093775
-0.099271
-0.071606
-0.023683
0.033550
0.091558
0.143900
0.185578
0.212361
0.220363
0.205902
0.165721
0.097481
0.000389
-0.124137
-0.271975
-0.436071
-0.606662
-0.771953
-0.919259
-1.036474
-0.836460
-0.596243
-0.391970
-0.230625
-0.113934
-0.038099
0.005683
0.030006
0.049597
0.079451
0.132975
0.220243
0.346406
0.510279
0.703357
0.909645
1.083207
1.212079
1.372370
1.397959
1.338751
1.200704
1.002222
0.770308
0.534824
0.322600
0.152989
0.035820
-0.028225
-0.045547
-0.026807
0.015718
0.070083
0.125794
0.174182
0.208347
0.222871
0.213563
0.177311
0.112147
0.017452
-0.105705
-0.254183
-0.422490
-0.602696
-0.784657
-0.956623
-1.106240
-1.221852
-1.293966
-0.702733
-0.482334
-0.300325
-0.161151
-0.064031
-0.003114
0.031622
0.052896
0.074334
0.108659
0.166055
0.252817
0.370319
0.514347
0.674890
0.836696
0.980862
1.087587
1.139828
1.127081
1.048200
0.912271
0.737111
0.545677
0.361477
0.204260
0.087074
0.015208
-0.013156
-0.005173
0.028829
0.077329
0.129064
0.173950
0.203510
0.211025
0.191544
0.141852
0.060504
-0.052130
-0.193699
-0.359747
-0.543618
-0.736500
-0.927722
-1.105337
-1.257036
-1.371329
-1.438901
-1.453942
-0.579385
-0.380627
-0.222099
-0.105683
-0.028240
0.017833
0.043387
0.060858
0.082474
0.118587
0.176331
0.258732
0.364222
0.486592
0.615404
0.736983
0.836127
0.898475
0.913255
0.875769
0.788894
0.663001
0.514166
0.361103
0.221653
0.109764
0.033639
-0.004733
-0.008847
0.013745
0.053092
0.098361
0.139001
0.165571
0.170244
0.147124
0.092399
0.004447
-0.116125
-0.266444
-0.441356
-0.633487
-0.833410
-1.029985
-1.210964
-1.363863
-1.477072
-1.541139
-1.550057
-1.502374
-0.470006
-0.294562
-0.160381
-0.066833
-0.008656
0.023131
0.039780
0.053074
0.073621
0.109421
0.164894
0.240417
0.332343
0.433417
0.533604
0.621267
0.684775
0.714372
0.704086
0.653178
0.566726
0.455006
0.331749
0.211663
0.107854
0.029795
-0.017822
-0.035208
-0.026816
-0.000210
0.035231
0.069511
0.093010
0.097282
0.075589
0.023293
-0.061918
-0.179908
-0.328065
-0.501314
-0.692247
-0.891328
-1.087269
-1.267642
-1.419714
-1.531543
-1.593232
-1.598210
-1.544380
-1.434935
-0.376548
-0.225494
-0.115761
-0.044369
-0.004277
0.014436
0.022986
0.032175
0.050872
0.084879
0.136336
0.203663
0.281940
0.363660
0.439727
0.500656
0.537916
0.545313
0.520172
0.464083
0.382902
0.285926
0.184382
0.089504
0.010725
-0.045704
-0.077386
-0.085774
-0.075605
-0.054015
-0.029506
-0.010969
-0.006790
-0.024137
-0.068409
-0.142857
-0.248342
-0.383219
-0.543315
-0.722004
-0.910378
-1.097591
-1.271410
-1.419028
-1.528122
-1.588117
-1.591521
-1.535157
-1.421103
-1.257146
-0.298554
-0.172002
-0.085776
-0.034855
-0.010852
-0.003385
-0.001693
0.003804
0.020228
0.051459
0.097875
0.156610
0.222191
0.287421
0.344407
0.385628
0.404978
0.398700
0.366079
0.309711
0.235244
0.150569
0.064582
-0.014217
-0.079009
-0.125589
-0.152789
-0.162441
-0.158930
-0.148499
-0.138432
-0.136229
-0.148855
-0.182095
-0.240072
-0.324881
-0.436370
-0.571981
-0.726711
-0.893158
-1.061719
-1.221023
-1.358630
-1.462044
-1.519972
-1.523741
-1.468669
-1.355186
-1.189507
-0.983679
-0.232783
-0.129668
-0.064918
-0.031886
-0.021342
-0.022930
-0.026681
-0.024375
-0.010500
0.017267
0.058092
0.108450
0.162862
0.214785
0.257532
0.285148
0.293171
0.279248
0.243503
0.188600
0.119420
0.042373
-0.035523
-0.107692
-0.168896
-0.215923
-0.247896
-0.266264
-0.274480
-0.277476
-0.281031
-0.291115
-0.313276
-0.352122
-0.410893
-0.491126
-0.592369
-0.711968
-0.844892
-0.983720
-1.118819
-1.238858
-1.331674
-1.385495
-1.390415
-1.339934
-1.232333
-1.071622
-0.867879
-0.636833
-0.173294
-0.091427
-0.045225
-0.026921
-0.026968
-0.035448
-0.043424
-0.044018
-0.033081
-0.009401
0.025520
0.068011
0.112959
0.154584
0.187209
0.205921
0.207132
0.189010
0.151715
0.097406
0.030000
-0.045342
-0.122899
-0.197156
-0.263519
-0.318843
-0.361746
-0.392653
-0.413617
-0.427967
-0.439864
-0.453833
-0.474308
-0.505233
-0.549675
-0.609434
-0.684649
-0.773379
-0.871284
-0.971469
-1.064677
-1.139897
-1.185441
-1.190428
-1.146473
-1.049330
-0.900210
-0.706485
-0.481626
-0.244290
-0.112100
-0.048459
-0.017408
-0.010599
-0.018637
-0.032350
-0.043909
-0.047616
-0.040329
-0.021470
0.007274
0.042462
0.079522
0.113359
0.138954
0.151877
0.148740
0.127573
0.088064
0.031651
-0.038617
-0.118406
-0.202617
-0.285999
-0.363752
-0.432045
-0.488351
-0.531597
-0.562150
-0.581650
-0.592770
-0.598956
-0.604129
-0.612350
-0.627411
-0.652297
-0.688556
-0.735630
-0.790311
-0.846479
-0.895326
-0.926155
-0.927729
-0.890048
-0.806239
-0.674273
-0.498133
-0.288192
-0.060687
0.163691
-0.040263
0.008491
0.027664
0.025686
0.011447
-0.006772
-0.022152
-0.029885
-0.027399
-0.014292
0.007943
0.036308
0.066764
0.094667
0.115233
0.123989
0.117224
0.092416
0.048577
-0.013533
-0.091409
-0.181018
-0.277213
-0.374285
-0.466564
-0.548938
-0.617304
-0.668840
-0.702164
-0.717392
-0.716120
-0.701353
-0.677315
-0.649119
-0.622211
-0.601572
-0.590766
-0.590961
-0.600164
-0.612925
-0.620679
-0.612819
-0.578399
-0.508203
-0.396830
-0.244363
-0.057319
0.151403
0.363537
0.557356
0.050681
0.087549
0.097341
0.088183
0.068272
0.045046
0.024572
0.011171
0.007295
0.013560
0.028907
0.050831
0.075654
0.098850
0.115439
0.120472
0.109575
0.079504
0.028638
-0.042685
-0.132072
-0.235242
-0.346400
-0.458817
-0.565447
-0.659553
-0.735245
-0.787935
-0.814697
-0.814550
-0.788662
-0.740416
-0.675269
-0.600298
-0.523372
-0.452007
-0.392016
-0.346235
-0.313607
-0.288939
-0.263501
-0.226466
-0.166998
-0.076605
0.048684
0.206780
0.388946
0.580311
0.761408
0.910474
0.167183
0.194162
0.195707
0.179431
0.152856
0.122812
0.094996
0.073703
0.061672
0.060011
0.068182
0.084049
0.104010
0.123278
0.136297
0.137346
0.121239
0.084055
0.023762
-0.059356
-0.162562
-0.280822
-0.407245
-0.533690
-0.651475
-0.752104
-0.827952
-0.872892
-0.882894
-0.856517
-0.795302
-0.703900
-0.589863
-0.462934
-0.333867
-0.212837
-0.107716
-0.022549
0.043377
0.095586
0.143435
0.198242
0.270818
0.368901
0.495016
0.645198
0.808835
0.969720
1.108027
1.202917
0.312268
0.329780
0.322446
0.297368
0.261611
0.221787
0.183695
0.152043
0.130164
0.119782
0.120795
0.131181
0.147067
0.163028
0.172652
0.169302
0.147013
0.101382
0.030288
-0.065637
-0.182903
-0.315373
-0.454771
-0.591378
-0.714843
-0.815016
-0.882803
-0.910993
-0.895063
-0.833869
-0.730145
-0.590602
-0.425512
-0.247655
-0.070686
0.092880
0.233730
0.347370
0.434934
0.502880
0.561563
0.622901
0.697598
0.792494
0.908594
1.040196
1.175238
1.296831
1.385605
1.422452
0.484468
0.491015
0.472273
0.435051
0.386363
0.333084
0.281590
0.237341
0.204433
0.185156
0.179609
0.185531
0.198402
0.211866
0.218479
0.210702
0.181955
0.127643
0.045904
-0.061948
-0.191385
-0.334978
-0.482994
-0.624190
-0.746715
-0.839080
-0.891175
-0.895288
-0.847099
-0.746509
-0.598140
-0.411303
-0.199261
0.022247
0.237107
0.431219
0.594734
0.723627
0.820205
0.892336
0.951516
1.010141
1.078540
1.162402
1.261139
1.367492
1.468397
1.546938
1.584906
1.565519
0.677288
0.669407
0.635034
0.581096
0.515060
0.444574
0.376970
0.318672
0.274516
0.247127
0.236455
0.239602
0.251064
0.263344
0.267939
0.256528
0.222174
0.160388
0.069857
-0.047196
-0.185096
-0.335130
-0.486233
-0.625873
-0.741053
-0.819399
-0.850330
-0.826269
-0.743755
-0.604334
-0.414967
-0.187738
0.061266
0.313884
0.552393
0.762139
0.933798
1.064701
1.158893
1.225852
1.278076
1.328075
1.385387
1.454258
1.532459
1.611405
1.677510
1.714417
1.705608
1.636923
0.879311
0.851889
0.796508
0.720743
0.633054
0.542284
0.456965
0.384482
0.330195
0.296705
0.283370
0.286282
0.298682
0.311844
0.316290
0.303122
0.265309
0.198728
0.102798
-0.019300
-0.160806
-0.311904
-0.460491
-0.593124
-0.696108
-0.756694
-0.764405
-0.712352
-0.598447
-0.426227
-0.205087
0.050351
0.321770
0.589511
0.835361
0.975499
1.135286
1.333178
1.416595
1.472618
1.514323
1.553783
1.599265
1.653308
1.712059
1.765913
1.801206
1.802604
1.755568
1.648548
1.074999
1.021926
0.939818
0.837474
0.724806
0.612119
0.509172
0.424098
0.362399
0.326172
0.313751
0.319878
0.336393
0.353366
0.360495
0.348551
0.310637
0.243143
0.146247
0.023996
-0.115995
-0.263130
-0.404661
-0.526674
-0.615245
-0.657747
-0.644273
-0.569035
-0.431573
-0.237451
0.001783
0.269592
0.546373
0.812125
0.926036
0.982890
1.235799
1.500689
1.569059
1.612620
1.644389
1.675368
1.712105
1.755262
1.799484
1.834466
1.846865
1.822620
1.749194
1.617334
1.246102
1.161182
1.047288
0.914931
0.775767
0.641614
0.523240
0.429119
0.364378
0.330105
0.323205
0.336847
0.361427
0.385928
0.399433
0.392584
0.358766
0.294905
0.201819
0.084180
-0.049875
-0.189363
-0.321308
-0.431749
-0.506950
-0.534786
-0.506229
-0.416778
-0.267572
-0.065908
0.175133
0.438009
0.702976
0.950888
0.995657
1.138137
1.465655
1.551195
1.604653
1.638334
1.664448
1.692356
1.726546
1.765775
1.803400
1.828724
1.828969
1.791400
1.705212
1.562860
1.373535
1.251558
1.102490
0.938872
0.774164
0.621480
0.492159
0.394453
0.332534
0.306005
0.310040
0.336125
0.373280
0.409575
0.433683
0.436267
0.411018
0.355294
0.270323
0.161074
0.035837
-0.094415
-0.216837
-0.317758
-0.383922
-0.403917
-0.369703
-0.277995
-0.131242
0.062110
0.288286
0.529809
0.767932
0.985440
1.169295
1.312504
1.414846
1.482221
1.524817
1.554492
1.581991
1.614568
1.654517
1.684527
1.676585
1.766464
1.766853
1.729281
1.644157
1.504892
1.167165
1.006374
0.990003
0.898916
0.712445
0.546729
0.413071
0.318857
0.266744
0.254462
0.275280
0.319010
0.373456
0.425968
0.464975
0.481214
0.468609
0.424749
0.350973
0.252207
0.136548
0.014671
-0.100983
-0.197222
-0.261391
-0.282825
-0.254370
-0.173669
-0.043969
0.125879
0.322339
0.529030
0.729193
0.908325
1.056463
1.169554
1.249670
1.303943
1.342554
1.376209
1.413656
1.459832
1.514872
1.525282
1.586174
1.669073
1.682146
1.657467
1.585967
1.461169
0.852314
0.779956
0.858745
0.789800
0.588147
0.417203
0.287515
0.204955
0.170201
0.178867
0.222265
0.288678
0.364878
0.437697
0.495400
0.528783
0.531848
0.502156
0.440873
0.352597
0.244995
0.128258
0.014338
-0.084098
-0.154948
-0.188162
-0.177194
-0.120185
-0.020560
0.113203
0.268686
0.431454
0.587424
0.725217
0.837992
0.924322
0.987963
1.036544
1.079525
1.125917
1.182221
1.251047
1.330563
1.414803
1.494614
1.558961
1.596287
1.595703
1.547880
1.445644
0.626486
0.645902
0.825352
0.611978
0.404149
0.237490
0.121081
0.058728
0.048809
0.084719
0.155937
0.249401
0.351083
0.447427
0.526589
0.579316
0.599501
0.584452
0.534936
0.455052
0.351943
0.235305
0.116642
0.008222
-0.078240
-0.133048
-0.149907
-0.126969
-0.067226
0.021900
0.129789
0.244519
0.355019
0.453073
0.534679
0.600495
0.655281
0.706481
0.762322
0.829843
0.913287
1.013119
1.125803
1.244210
1.358498
1.457211
1.528346
1.560334
1.542807
1.467232
0.487294
0.604718
0.614166
0.371543
0.168213
0.016238
-0.077419
-0.111397
-0.089773
-0.021279
0.081918
0.205674
0.335356
0.457133
0.559024
0.631616
0.668530
0.666664
0.626281
0.550961
0.447384
0.324884
0.194698
0.068903
-0.040926
-0.125154
-0.177373
-0.195306
-0.181032
-0.140422
-0.081892
-0.014614
0.053362
0.116718
0.173808
0.226757
0.280719
0.342476
0.418757
0.514628
0.632256
0.770249
0.923585
1.084022
1.240821
1.381616
1.493290
1.562849
1.578224
1.529106
0.438181
0.591134
0.317376
0.079425
-0.108012
-0.234992
-0.297123
-0.295696
-0.237186
-0.132251
0.005583
0.161358
0.320008
0.467487
0.591642
0.682810
0.734250
0.742405
0.707082
0.631467
0.521979
0.387821
0.240218
0.091292
-0.047283
-0.165667
-0.257081
-0.318514
-0.350827
-0.358111
-0.346445
-0.322310
-0.290988
-0.255333
-0.215173
-0.167452
-0.107054
-0.028084
0.074695
0.204571
0.361933
0.543793
0.743753
0.952317
1.157436
1.345224
1.500741
1.608920
1.655562
1.628467
0.488456
0.240005
-0.028896
-0.249902
-0.410406
-0.503118
-0.526458
-0.484352
-0.385465
-0.242065
-0.068713
0.119061
0.305907
0.477615
0.621835
0.728633
0.790915
0.804774
0.769732
0.688837
0.568525
0.418151
0.249159
0.073921
-0.095620
-0.249300
-0.379818
-0.483326
-0.559391
-0.610310
-0.639955
-0.652360
-0.650429
-0.635016
-0.604592
-0.555535
-0.482954
-0.381821
-0.248186
-0.080243
0.120908
0.350831
0.601672
0.862335
1.118917
1.355338
1.554206
1.697936
1.770069
1.756748
0.138214
-0.156601
-0.407629
-0.600051
-0.723952
-0.774983
-0.754391
-0.668526
-0.527902
-0.346025
-0.138164
0.079803
0.292375
0.485227
0.645851
0.764099
0.832664
0.847500
0.808130
0.717777
0.583190
0.414115
0.222389
0.020724
-0.178652
-0.365256
-0.531315
-0.672207
-0.786312
-0.874322
-0.938145
-0.979723
-0.999967
-0.998103
-0.971541
-0.916237
-0.827485
-0.700931
-0.533624
-0.324945
-0.077319
0.203329
0.507403
0.821710
1.129863
1.412980
1.650773
1.822987
1.911113
1.900231
-0.303354
-0.579468
-0.800529
-0.954419
-1.034245
-1.038638
-0.971470
-0.841150
-0.659621
-0.441232
-0.201657
0.043087
0.277473
0.487144
0.659538
0.784459
0.854620
0.866127
0.818838
0.716452
0.566272
0.378577
0.165631
-0.059582
-0.284672
-0.499011
-0.694547
-0.866091
-1.011072
-1.128829
-1.219611
-1.283566
-1.319896
-1.326425
-1.299585
-1.234861
-1.127550
-0.973701
-0.771099
-0.520152
-0.224635
0.107787
0.465314
0.832075
1.188602
1.512775
1.781244
1.971284
2.062919
2.041064
-0.763802
-1.008823
-1.189816
-1.297727
-1.328753
-1.284309
-1.170510
-0.997364
-0.777783
-0.526588
-0.259573
0.007294
0.258592
0.480072
0.659293
0.786242
0.853951
0.859008
0.801898
0.687024
0.522364
0.318725
0.088663
-0.154780
-0.399328
-0.634504
-0.852262
-1.047116
-1.215802
-1.356545
-1.468161
-1.549189
-1.597258
-1.608810
-1.579235
-1.503373
-1.376289
-1.194221
-0.955557
-0.661774
-0.318241
0.065204
0.473998
0.889015
1.287281
1.643262
1.930732
2.125074
2.205757
2.008750
-1.222330
-1.426127
-1.559717
-1.617197
-1.597669
-1.504937
-1.346863
-1.134545
-0.881426
-0.602444
-0.313275
-0.029652
0.233265
0.461513
0.643000
0.768179
0.830696
0.827907
0.761133
0.635579
0.459858
0.245120
0.003938
-0.250943
-0.507731
-0.756445
-0.989347
-1.200905
-1.387341
-1.545907
-1.674066
-1.768784
-1.826069
-1.840884
-1.807406
-1.719640
-1.572262
-1.361620
-1.086787
-0.750569
-0.360362
0.071275
0.526456
0.982375
1.412371
1.787673
2.079751
1.788248
1.514818
1.291613
-1.660065
-1.815498
-1.897548
-1.903281
-1.834304
-1.696288
-1.498292
-1.252005
-0.970992
-0.670014
-0.364405
-0.069498
0.199987
0.430584
0.610793
0.731799
0.788121
0.778060
0.703848
0.571432
0.389838
0.170240
-0.075186
-0.334410
-0.596522
-0.852356
-1.094713
-1.318143
-1.518407
-1.691762
-1.834240
-1.941107
-2.006603
-2.024037
-1.986226
-1.886233
-1.718337
-1.479139
-1.168698
-0.791604
-0.357834
0.116773
0.610585
1.096928
1.545616
1.669015
1.339019
1.072623
0.854825
0.680134
