pygeostat_saved_data
1
0
-1.975419
-1.760700
-1.532401
-1.292231
-1.043211
-0.789779
-0.537772
-0.294261
-0.067248
0.134805
0.303522
0.431253
0.511689
0.540420
0.515361
0.437013
0.308528
0.135575
-0.073934
-0.310246
-0.562201
-0.817678
-1.063965
-1.288096
-1.477121
-1.618388
-1.699921
-1.710930
-1.642552
-1.488796
-1.247659
-0.922253
-0.521752
-0.061915
0.435052
0.941436
1.425833
1.247239
0.982591
0.845555
0.821067
0.901897
1.088217
1.388183
1.638343
1.156587
0.621915
0.061995
-0.498135
-1.037879
-1.917593
-1.717453
-1.503816
-1.277614
-1.041003
-0.797531
-0.552197
-0.311364
-0.082536
0.126033
0.305855
0.448819
0.547835
0.597452
0.594390
0.537907
0.430017
0.275483
0.081658
-0.141833
-0.383499
-0.630456
-0.868900
-1.084604
-1.263428
-1.391880
-1.457784
-1.451067
-1.364695
-1.195667
-0.945992
-0.623458
-0.242002
0.178502
0.613186
1.033844
1.411249
1.629330
1.482455
1.464737
1.568317
1.793585
1.637010
1.300807
0.893178
0.437579
-0.042681
-0.526617
-0.997024
-1.441271
-1.855818
-1.670789
-1.472602
-1.261463
-1.038696
-0.806962
-0.570382
-0.334529
-0.106289
0.106455
0.295282
0.451805
0.568327
0.638502
0.657943
0.624728
0.539719
0.406723
0.232437
0.026223
-0.200268
-0.433604
-0.659165
-0.861822
-1.026697
-1.140007
-1.189999
-1.167949
-1.069169
-0.893919
-0.648089
-0.343464
0.002540
0.367808
0.727103
1.054175
1.324191
1.516158
1.614991
1.612902
1.509920
1.313441
1.036930
0.697998
0.316173
-0.089253
-0.501030
-0.905194
-1.291639
-1.654101
-1.789694
-1.620010
-1.437732
-1.242412
-1.034601
-0.816101
-0.590144
-0.361462
-0.136221
0.078211
0.273653
0.441640
0.574071
0.663884
0.705746
0.696646
0.636351
0.527698
0.376652
0.192171
-0.014154
-0.228643
-0.436251
-0.621439
-0.769175
-0.866024
-0.901290
-0.868113
-0.764438
-0.593689
-0.365035
-0.093108
0.202888
0.500671
0.776853
1.009160
1.178634
1.271485
1.280317
1.204552
1.049993
0.827642
0.551971
0.238971
-0.095725
-0.438376
-0.778110
-1.107362
-1.421728
-1.719431
-1.718938
-1.564564
-1.398353
-1.219292
-1.027233
-0.823170
-0.609467
-0.389990
-0.170109
0.043447
0.242905
0.419928
0.566223
0.674239
0.737889
0.753229
0.719033
0.637186
0.512860
0.354444
0.173199
-0.017341
-0.202213
-0.366077
-0.494413
-0.574796
-0.598140
-0.559776
-0.460243
-0.305623
-0.107344
0.118641
0.353224
0.575978
0.767222
0.910029
0.991924
1.005977
0.951168
0.831966
0.657245
0.438725
0.189238
-0.078912
-0.355232
-0.631841
-0.903713
-1.168453
-1.425697
-1.676343
-1.643397
-1.504067
-1.353820
-1.191170
-1.015360
-0.826652
-0.626585
-0.418151
-0.205883
0.004233
0.204995
0.388389
0.546168
0.670532
0.754873
0.794517
0.787374
0.734427
0.639991
0.511689
0.360120
0.198190
0.040179
-0.099452
-0.207391
-0.272820
-0.288652
-0.252457
-0.166975
-0.040063
0.115954
0.285499
0.451413
0.596837
0.707083
0.771180
0.782876
0.740974
0.648928
0.513857
0.345129
0.152813
-0.053764
-0.267102
-0.482155
-0.696434
-0.909675
-1.123179
-1.339006
-1.559180
-1.563063
-1.438324
-1.303715
-1.157380
-0.998053
-0.825344
-0.640028
-0.444257
-0.241690
-0.037489
0.161849
0.348835
0.515504
0.654065
0.757649
0.821072
0.841535
0.819175
0.757371
0.662748
0.544836
0.415376
0.287305
0.173506
0.085453
0.031899
0.017796
0.043593
0.105084
0.193819
0.298094
0.404396
0.499088
0.570090
0.608309
0.608549
0.569824
0.494998
0.389871
0.261912
0.118858
-0.032554
-0.187513
-0.343614
-0.500844
-0.661149
-0.827701
-1.004048
-1.193280
-1.397360
-1.478081
-1.367341
-1.247876
-1.117558
-0.974709
-0.818390
-0.648685
-0.466942
-0.275945
-0.079970
0.115317
0.303133
0.476027
0.626481
0.747625
0.833997
0.882246
0.891699
0.864690
0.806570
0.725361
0.631054
0.534590
0.446642
0.376351
0.330180
0.311080
0.318102
0.346569
0.388773
0.435140
0.475652
0.501319
0.505427
0.484368
0.437908
0.368858
0.282253
0.184192
0.080581
-0.023982
-0.127009
-0.228475
-0.330704
-0.437852
-0.555107
-0.687765
-0.840356
-1.015922
-1.215555
-1.388764
-1.291340
-1.186400
-1.071640
-0.945073
-0.805306
-0.651812
-0.485190
-0.307361
-0.121671
0.067149
0.253190
0.429725
0.589759
0.726674
0.834935
0.910773
0.952716
0.961903
0.942102
0.899367
0.841373
0.776485
0.712683
0.656497
0.612145
0.581004
0.561555
0.549792
0.540071
0.526227
0.502764
0.465886
0.414189
0.348845
0.273293
0.192464
0.111733
0.035781
-0.032398
-0.092181
-0.145567
-0.196984
-0.252699
-0.319953
-0.405975
-0.517033
-0.657646
-0.830059
-1.034019
-1.295601
-1.210759
-1.119651
-1.019876
-0.909236
-0.785973
-0.649037
-0.498335
-0.334949
-0.161267
0.018998
0.200944
0.378764
0.546198
0.697090
0.826006
0.928837
1.003275
1.049091
1.068136
1.064060
1.041747
1.006559
0.963508
0.916513
0.867867
0.818056
0.765950
0.709356
0.645815
0.573470
0.491841
0.402290
0.308088
0.214051
0.125786
0.048703
-0.013018
-0.057331
-0.084903
-0.099290
-0.106669
-0.115197
-0.134087
-0.172559
-0.238817
-0.339178
-0.477456
-0.654650
-0.868938
-1.199255
-1.126256
-1.048249
-0.962812
-0.867614
-0.760621
-0.640337
-0.506037
-0.357995
-0.197630
-0.027579
0.148371
0.325477
0.498375
0.661522
0.809691
0.938457
1.044586
1.126269
1.183144
1.216103
1.226909
1.217713
1.190564
1.147043
1.088098
1.014148
0.925429
0.822525
0.706933
0.581530
0.450781
0.320624
0.197970
0.089913
0.002745
-0.059031
-0.093530
-0.102006
-0.088959
-0.061826
-0.030286
-0.005296
0.002015
-0.018555
-0.075323
-0.173997
-0.317255
-0.504636
-0.732729
-1.100564
-1.038695
-0.973055
-0.901262
-0.820918
-0.729786
-0.625990
-0.508234
-0.376012
-0.229787
-0.071083
0.097488
0.272332
0.449077
0.622860
0.788683
0.941756
1.077789
1.193195
1.285161
1.351608
1.391070
1.402545
1.385411
1.339444
1.264990
1.163259
1.036695
0.889311
0.726892
0.556936
0.388291
0.230485
0.092809
-0.016738
-0.092444
-0.131716
-0.135561
-0.108672
-0.059095
0.002495
0.063793
0.112010
0.135046
0.122532
0.066670
-0.037221
-0.190466
-0.391112
-0.634265
-1.000535
-0.949126
-0.895137
-0.836265
-0.770096
-0.694242
-0.606504
-0.505062
-0.388674
-0.256860
-0.110045
0.050349
0.221891
0.401197
0.584067
0.765664
0.940716
1.103733
1.249191
1.371714
1.466241
1.528216
1.553835
1.540356
1.486474
1.392735
1.261897
1.099180
0.912286
0.711130
0.507250
0.312924
0.140064
-0.000960
-0.102426
-0.160138
-0.173959
-0.147908
-0.089839
-0.010728
0.076346
0.157372
0.218631
0.247833
0.206675
0.131669
0.059548
-0.106543
-0.321473
-0.579053
-0.900321
-0.858760
-0.815732
-0.769034
-0.716267
-0.654926
-0.582528
-0.496774
-0.395726
-0.278009
-0.142994
0.009030
0.176720
0.357593
0.547981
0.743060
0.936927
1.122756
1.293029
1.439860
1.555429
1.632510
1.665105
1.649099
1.582916
1.468036
1.309304
1.114933
0.896127
0.666341
0.440211
0.232252
0.055510
-0.079712
-0.166867
-0.203799
-0.192948
-0.141080
-0.058625
0.041308
0.144113
0.234941
0.299905
0.255931
0.128808
0.082059
0.108797
-0.071083
-0.299562
-0.569389
-0.801194
-0.768921
-0.736183
-0.700881
-0.660632
-0.612836
-0.554751
-0.483632
-0.396904
-0.292370
-0.168446
-0.024421
0.139289
0.320900
0.517072
0.722787
0.931350
1.134536
1.322905
1.486329
1.614698
1.698786
1.731202
1.707312
1.626038
1.490349
1.307411
1.088250
0.846999
0.599713
0.362955
0.152250
-0.019362
-0.142537
-0.212437
-0.229092
-0.197281
-0.125973
-0.027422
0.083967
0.192901
0.284436
0.345109
0.227603
0.127689
0.106374
0.106987
-0.085987
-0.325842
-0.604526
-0.704506
-0.681000
-0.657879
-0.633128
-0.604379
-0.568924
-0.523782
-0.465806
-0.391852
-0.299014
-0.184919
-0.048063
0.111807
0.293328
0.493207
0.706014
0.924146
1.138018
1.336529
1.507786
1.640091
1.723066
1.748836
1.713081
1.615838
1.461866
1.260524
1.025134
0.771850
0.518200
0.281454
0.077007
-0.083018
-0.190798
-0.243397
-0.242848
-0.195782
-0.112678
-0.006820
0.106899
0.213215
0.297679
0.347686
0.275933
0.200331
0.203308
0.054360
-0.149676
-0.397624
-0.680895
-0.611644
-0.596388
-0.582168
-0.567024
-0.548568
-0.523981
-0.490053
-0.443283
-0.380063
-0.296944
-0.190985
-0.060187
0.096045
0.276427
0.477419
0.692985
0.914584
1.131476
1.331337
1.501196
1.628624
1.703041
1.716978
1.667137
1.555048
1.387241
1.174837
0.932635
0.677743
0.427977
0.200183
0.008701
-0.135870
-0.227483
-0.264993
-0.252029
-0.196458
-0.109527
-0.004798
0.103036
0.199326
0.270551
0.305255
0.294755
0.233604
0.119786
-0.045345
-0.257378
-0.509346
-0.792385
-0.523957
-0.516391
-0.510264
-0.503624
-0.494029
-0.478531
-0.453714
-0.415802
-0.360864
-0.285125
-0.185376
-0.059472
0.093136
0.270893
0.469740
0.682924
0.901087
1.112689
1.304810
1.464229
1.578728
1.638445
1.637090
1.572856
1.448873
1.273123
1.057798
0.818200
0.571284
0.334064
0.122042
-0.052143
-0.179729
-0.256423
-0.282557
-0.262820
-0.205660
-0.122407
-0.026248
0.068880
0.149370
0.202932
0.219425
0.191464
0.114817
-0.011484
-0.185251
-0.401493
-0.652940
-0.930694
-0.442688
-0.442150
-0.443155
-0.443700
-0.441255
-0.432740
-0.414578
-0.382830
-0.333436
-0.262575
-0.167117
-0.045167
0.103390
0.276404
0.469117
0.674084
0.881393
1.079245
1.254869
1.395688
1.490605
1.531270
1.513115
1.436026
1.304542
1.127545
0.917458
0.689092
0.458235
0.240217
0.048541
-0.106207
-0.217152
-0.281531
-0.300716
-0.279902
-0.227507
-0.154361
-0.072763
0.004519
0.065214
0.098443
0.095448
0.050135
-0.040612
-0.176862
-0.355785
-0.572029
-0.818246
-1.085736
-0.368886
-0.374543
-0.381491
-0.387630
-0.390312
-0.386350
-0.372088
-0.343586
-0.296905
-0.228500
-0.135707
-0.017274
0.126135
0.291543
0.473448
0.663895
0.852854
1.028920
1.180284
1.295857
1.366444
1.385771
1.351254
1.264390
1.130700
0.959265
0.761877
0.551953
0.343317
0.148988
-0.019877
-0.154847
-0.250784
-0.306108
-0.322774
-0.305968
-0.263574
-0.205467
-0.142691
-0.086574
-0.047873
-0.035971
-0.058238
-0.119548
-0.222022
-0.364993
-0.545183
-0.757087
-0.993487
-1.246076
-0.303310
-0.314084
-0.325499
-0.335320
-0.340788
-0.338665
-0.325355
-0.297134
-0.250477
-0.182473
-0.091303
0.023301
0.159644
0.313835
0.479750
0.649276
0.812828
0.960111
1.081041
1.166743
1.210455
1.208262
1.159539
1.067055
0.936738
0.777132
0.598626
0.412543
0.230197
0.061985
-0.083391
-0.199537
-0.282771
-0.332327
-0.350317
-0.341495
-0.312838
-0.272961
-0.231415
-0.197940
-0.181696
-0.190568
-0.230586
-0.305508
-0.416598
-0.562622
-0.740043
-0.943389
-1.165759
-1.399401
-0.246330
-0.260832
-0.274897
-0.286152
-0.291774
-0.288591
-0.273256
-0.242531
-0.193629
-0.124631
-0.034881
0.074653
0.201153
0.339900
0.484451
0.627025
0.759114
0.872216
0.958619
1.012134
1.028692
1.006716
0.947247
0.853824
0.732146
0.589558
0.434458
0.275635
0.121638
-0.019817
-0.142359
-0.241384
-0.314342
-0.360919
-0.383046
-0.384750
-0.371861
-0.351555
-0.331788
-0.320656
-0.325729
-0.353445
-0.408588
-0.493922
-0.610008
-0.755215
-0.925914
-1.116839
-1.321550
-1.532982
-0.197839
-0.214308
-0.228843
-0.238972
-0.241914
-0.234736
-0.214592
-0.179027
-0.126327
-0.055858
0.031642
0.133885
0.247010
0.365753
0.483797
0.594278
0.690381
0.765966
0.816104
0.837502
0.828723
0.790231
0.724260
0.634536
0.525941
0.404126
0.275142
0.145074
0.019724
-0.095712
-0.196927
-0.280782
-0.345544
-0.391060
-0.418839
-0.432012
-0.435148
-0.433933
-0.434719
-0.443992
-0.467807
-0.511250
-0.577984
-0.669925
-0.787090
-0.927608
-1.087917
-1.263089
-1.447268
-1.634153
-0.157168
-0.173450
-0.185932
-0.192143
-0.189514
-0.175589
-0.148308
-0.106311
-0.049232
0.022070
0.105394
0.197226
0.292948
0.387188
0.474315
0.548958
0.606520
0.643580
0.658142
0.649697
0.619114
0.568403
0.500405
0.418479
0.326235
0.227343
0.125410
0.023906
-0.073887
-0.164971
-0.246754
-0.317234
-0.375206
-0.420478
-0.454010
-0.477972
-0.495678
-0.511364
-0.529859
-0.556143
-0.594881
-0.649946
-0.724032
-0.818368
-0.932577
-1.064706
-1.211386
-1.368142
-1.529770
-1.690782
-0.123036
-0.136601
-0.144241
-0.143659
-0.132728
-0.109751
-0.073754
-0.024739
0.036124
0.106431
0.182630
0.260283
0.334461
0.400250
0.453276
0.490164
0.508863
0.508783
0.490701
0.456520
0.408872
0.350698
0.284872
0.213931
0.139945
0.064546
-0.010964
-0.085436
-0.157731
-0.226637
-0.290896
-0.349336
-0.401072
-0.445742
-0.483729
-0.516281
-0.545541
-0.574422
-0.606373
-0.645036
-0.693848
-0.755648
-0.832334
-0.924611
-1.031871
-1.152205
-1.282553
-1.418965
-1.556935
-1.691783
-0.093540
-0.101561
-0.101457
-0.091338
-0.069804
-0.036216
0.009052
0.064457
0.127247
0.193606
0.258952
0.318390
0.367265
0.401708
0.419110
0.418428
0.400246
0.366619
0.320694
0.266190
0.206838
0.145887
0.085751
0.027850
-0.027343
-0.080087
-0.131051
-0.180978
-0.230397
-0.279443
-0.327833
-0.374958
-0.420101
-0.462696
-0.502582
-0.540195
-0.576664
-0.613764
-0.653768
-0.699180
-0.752421
-0.815496
-0.889695
-0.975374
-1.071845
-1.177365
-1.289265
-1.404169
-1.518269
-1.627659
-0.066207
-0.065713
-0.055068
-0.033082
0.000618
0.045343
0.099191
0.159038
0.220698
0.279272
0.329639
0.367059
0.387767
0.389473
0.371697
0.335813
0.284869
0.223137
0.155500
0.086787
0.021149
-0.038412
-0.090293
-0.134292
-0.171410
-0.203464
-0.232650
-0.261089
-0.290483
-0.321886
-0.355656
-0.391546
-0.428914
-0.466997
-0.505192
-0.543282
-0.581583
-0.620961
-0.662748
-0.708557
-0.760027
-0.818551
-0.885017
-0.959611
-1.041700
-1.129817
-1.221750
-1.314706
-1.405554
-1.491094
-0.038117
-0.026222
-0.002640
0.032810
0.079193
0.134307
0.194681
0.255755
0.312250
0.358696
0.390072
0.402439
0.393494
0.362918
0.312477
0.245820
0.168021
0.084930
0.002433
-0.074265
-0.141209
-0.196056
-0.238185
-0.268546
-0.289325
-0.303474
-0.314191
-0.324456
-0.336660
-0.352388
-0.372362
-0.396534
-0.424287
-0.454715
-0.486899
-0.520158
-0.554223
-0.589305
-0.626066
-0.665492
-0.708699
-0.756704
-0.810203
-0.869388
-0.933819
-1.002396
-1.073398
-1.144619
-1.213546
-1.277594
-0.006111
0.019680
0.057859
0.107306
0.165583
0.228924
0.292432
0.350461
0.397164
0.427158
0.436197
0.421756
0.383419
0.323005
0.244405
0.153125
0.055643
-0.041362
-0.131767
-0.210645
-0.274715
-0.322542
-0.354484
-0.372428
-0.379365
-0.378894
-0.374704
-0.370132
-0.367831
-0.369576
-0.376225
-0.387803
-0.403701
-0.422933
-0.444406
-0.467175
-0.490626
-0.514586
-0.539323
-0.565479
-0.593913
-0.625513
-0.660998
-0.700731
-0.744597
-0.791934
-0.841544
-0.891773
-0.940666
-0.986138
0.032918
0.074350
0.127695
0.190323
0.258231
0.326230
0.388345
0.438380
0.470595
0.480399
0.464969
0.423651
0.358125
0.272258
0.171688
0.063172
-0.046157
-0.149560
-0.241362
-0.317441
-0.375495
-0.415056
-0.437325
-0.444811
-0.440891
-0.429330
-0.413831
-0.397653
-0.383344
-0.372586
-0.366182
-0.364137
-0.365838
-0.370285
-0.376355
-0.383028
-0.389587
-0.395737
-0.401640
-0.407870
-0.415302
-0.424937
-0.437719
-0.454353
-0.475160
-0.499980
-0.528146
-0.558526
-0.589632
-0.619769
0.081658
0.139351
0.207028
0.280477
0.354262
0.422121
0.477550
0.514491
0.528043
0.515082
0.474698
0.408359
0.319780
0.214531
0.099402
-0.018320
-0.131617
-0.234390
-0.321960
-0.391351
-0.441355
-0.472403
-0.486291
-0.485792
-0.474255
-0.455186
-0.431890
-0.407191
-0.383229
-0.361367
-0.342195
-0.325613
-0.310994
-0.297391
-0.283764
-0.269202
-0.253106
-0.235311
-0.216140
-0.196375
-0.177158
-0.159836
-0.145777
-0.136175
-0.131889
-0.133310
-0.140304
-0.152218
-0.167949
-0.186076
0.141979
0.215082
0.294626
0.374946
0.449525
0.511585
0.554797
0.574001
0.565832
0.529163
0.465274
0.377718
0.271929
0.154606
0.032989
-0.085879
-0.195790
-0.291843
-0.370715
-0.430729
-0.471741
-0.494887
-0.502263
-0.496562
-0.480733
-0.457670
-0.429960
-0.399706
-0.368410
-0.336929
-0.305508
-0.273871
-0.241355
-0.207108
-0.170275
-0.130205
-0.086608
-0.039681
0.009849
0.060749
0.111373
0.159819
0.204123
0.242466
0.273372
0.295857
0.309524
0.314598
0.311873
0.302603
0.214522
0.300453
0.387699
0.469493
0.538808
0.589075
0.614926
0.612825
0.581507
0.522138
0.438181
0.334972
0.219111
0.097717
-0.022278
-0.134773
-0.234926
-0.319403
-0.386410
-0.435556
-0.467601
-0.484138
-0.487269
-0.479293
-0.462470
-0.438810
-0.409952
-0.377069
-0.340847
-0.301494
-0.258798
-0.212231
-0.161071
-0.104576
-0.042151
0.026480
0.101134
0.181064
0.264937
0.350853
0.436463
0.519139
0.596172
0.665015
0.723503
0.770032
0.803692
0.824316
0.832457
0.829293
0.298350
0.392699
0.481900
0.558668
0.616220
0.649008
0.653388
0.628039
0.574118
0.495102
0.396341
0.284412
0.166363
0.048985
-0.061812
-0.161417
-0.246735
-0.316169
-0.369447
-0.407319
-0.431226
-0.442951
-0.444334
-0.437045
-0.422437
-0.401464
-0.374651
-0.342110
-0.303584
-0.258518
-0.206149
-0.145624
-0.076123
0.002984
0.091994
0.190725
0.298405
0.413596
0.534192
0.657473
0.780233
0.898972
1.010139
1.110380
1.196792
1.267142
1.320016
1.354895
1.372150
1.372937
0.390714
0.487338
0.571500
0.636185
0.675694
0.686306
0.666721
0.618189
0.544323
0.450620
0.343775
0.230878
0.118667
0.012884
-0.082141
-0.163676
-0.230535
-0.282854
-0.321736
-0.348852
-0.366067
-0.375114
-0.377361
-0.373679
-0.364391
-0.349288
-0.327697
-0.298588
-0.260679
-0.212567
-0.152863
-0.080320
0.006026
0.106716
0.221737
0.350407
0.491292
0.642176
0.800077
0.961339
1.121804
1.277020
1.422521
1.554103
1.668113
1.761686
1.832922
1.880978
1.906080
1.909405
0.486989
0.578344
0.649783
0.695449
0.711572
0.696920
0.652925
0.583455
0.494297
0.392419
0.285118
0.179218
0.080409
-0.007198
-0.081237
-0.141025
-0.187276
-0.221704
-0.246554
-0.264161
-0.276571
-0.285270
-0.291013
-0.293779
-0.292799
-0.286671
-0.273495
-0.251059
-0.217016
-0.169064
-0.105123
-0.023494
0.076980
0.196788
0.335625
0.492302
0.664708
0.849803
1.043685
1.241724
1.438758
1.629357
1.808118
1.789451
1.747154
1.788632
1.911628
2.114948
2.398547
2.412930
0.580829
0.658529
0.709580
0.730169
0.719172
0.678261
0.611667
0.525601
0.427460
0.324922
0.225080
0.133728
0.054903
-0.009312
-0.058698
-0.094598
-0.119468
-0.136349
-0.148358
-0.158235
-0.168012
-0.178781
-0.190609
-0.202549
-0.212746
-0.218615
-0.217049
-0.204660
-0.178025
-0.133917
-0.069526
0.017342
0.128093
0.263205
0.422120
0.603182
0.803617
1.019580
1.246264
1.478074
1.708869
1.803778
1.609443
1.503468
1.481202
1.539197
1.674987
1.887013
2.174706
2.538706
0.664543
0.720108
0.743925
0.734992
0.695281
0.629461
0.544288
0.447738
0.348036
0.252724
0.167896
0.097683
0.044049
0.006860
-0.015794
-0.027115
-0.031032
-0.031621
-0.032594
-0.036883
-0.046345
-0.061601
-0.082003
-0.105697
-0.129786
-0.150557
-0.163743
-0.164822
-0.149316
-0.113075
-0.052547
0.034987
0.151226
0.296689
0.470625
0.670961
0.894332
1.136152
1.390777
1.651718
1.843803
1.579510
1.407342
1.321075
1.316005
1.388554
1.536033
1.756572
2.049193
2.414015
0.729686
0.755398
0.746753
0.706053
0.638484
0.551441
0.453612
0.353922
0.260540
0.180040
0.116846
0.072982
0.048131
0.039957
0.044601
0.057280
0.072909
0.086670
0.094500
0.093455
0.081946
0.059862
0.028550
-0.009284
-0.049771
-0.088149
-0.119071
-0.136948
-0.136295
-0.112076
-0.060004
0.023177
0.139484
0.289530
0.472433
0.685797
0.925751
1.187081
1.463415
1.747498
1.694816
1.449496
1.294946
1.224776
1.234102
1.319140
1.476968
1.705454
2.003301
2.370260
0.767797
0.757566
0.713506
0.641369
0.549287
0.446763
0.343568
0.248648
0.169236
0.110227
0.073897
0.059940
0.065770
0.087026
0.118195
0.153248
0.186263
0.211952
0.226099
0.225870
0.210007
0.178899
0.134555
0.080461
0.021366
-0.037015
-0.088353
-0.126081
-0.143788
-0.135606
-0.096559
-0.022861
0.087839
0.236288
0.421549
0.640991
0.890363
1.163950
1.454816
1.755087
1.634480
1.402592
1.261175
1.203491
1.224346
1.319685
1.486344
1.721955
2.024993
2.394972
0.771223
0.721325
0.641619
0.541039
0.430017
0.319282
0.218702
0.136312
0.077649
0.045418
0.039503
0.057261
0.094026
0.143724
0.199535
0.254530
0.302240
0.337136
0.354999
0.353187
0.330789
0.288682
0.229470
0.157345
0.077836
-0.002499
-0.076460
-0.136610
-0.175717
-0.187168
-0.165353
-0.106000
-0.006425
0.134289
0.315214
0.533583
0.784895
1.063099
1.360852
1.669863
1.657831
1.433684
1.300755
1.251779
1.281141
1.384445
1.558266
1.800031
2.108063
2.481759
0.733884
0.643492
0.530775
0.407184
0.284518
0.173680
0.083645
0.020723
-0.011800
-0.013681
0.012562
0.062144
0.128632
0.204610
0.282319
0.354247
0.413631
0.454871
0.473853
0.468170
0.437268
0.382471
0.306928
0.215444
0.114232
0.010579
-0.087566
-0.172027
-0.234869
-0.268840
-0.267789
-0.227008
-0.143505
-0.016178
0.154115
0.364569
0.610563
0.885866
1.182924
1.493212
1.766003
1.543444
1.413963
1.369600
1.404192
1.512941
1.692130
1.939015
2.251831
2.629980
0.651928
0.523315
0.382910
0.243680
0.117679
0.014916
-0.057402
-0.095293
-0.098022
-0.067831
-0.009447
0.070533
0.164303
0.263492
0.359745
0.445235
0.513104
0.557806
0.575405
0.563762
0.522665
0.453856
0.360964
0.249333
0.125762
-0.001858
-0.124957
-0.234757
-0.322755
-0.381192
-0.403476
-0.384543
-0.321132
-0.211951
-0.057751
0.138717
0.372833
0.638343
0.927660
1.232221
1.542899
1.738637
1.606924
1.562576
1.598762
1.710199
1.892864
2.143848
2.461377
2.844971
0.524129
0.362543
0.201969
0.055697
-0.065116
-0.152298
-0.201073
-0.210122
-0.181297
-0.119130
-0.030212
0.077463
0.195125
0.313814
0.424868
0.520368
0.593502
0.638877
0.652777
0.633347
0.580712
0.497000
0.386268
0.254323
0.108448
-0.042974
-0.190892
-0.326073
-0.439596
-0.523327
-0.570356
-0.575356
-0.534850
-0.447374
-0.313540
-0.135983
0.080797
0.330657
0.606139
0.898827
1.199753
1.499805
1.790145
1.842803
1.876442
1.987521
2.171667
2.425834
2.748301
3.011785
0.352031
0.165212
-0.006545
-0.150868
-0.258537
-0.323939
-0.345105
-0.323433
-0.263162
-0.170755
-0.054232
0.077450
0.214951
0.349031
0.470960
0.572888
0.648156
0.691590
0.699730
0.671019
0.605913
0.506901
0.378420
0.226668
0.059315
-0.114885
-0.286536
-0.446099
-0.584385
-0.693039
-0.764957
-0.794650
-0.778494
-0.714884
-0.604280
-0.449146
-0.253785
-0.024103
0.232709
0.508538
0.794730
1.082497
1.363303
1.629215
1.873210
2.089415
2.273266
2.421588
2.532592
2.605779
0.139752
-0.062805
-0.236157
-0.369988
-0.457808
-0.496988
-0.488439
-0.436078
-0.346158
-0.226609
-0.086416
0.064915
0.217806
0.362992
0.491852
0.596723
0.671181
0.710314
0.710954
0.671856
0.593805
0.479627
0.334098
0.163739
-0.023491
-0.218584
-0.411941
-0.593864
-0.755051
-0.887066
-0.982749
-1.036551
-1.044781
-1.005732
-0.919719
-0.789002
-0.617623
-0.411161
-0.176426
0.078890
0.346583
0.618314
0.885968
1.141978
1.379605
1.593146
1.778082
1.931142
2.050305
2.134705
-0.106434
-0.314398
-0.480058
-0.596035
-0.659048
-0.669554
-0.631147
-0.549864
-0.433484
-0.290911
-0.131657
0.034584
0.198263
0.350279
0.482250
0.586783
0.657751
0.690547
0.682324
0.632164
0.541185
0.412530
0.251266
0.064168
-0.140608
-0.353917
-0.566093
-0.767423
-0.948643
-1.101376
-1.218533
-1.294615
-1.325939
-1.310748
-1.249227
-1.143421
-0.997070
-0.815364
-0.604654
-0.372117
-0.125415
0.127657
0.379495
0.622981
0.851727
1.060267
1.244173
1.400125
1.525894
1.620274
-0.378758
-0.581928
-0.731710
-0.824208
-0.859482
-0.840872
-0.774240
-0.667226
-0.528609
-0.367798
-0.194445
-0.018153
0.151763
0.306499
0.438000
0.539213
0.604350
0.629153
0.611123
0.549689
0.446296
0.304385
0.129274
-0.072086
-0.291434
-0.519606
-0.746994
-0.964011
-1.161566
-1.331480
-1.466845
-1.562320
-1.614304
-1.621044
-1.582622
-1.500871
-1.379207
-1.222400
-1.036289
-0.827483
-0.603039
-0.370149
-0.135847
0.093251
0.311162
0.512700
0.693576
0.850457
0.980948
1.083542
-0.668702
-0.857888
-0.985333
-1.050790
-1.057456
-1.011122
-0.919361
-0.790858
-0.634882
-0.460939
-0.278524
-0.096934
0.074886
0.228523
0.356314
0.451592
0.508957
0.524533
0.496201
0.423747
0.308941
0.155496
-0.031078
-0.243719
-0.474158
-0.713322
-0.951783
-1.180208
-1.389804
-1.572705
-1.722299
-1.833482
-1.902815
-1.928595
-1.910836
-1.851175
-1.752703
-1.619753
-1.457636
-1.272363
-1.070358
-0.858183
-0.642271
-0.428705
-0.223037
-0.030139
0.145874
0.301692
0.434808
0.543462
-0.967743
-1.135472
-1.236234
-1.273225
-1.252321
-1.181171
-1.068452
-0.923345
-0.755179
-0.573237
-0.386630
-0.204211
-0.034465
0.114646
0.235901
0.323066
0.371162
0.376734
0.338060
0.255293
0.130516
-0.032323
-0.227571
-0.448138
-0.685840
-0.931799
-1.176880
-1.412117
-1.629122
-1.820446
-1.979857
-2.102572
-2.185371
-2.226647
-2.226382
-2.186037
-2.108393
-1.997352
-1.857698
-1.694843
-1.514579
-1.322829
-1.125424
-0.927909
-0.735390
-0.552409
-0.382879
-0.230044
-0.096484
0.015847
