pygeostat_saved_data
1
0
-2.640694
-2.364774
-2.040681
-1.672175
-1.267434
-0.839267
-0.404774
0.015622
0.399765
0.725828
0.582911
0.474845
0.468350
0.564955
0.774233
0.833123
0.597055
0.350612
0.128595
-0.033960
-0.104683
-0.056714
0.128719
0.460132
0.934220
1.535084
1.188391
0.459298
-0.073213
-0.454668
-0.717054
-0.882413
-0.965170
-0.973656
-0.911038
-0.775748
-0.561425
-0.256302
0.158157
0.709644
1.438944
1.538573
0.851106
0.246835
-0.263940
-0.680270
-1.008728
-1.261184
-1.452489
-1.598381
-2.571899
-2.288682
-1.960706
-1.593324
-1.196233
-0.783452
-0.372734
0.015623
0.360522
0.642183
0.746996
0.681963
0.723816
0.877854
0.765791
0.571833
0.354153
0.145196
-0.020970
-0.111509
-0.097729
0.042187
0.320774
0.739425
1.287281
1.590262
0.772039
0.171616
-0.262303
-0.565818
-0.763993
-0.873559
-0.904657
-0.861943
-0.745167
-0.549270
-0.263943
0.127484
0.650101
1.340865
1.750976
1.071081
0.468642
-0.043576
-0.462455
-0.792958
-1.045968
-1.236003
-1.379018
-1.490589
-2.499919
-2.210204
-1.879521
-1.514747
-1.126943
-0.731104
-0.345336
0.010529
0.316782
0.555973
0.715057
0.787282
0.773550
0.683044
0.533023
0.347780
0.156861
-0.007297
-0.112098
-0.127686
-0.029793
0.197675
0.560510
1.052756
1.656165
1.134933
0.457264
-0.036158
-0.386176
-0.621306
-0.760860
-0.816991
-0.795967
-0.698915
-0.522066
-0.256482
0.112843
0.608736
1.264867
1.935115
1.267642
0.671279
0.161220
-0.257188
-0.587125
-0.838320
-1.024766
-1.162496
-1.267627
-1.354847
-2.424778
-2.129446
-1.797293
-1.436626
-1.059694
-0.682212
-0.322336
0.000898
0.269481
0.468534
0.588292
0.625722
0.585547
0.480489
0.330691
0.162355
0.005689
-0.107625
-0.147251
-0.087094
0.091976
0.399760
0.834993
1.384429
1.555218
0.789431
0.228358
-0.174369
-0.451225
-0.624465
-0.708483
-0.711327
-0.635598
-0.478842
-0.233440
0.114089
0.584597
1.208911
2.032183
1.437397
0.851037
0.346460
-0.068710
-0.395746
-0.643022
-0.823824
-0.954089
-1.050362
-1.128127
-1.200625
-2.346511
-2.046522
-1.714189
-1.359123
-0.994568
-0.636697
-0.303398
-0.012601
0.219675
0.381323
0.465939
0.474154
0.414287
0.302224
0.160479
0.016521
-0.099509
-0.157469
-0.130085
0.004230
0.258833
0.636849
1.129906
1.717867
1.174789
0.536592
0.073985
-0.250101
-0.461286
-0.576509
-0.605797
-0.553355
-0.418113
-0.193766
0.131750
0.577509
1.171893
1.956400
1.577680
1.004840
0.508709
0.099185
-0.222980
-0.464625
-0.638119
-0.759116
-0.844436
-0.910282
-0.970883
-1.037624
-2.265169
-1.961556
-1.630366
-1.282375
-0.931600
-0.594398
-0.288085
-0.029177
0.168544
0.295902
0.349887
0.334663
0.261867
0.150106
0.023684
-0.089361
-0.159724
-0.159612
-0.065593
0.138737
0.460506
0.896006
1.430030
1.621171
0.894776
0.363970
-0.013699
-0.267735
-0.417979
-0.476692
-0.449860
-0.337898
-0.135845
0.166989
0.588069
1.153616
1.902003
1.686682
1.130411
0.645256
0.243367
-0.072401
-0.307182
-0.472213
-0.582647
-0.655405
-0.707279
-0.753439
-0.806396
-0.875417
-2.180816
-1.874676
-1.545974
-1.206485
-0.870767
-0.555079
-0.275859
-0.047931
0.117373
0.213917
0.242051
0.209285
0.130215
0.025660
-0.078931
-0.155692
-0.176959
-0.118082
0.039822
0.307441
0.685425
1.163381
1.719884
1.310192
0.701476
0.262870
-0.039667
-0.229311
-0.320872
-0.322328
-0.235728
-0.057528
0.221595
0.617593
1.154771
1.868777
1.763546
1.226375
0.754274
0.361549
0.053219
-0.174003
-0.330003
-0.429204
-0.488408
-0.524840
-0.554513
-0.591045
-0.644910
-0.723112
-2.093530
-1.786014
-1.461146
-1.131519
-0.811985
-0.518412
-0.266078
-0.067857
0.067539
0.137063
0.144328
0.099924
0.020978
-0.070054
-0.147284
-0.183795
-0.154360
-0.038212
0.178393
0.500095
0.921094
1.424780
1.791377
1.093356
0.585243
0.227677
-0.006402
-0.134719
-0.167520
-0.108668
0.043842
0.297930
0.668086
1.176861
1.857525
1.808403
1.292352
0.834911
0.452423
0.152072
-0.067448
-0.214479
-0.302464
-0.347853
-0.368093
-0.379902
-0.397938
-0.433894
-0.496020
-0.589016
-2.003401
-1.695698
-1.375999
-1.057503
-0.755100
-0.483987
-0.258002
-0.087858
0.020478
0.067036
0.058518
0.008256
-0.064592
-0.136580
-0.182120
-0.176031
-0.096277
0.073389
0.341159
0.705540
1.154614
1.666360
1.547605
0.959941
0.539750
0.255432
0.085883
0.018266
0.046668
0.171400
0.398891
0.742173
1.222153
1.869965
1.822364
1.328961
0.887347
0.515741
0.223451
0.011235
-0.127513
-0.205019
-0.237116
-0.241237
-0.234615
-0.232829
-0.248756
-0.291936
-0.368315
-0.480328
-1.910528
-1.603860
-1.290626
-0.984417
-0.699895
-0.451309
-0.250810
-0.106770
-0.022351
0.005475
-0.013751
-0.064369
-0.125763
-0.174189
-0.185116
-0.135859
-0.008247
0.208972
0.518248
0.912158
1.373309
1.875373
1.394536
0.902826
0.561525
0.345593
0.239206
0.234110
0.328727
0.527860
0.843037
1.293576
1.908662
1.807473
1.337789
0.912790
0.552336
0.267788
0.062011
-0.069717
-0.138169
-0.158294
-0.147240
-0.122526
-0.100481
-0.095075
-0.117125
-0.173898
-0.269054
-0.402864
-1.815023
-1.510620
-1.205094
-0.912193
-0.646085
-0.419809
-0.243612
-0.123397
-0.059520
-0.046115
-0.071122
-0.117046
-0.162441
-0.183983
-0.158947
-0.067836
0.103124
0.359907
0.699300
1.108440
1.565404
1.897891
1.324153
0.917975
0.649683
0.499986
0.457945
0.519831
0.688662
0.974363
1.394656
1.976900
1.766586
1.321312
0.913393
0.564087
0.286656
0.086076
-0.040372
-0.101808
-0.112025
-0.087606
-0.046082
-0.004321
0.022771
0.023162
-0.011752
-0.086951
-0.203889
-0.360840
-1.717006
-1.416094
-1.119444
-0.840717
-0.593325
-0.388858
-0.235479
-0.136553
-0.089695
-0.086439
-0.112605
-0.149415
-0.175259
-0.167956
-0.107285
0.022486
0.230376
0.517041
0.873957
1.283600
1.720699
1.812179
1.331790
1.004137
0.805866
0.722931
0.749152
0.885535
1.140266
1.529421
2.078584
1.703239
1.282749
0.892154
0.553801
0.282680
0.085813
-0.037448
-0.094390
-0.097404
-0.062218
-0.006088
0.053847
0.101940
0.125075
0.113356
0.060438
-0.036432
-0.176654
-0.356711
-1.616602
-1.320390
-1.033690
-0.769832
-0.541223
-0.357788
-0.225479
-0.145112
-0.111708
-0.114502
-0.137669
-0.161747
-0.165644
-0.129009
-0.034731
0.128734
0.365505
0.671140
1.032423
1.428194
1.831181
1.811106
1.415801
1.162777
1.034369
1.021573
1.123114
1.345255
1.702322
2.011491
1.621470
1.225903
0.852732
0.525067
0.259391
0.064659
-0.057689
-0.112979
-0.111983
-0.069291
-0.001580
0.074025
0.141389
0.186495
0.198257
0.168987
0.094570
-0.025656
-0.189232
-0.391090
-1.513949
-1.223606
-0.947821
-0.699345
-0.489351
-0.325923
-0.212723
-0.148076
-0.124627
-0.129693
-0.146326
-0.155009
-0.135830
-0.070888
0.053343
0.243991
0.500363
0.813390
1.166031
1.534685
1.891506
1.892588
1.577468
1.398192
1.342481
1.406453
1.594212
1.918189
1.883847
1.525614
1.154956
0.799257
0.482047
0.221025
0.026916
-0.096798
-0.153408
-0.151882
-0.105422
-0.029827
0.058102
0.142022
0.207250
0.241673
0.236345
0.185784
0.087985
-0.055802
-0.241495
-0.462749
-1.409189
-1.125835
-0.861808
-0.629043
-0.437274
-0.292609
-0.196409
-0.144632
-0.127835
-0.131856
-0.139187
-0.130881
-0.088821
0.001937
0.151026
0.361131
0.627087
0.935903
1.267753
1.597893
1.899290
2.057713
1.821117
1.717867
1.741078
1.892404
2.028833
1.747196
1.420104
1.074248
0.736097
0.429236
0.172277
-0.022502
-0.149684
-0.210502
-0.211995
-0.165755
-0.086431
0.009810
0.106723
0.189230
0.244409
0.262199
0.235811
0.161875
0.040333
-0.125881
-0.331330
-0.568681
-1.302473
-1.027166
-0.775610
-0.558706
-0.384573
-0.257267
-0.175885
-0.134222
-0.121095
-0.121350
-0.117490
-0.091735
-0.028289
0.084464
0.252149
0.473210
0.738562
1.032187
1.332629
1.615290
1.855212
2.030033
2.122684
2.123480
2.031307
1.853716
1.605985
1.309257
0.988067
0.667624
0.371216
0.118029
-0.078361
-0.210757
-0.278381
-0.286274
-0.244253
-0.165563
-0.065451
0.040249
0.136360
0.209408
0.248410
0.245400
0.195681
0.097848
-0.046430
-0.232795
-0.454740
-0.704235
-1.193970
-0.927695
-0.689193
-0.488132
-0.330883
-0.219424
-0.150699
-0.116597
-0.104598
-0.099068
-0.083081
-0.040550
0.041585
0.171415
0.350638
0.573869
0.828848
1.097538
1.358041
1.587099
1.762868
1.867593
1.889812
1.825780
1.679930
1.464306
1.197081
0.900424
0.597981
0.312385
0.063060
-0.135414
-0.274270
-0.350821
-0.368105
-0.334047
-0.260297
-0.160910
-0.051016
0.054413
0.141640
0.199001
0.217525
0.191293
0.117572
-0.003287
-0.168130
-0.371459
-0.605991
-0.863297
-1.083865
-0.827530
-0.602542
-0.417163
-0.275931
-0.178771
-0.120650
-0.091866
-0.078998
-0.066441
-0.038356
0.019214
0.116325
0.257525
0.440861
0.657719
0.893533
1.129312
1.343834
1.516202
1.628434
1.667735
1.628114
1.511139
1.325741
1.087110
0.814877
0.530865
0.256725
0.011775
-0.188717
-0.334666
-0.421634
-0.450707
-0.427873
-0.363035
-0.268842
-0.159447
-0.049314
0.047847
0.119963
0.157279
0.152809
0.102572
0.005607
-0.136211
-0.318524
-0.534982
-0.777820
-1.038486
-0.972369
-0.726811
-0.515684
-0.345715
-0.219566
-0.135201
-0.085832
-0.060523
-0.045403
-0.025382
0.013849
0.083797
0.191413
0.337852
0.517974
0.720665
0.929987
1.127036
1.292241
1.407839
1.460143
1.441311
1.350350
1.193256
0.982263
0.734369
0.469353
0.207589
-0.032045
-0.233925
-0.386921
-0.485052
-0.527568
-0.518526
-0.466002
-0.381067
-0.276662
-0.166472
-0.063886
0.018897
0.071586
0.086331
0.058036
-0.015514
-0.133733
-0.293492
-0.489513
-0.714886
-0.961645
-1.221363
-0.859730
-0.625716
-0.428712
-0.273808
-0.161804
-0.088843
-0.046656
-0.023451
-0.005349
0.021791
0.070397
0.149353
0.262549
0.408083
0.578214
0.760139
0.937491
1.092369
1.207638
1.269157
1.267638
1.199863
1.069113
0.884761
0.661122
0.415766
0.167534
-0.065452
-0.267532
-0.426836
-0.536086
-0.592852
-0.599334
-0.561755
-0.489496
-0.394102
-0.288234
-0.184690
-0.095518
-0.031272
-0.000442
-0.009057
-0.060477
-0.155367
-0.291855
-0.465835
-0.671398
-0.901355
-1.147792
-1.402630
-0.746247
-0.524489
-0.341803
-0.201592
-0.102852
-0.040089
-0.003859
0.018102
0.039271
0.072478
0.128041
0.212178
0.325929
0.464793
0.619114
0.775229
0.917200
1.028898
1.096147
1.108628
1.061254
0.954854
0.796077
0.596573
0.371588
0.138216
-0.086459
-0.287059
-0.451281
-0.570817
-0.641763
-0.664582
-0.643677
-0.586687
-0.503623
-0.405931
-0.305573
-0.214177
-0.142298
-0.098815
-0.090485
-0.121655
-0.194155
-0.307354
-0.458362
-0.642386
-0.853165
-1.083488
-1.325720
-1.572305
-0.632277
-0.423449
-0.255249
-0.129376
-0.043129
0.010400
0.041513
0.062575
0.086304
0.123952
0.183613
0.268942
0.378469
0.505647
0.639625
0.766667
0.871991
0.941791
0.965123
0.935406
0.851311
0.716953
0.541378
0.337453
0.120353
-0.094117
-0.291159
-0.458341
-0.586608
-0.670818
-0.709861
-0.706403
-0.666343
-0.598078
-0.511689
-0.418099
-0.328277
-0.252521
-0.199846
-0.177506
-0.190657
-0.242161
-0.332562
-0.460195
-0.621441
-0.811098
-1.022815
-1.249590
-1.484248
-1.719895
-0.518252
-0.323014
-0.169468
-0.057640
0.016728
0.061709
0.088148
0.108174
0.133462
0.173519
0.234225
0.316898
0.417990
0.529514
0.640127
0.736697
0.806158
0.837351
0.822577
0.758674
0.647451
0.495459
0.313180
0.113757
-0.088499
-0.279626
-0.447367
-0.582201
-0.678003
-0.732292
-0.746123
-0.723700
-0.671783
-0.598987
-0.515034
-0.430025
-0.353760
-0.295147
-0.261703
-0.259177
-0.291307
-0.359706
-0.463893
-0.601452
-0.768318
-0.959144
-1.167729
-1.387471
-1.611802
-1.834575
-0.404695
-0.223709
-0.085020
0.012958
0.075870
0.112698
0.134531
0.152977
0.178464
0.218691
0.277449
0.354039
0.443325
0.536491
0.622319
0.688830
0.725034
0.722506
0.676590
0.587048
0.458097
0.297871
0.117415
-0.070616
-0.253338
-0.418933
-0.557708
-0.662814
-0.730620
-0.760734
-0.755761
-0.720840
-0.663067
-0.590843
-0.513227
-0.439313
-0.377660
-0.335810
-0.319889
-0.334316
-0.381635
-0.462468
-0.575587
-0.718114
-0.885805
-1.073416
-1.275100
-1.484817
-1.696706
-1.905413
-0.292221
-0.126179
-0.002609
0.081590
0.133263
0.162055
0.179028
0.195046
0.219175
0.257342
0.311466
0.379206
0.454354
0.527817
0.589020
0.627511
0.634529
0.604277
0.534761
0.428058
0.290043
0.129634
-0.042284
-0.214106
-0.374708
-0.514489
-0.626152
-0.705151
-0.749840
-0.761351
-0.743263
-0.701142
-0.641992
-0.573694
-0.504444
-0.442241
-0.394414
-0.367232
-0.365586
-0.392782
-0.450419
-0.538402
-0.655044
-0.797277
-0.960935
-1.141101
-1.332455
-1.529638
-1.727564
-1.921679
-0.181554
-0.031188
0.076922
0.147279
0.187738
0.208369
0.219985
0.232556
0.253749
0.287842
0.335156
0.392123
0.451941
0.505714
0.543884
0.557728
0.540680
0.489298
0.403751
0.287783
0.148211
-0.005938
-0.164494
-0.317248
-0.454960
-0.570139
-0.657580
-0.714590
-0.740990
-0.738896
-0.712374
-0.666994
-0.609356
-0.546608
-0.485984
-0.434375
-0.397954
-0.381856
-0.389941
-0.424631
-0.486855
-0.576077
-0.690431
-0.826922
-0.981701
-1.150365
-1.328270
-1.510826
-1.693751
-1.873274
-0.073513
0.060388
0.152611
0.208936
0.238037
0.250203
0.255830
0.263904
0.280738
0.309137
0.348142
0.393358
0.437805
0.473145
0.491067
0.484604
0.449204
0.383384
0.288926
0.170608
0.035565
-0.107597
-0.249780
-0.382339
-0.497856
-0.590714
-0.657407
-0.696627
-0.709163
-0.697645
-0.666213
-0.620124
-0.565355
-0.508198
-0.454893
-0.411275
-0.382477
-0.372681
-0.384927
-0.421011
-0.481458
-0.565572
-0.671571
-0.796781
-0.937878
-1.091142
-1.252715
-1.418841
-1.586053
-1.751318
0.030981
0.147573
0.223407
0.265405
0.282886
0.286190
0.285172
0.287815
0.299170
0.320796
0.350765
0.384213
0.414317
0.433533
0.434872
0.413016
0.365126
0.291219
0.194143
0.079142
-0.046830
-0.175953
-0.300394
-0.413057
-0.508172
-0.581656
-0.631289
-0.656691
-0.659166
-0.641469
-0.607491
-0.561949
-0.510052
-0.457187
-0.408620
-0.369225
-0.343242
-0.334088
-0.344221
-0.375058
-0.426983
-0.499401
-0.590865
-0.699243
-0.821917
-0.955991
-1.098489
-1.246524
-1.397439
-1.548896
0.130930
0.229325
0.288210
0.315521
0.321071
0.315111
0.306888
0.303407
0.308593
0.322993
0.343999
0.366569
0.384268
0.390454
0.379414
0.347258
0.292488
0.216157
0.121667
0.014267
-0.099630
-0.213200
-0.319908
-0.414082
-0.491319
-0.548713
-0.584910
-0.600038
-0.595550
-0.573997
-0.538794
-0.493957
-0.443854
-0.392965
-0.345644
-0.305919
-0.277298
-0.262635
-0.264020
-0.282742
-0.319284
-0.373395
-0.444181
-0.530246
-0.629840
-0.741004
-0.861712
-0.989981
-1.123950
-1.261929
0.225278
0.304563
0.345919
0.358176
0.351504
0.335971
0.320187
0.310235
0.309073
0.316449
0.329320
0.342680
0.350604
0.347351
0.328329
0.290787
0.234177
0.160140
0.072215
-0.024694
-0.124940
-0.222763
-0.312842
-0.390711
-0.453028
-0.497688
-0.523825
-0.531724
-0.522671
-0.498788
-0.462840
-0.418054
-0.367930
-0.316070
-0.266004
-0.221032
-0.184100
-0.157681
-0.143712
-0.143563
-0.158042
-0.187446
-0.231626
-0.290083
-0.362063
-0.446643
-0.542803
-0.649484
-0.765613
-0.890112
0.312943
0.372213
0.395486
0.392370
0.373288
0.348054
0.324640
0.308289
0.301137
0.302319
0.308545
0.314960
0.316182
0.307273
0.284542
0.246057
0.191839
0.123741
0.045104
-0.039736
-0.125994
-0.208936
-0.284289
-0.348535
-0.399068
-0.434247
-0.453367
-0.456579
-0.444777
-0.419478
-0.382699
-0.336829
-0.284511
-0.228519
-0.171649
-0.116603
-0.065903
-0.021819
0.013690
0.038983
0.052748
0.053970
0.041901
0.016011
-0.024042
-0.078440
-0.147220
-0.230266
-0.327290
-0.437809
0.392850
0.431252
0.435963
0.417274
0.385769
0.350962
0.320197
0.297962
0.285695
0.282067
0.283639
0.285763
0.283540
0.272674
0.250121
0.214452
0.165918
0.106284
0.038473
-0.033868
-0.106810
-0.176525
-0.239583
-0.293139
-0.335025
-0.363770
-0.378565
-0.379211
-0.366045
-0.339875
-0.301911
-0.253694
-0.197037
-0.133952
-0.066586
0.002843
0.072107
0.139007
0.201408
0.257262
0.304613
0.341601
0.366469
0.377572
0.373397
0.352604
0.314064
0.256932
0.180699
0.085257
0.463971
0.480749
0.466557
0.432274
0.388565
0.344611
0.307150
0.279977
0.263930
0.257296
0.256541
0.257194
0.254725
0.245284
0.226216
0.196302
0.155762
0.106054
0.049556
-0.010795
-0.071849
-0.130525
-0.184006
-0.229866
-0.266118
-0.291224
-0.304074
-0.303968
-0.290582
-0.263957
-0.224476
-0.172850
-0.110103
-0.037547
0.043238
0.130431
0.221995
0.315696
0.409129
0.499735
0.584828
0.661626
0.727301
0.779040
0.814120
0.830011
0.824475
0.795681
0.742307
0.663634
0.525367
0.519912
0.486662
0.436989
0.381575
0.329226
0.286086
0.255303
0.237162
0.229607
0.228995
0.230952
0.231172
0.226045
0.213061
0.190985
0.159801
0.120535
0.074977
0.025396
-0.025713
-0.075832
-0.122546
-0.163625
-0.197058
-0.221065
-0.234103
-0.234875
-0.222348
-0.195776
-0.154728
-0.099116
-0.029223
0.054278
0.150310
0.257381
0.373573
0.496561
0.623607
0.751597
0.877079
0.996325
1.105421
1.200375
1.277256
1.332337
1.362262
1.364200
1.335993
1.276279
0.576220
0.548120
0.495885
0.431295
0.364966
0.305293
0.257814
0.225041
0.206724
0.200451
0.202414
0.208228
0.213648
0.215113
0.210064
0.197069
0.175759
0.146670
0.111023
0.070512
0.027119
-0.017022
-0.059715
-0.098748
-0.131939
-0.157149
-0.172325
-0.175535
-0.165025
-0.139279
-0.097084
-0.037600
0.039579
0.134371
0.246147
0.373697
0.515197
0.668196
0.829618
0.995800
1.162537
1.325186
1.478777
1.618183
1.738293
1.834214
1.901480
1.936263
1.935544
1.897276
0.615867
0.564946
0.494065
0.415308
0.339145
0.273499
0.223271
0.190320
0.173841
0.171015
0.177789
0.189645
0.202250
0.211928
0.215928
0.212505
0.200881
0.181107
0.153901
0.120493
0.082496
0.041813
0.000578
-0.038900
-0.074163
-0.102659
-0.121794
-0.129006
-0.121844
-0.098065
-0.055725
0.006715
0.090297
0.195478
0.322047
0.469051
0.634753
0.816592
1.011189
1.214375
1.421268
1.626379
1.823776
2.007271
2.170650
2.307913
2.108252
1.930272
1.808762
1.741130
0.643822
0.570169
0.481258
0.389363
0.304705
0.234660
0.183437
0.152197
0.139529
0.142141
0.155639
0.175261
0.196458
0.215322
0.228810
0.234820
0.232154
0.220428
0.199945
0.171589
0.136735
0.097181
0.055099
0.012983
-0.026393
-0.060047
-0.084861
-0.097676
-0.095399
-0.075121
-0.034237
0.029432
0.117508
0.230946
0.369925
0.533747
0.720779
0.928396
1.152982
1.389959
1.633872
1.878515
2.117115
2.342557
2.186039
1.889074
1.654165
1.475988
1.350495
1.274796
0.659785
0.563774
0.457727
0.353974
0.262370
0.189647
0.139247
0.111567
0.104521
0.114275
0.136005
0.164605
0.195226
0.223649
0.246499
0.261308
0.266501
0.261327
0.245772
0.220485
0.186709
0.146228
0.101318
0.054696
0.009453
-0.031018
-0.063120
-0.083162
-0.087484
-0.072589
-0.035284
0.027172
0.116925
0.235389
0.383110
0.559660
0.763542
0.992134
1.241680
1.507316
1.783156
2.062439
2.337719
2.224597
1.862791
1.568026
1.333251
1.152881
1.022607
0.939265
0.663650
0.545939
0.423908
0.309788
0.212931
0.139313
0.091516
0.069101
0.069236
0.087468
0.118482
0.156760
0.197098
0.234941
0.266578
0.289209
0.300944
0.300747
0.288385
0.264364
0.229875
0.186745
0.137385
0.084733
0.032177
-0.016531
-0.057386
-0.086246
-0.098972
-0.091570
-0.060351
-0.002086
0.085834
0.205236
0.357022
0.541040
0.755977
0.999298
1.267214
1.554718
1.855664
2.162920
2.462393
2.023242
1.659717
1.362623
1.124567
0.939655
0.803297
0.712057
0.655491
0.517012
0.380370
0.257530
0.157184
0.084429
0.040892
0.025212
0.033756
0.061400
0.102286
0.150459
0.200342
0.247052
0.286579
0.315848
0.332724
0.335977
0.325236
0.300935
0.264266
0.217129
0.162073
0.102233
0.041244
-0.016853
-0.067724
-0.106873
-0.129779
-0.132055
-0.109605
-0.058796
0.023371
0.139094
0.289611
0.475058
0.694356
0.945129
1.223679
1.525007
1.842882
2.169999
2.383179
1.935241
1.564024
1.259800
1.014732
0.822555
0.678352
0.578394
0.635545
0.477476
0.327778
0.197955
0.095881
0.025641
-0.012189
-0.019952
-0.002137
0.035433
0.086342
0.144198
0.203074
0.257798
0.304114
0.338745
0.359389
0.364700
0.354234
0.328406
0.288441
0.236315
0.174698
0.106880
0.036682
-0.031643
-0.093526
-0.144212
-0.178908
-0.192932
-0.181883
-0.141811
-0.069398
0.037872
0.181547
0.362056
0.578591
0.829016
1.109833
1.416190
1.741954
2.079843
2.419632
1.955003
1.569579
1.252935
0.996664
0.794033
0.639733
0.529695
0.604195
0.427919
0.266842
0.131799
0.029679
-0.036564
-0.067496
-0.066494
-0.038926
0.008681
0.069374
0.136352
0.203384
0.265067
0.316974
0.355695
0.378841
0.385007
0.373734
0.345449
0.301419
0.243690
0.175020
0.098802
0.018977
-0.060072
-0.133631
-0.196788
-0.244577
-0.272126
-0.274828
-0.248508
-0.189605
-0.095342
0.036103
0.205449
0.412184
0.654473
0.929111
1.231526
1.555840
1.894985
2.240893
2.083463
1.676420
1.341294
1.068947
0.852050
0.684807
0.562738
0.561928
0.368998
0.198282
0.059746
-0.040871
-0.101865
-0.125005
-0.114734
-0.077296
-0.019897
0.050013
0.125280
0.199434
0.266917
0.323201
0.364816
0.389348
0.395391
0.382499
0.351133
0.302603
0.239000
0.163134
0.078448
-0.011064
-0.100964
-0.186484
-0.262647
-0.324409
-0.366812
-0.385135
-0.375070
-0.332892
-0.255627
-0.141219
0.011321
0.201788
0.428686
0.689178
0.979078
1.292895
1.623941
1.964498
2.306027
1.890877
1.530056
1.235771
0.999932
0.816124
0.679360
0.509322
0.301399
0.122797
-0.017600
-0.115351
-0.170100
-0.184863
-0.165154
-0.118061
-0.051420
0.026882
0.109417
0.189549
0.261641
0.321134
0.364569
0.389553
0.394717
0.379657
0.344871
0.291699
0.222258
0.139368
0.046476
-0.052435
-0.152944
-0.250303
-0.339556
-0.415673
-0.473693
-0.508880
-0.516873
-0.493862
-0.436742
-0.343275
-0.212233
-0.043521
0.161724
0.401077
0.670814
0.965934
1.280260
1.606578
1.936828
2.226321
1.830913
1.507415
1.246751
1.041713
0.886674
0.447001
0.225816
0.041038
-0.099722
-0.193464
-0.241245
-0.247351
-0.218338
-0.162092
-0.087004
-0.001314
0.087350
0.172273
0.247810
0.309438
0.353759
0.378446
0.382193
0.364648
0.326346
0.268647
0.193665
0.104199
0.003652
-0.104054
-0.214575
-0.323249
-0.425213
-0.515526
-0.589309
-0.641883
-0.668919
-0.666594
-0.631739
-0.561989
-0.455919
-0.313157
-0.134488
0.078098
0.321376
0.590910
0.881122
1.185422
1.496365
1.805880
2.105519
1.901370
1.608310
1.375946
1.197826
0.375622
0.142926
-0.046397
-0.186198
-0.275019
-0.315383
-0.312832
-0.274918
-0.210248
-0.127684
-0.035732
0.057874
0.146412
0.224298
0.287103
0.331528
0.355343
0.357325
0.337177
0.295468
0.233561
0.153548
0.058176
-0.049232
-0.164856
-0.284475
-0.403569
-0.517422
-0.621248
-0.710312
-0.780064
-0.826273
-0.845170
-0.833587
-0.789089
-0.710102
-0.596018
-0.447289
-0.265482
-0.053306
0.185394
0.445699
0.721715
1.006712
1.293322
1.573755
1.840055
2.084382
1.841087
1.633406
0.295854
0.053377
-0.138979
-0.276683
-0.359911
-0.392662
-0.381702
-0.335508
-0.263317
-0.174365
-0.077330
0.020028
0.111057
0.190290
0.253436
0.297330
0.319859
0.319887
0.297177
0.252325
0.186687
0.102311
0.001870
-0.111416
-0.233862
-0.361406
-0.489706
-0.614239
-0.730421
-0.833712
-0.919741
-0.984434
-1.024136
-1.035735
-1.016783
-0.965610
-0.881417
-0.764364
-0.615620
-0.437401
-0.232955
-0.006530
0.236710
0.490808
0.749171
1.004763
1.250328
1.478638
1.682740
1.856212
0.208359
-0.042219
-0.236229
-0.370897
-0.448086
-0.473259
-0.454346
-0.400659
-0.321967
-0.227776
-0.126847
-0.026885
0.065589
0.145275
0.208052
0.250912
0.271870
0.269884
0.244776
0.197159
0.128371
0.040408
-0.064149
-0.182203
-0.310221
-0.444324
-0.580373
-0.714071
-0.841061
-0.957038
-1.057852
-1.139627
-1.198868
-1.232566
-1.238313
-1.214394
-1.159872
-1.074663
-0.959587
-0.816398
-0.647782
-0.457333
-0.249483
-0.029405
0.197114
0.423844
0.644298
0.851948
1.040441
1.203834
0.113789
-0.143284
-0.337720
-0.468606
-0.539515
-0.557339
-0.531091
-0.470817
-0.386708
-0.288445
-0.184779
-0.083295
0.009673
0.089026
0.150843
0.192281
0.211493
0.207531
0.180270
0.130338
0.059046
-0.031670
-0.139330
-0.260968
-0.393219
-0.532394
-0.674577
-0.815705
-0.951675
-1.078434
-1.192082
-1.288967
-1.365786
-1.419679
-1.448318
-1.449988
-1.423669
-1.369085
-1.286762
-1.178047
-1.045115
-0.890946
-0.719277
-0.534522
-0.341664
-0.146117
0.046427
0.230185
0.399475
0.548906
0.012785
-0.249271
-0.443055
-0.569591
-0.634160
-0.645023
-0.612177
-0.546293
-0.457876
-0.356683
-0.251381
-0.149369
-0.056759
0.021586
0.081954
0.121681
0.139056
0.133222
0.104107
0.052347
-0.020774
-0.113392
-0.223127
-0.347149
-0.482263
-0.624978
-0.771599
-0.918309
-1.061262
-1.196670
-1.320889
-1.430514
-1.522456
-1.594027
-1.643014
-1.667748
-1.667166
-1.640860
-1.589119
-1.512946
-1.414067
-1.294914
-1.158586
-1.008785
-0.849731
-0.686052
-0.522648
-0.364548
-0.216742
-0.084016
