pygeostat_saved_data
1
0
-2.160700
-1.850165
-1.537314
-1.229070
-0.932135
-0.652552
-0.439227
-0.177195
0.038685
0.212307
0.357074
0.474299
0.565896
0.634013
0.680670
0.707461
0.715347
0.667622
0.431277
0.281748
0.217695
0.237657
0.337026
0.193295
0.027135
-0.157522
-0.353880
-0.551669
-0.736632
-0.890332
-0.990651
-1.013460
-0.935907
-0.741411
-0.425769
-0.003013
0.491089
0.999936
1.452675
1.776012
1.908812
1.815697
1.495564
0.982394
0.338060
-0.360605
-1.036614
-1.625537
-2.083336
-2.388518
-2.135410
-1.820255
-1.502524
-1.189482
-0.888309
-0.605652
-0.347210
-0.117411
0.080788
0.245970
0.378182
0.478748
0.549969
0.594772
0.616320
0.617626
0.601210
0.568807
0.521211
0.458245
0.378925
0.281822
0.165617
0.029822
-0.124389
-0.293294
-0.469739
-0.642369
-0.795128
-0.907346
-0.954854
-0.912598
-0.759055
-0.482206
-0.086024
0.404335
0.940925
1.456797
1.875720
2.126298
2.075994
1.948934
1.519299
0.919576
0.223859
-0.485949
-1.134907
-1.665999
-2.045346
-2.261836
-2.123971
-1.805421
-1.484198
-1.167995
-0.864548
-0.581160
-0.324218
-0.098802
0.091613
0.245327
0.362425
0.444645
0.495119
0.517974
0.517870
0.499455
0.466832
0.423066
0.369822
0.307217
0.233943
0.147715
0.046033
-0.072813
-0.208568
-0.357799
-0.512788
-0.660698
-0.783272
-0.857446
-0.857317
-0.757850
-0.540360
-0.199107
0.252459
0.777954
1.318984
1.802032
2.150839
2.193624
2.051284
1.898678
1.379747
0.726402
0.019572
-0.659685
-1.243597
-1.686027
-1.964833
-2.079291
-2.120441
-1.799255
-1.475601
-1.157699
-0.853910
-0.572202
-0.319591
-0.101651
0.077883
0.217374
0.317364
0.380476
0.411118
0.415021
0.398600
0.368226
0.329441
0.286233
0.240498
0.191805
0.137579
0.073743
-0.004186
-0.099679
-0.213616
-0.342735
-0.478380
-0.605755
-0.704063
-0.747880
-0.710158
-0.567041
-0.304150
0.076718
0.552325
1.076350
1.583204
1.997727
2.249309
2.250064
2.091805
1.681167
1.106253
0.440858
-0.233443
-0.842083
-1.328479
-1.659361
-1.824504
-1.832531
-2.118020
-1.794563
-1.469309
-1.151097
-0.848951
-0.571460
-0.326133
-0.118792
0.046913
0.169836
0.251453
0.295752
0.308856
0.298411
0.272740
0.239855
0.206396
0.176675
0.151990
0.130383
0.106994
0.075036
0.027359
-0.041637
-0.133961
-0.246206
-0.368262
-0.482890
-0.566532
-0.591647
-0.530832
-0.362576
-0.077936
0.313302
0.778996
1.265548
1.704513
2.024382
2.165205
2.092176
1.804232
1.334992
0.745725
0.112559
-0.488275
-0.993188
-1.359196
-1.566287
-1.615081
-1.521757
-2.109649
-1.784050
-1.457952
-1.140882
-0.842515
-0.571955
-0.336971
-0.143306
0.005897
0.110468
0.173319
0.200262
0.199498
0.180793
0.154369
0.129613
0.113731
0.110581
0.119891
0.137131
0.154156
0.160665
0.146334
0.103316
0.028712
-0.073411
-0.190902
-0.303644
-0.385238
-0.406453
-0.340362
-0.168744
0.111389
0.482792
0.906476
1.325219
1.672440
1.885041
1.917169
1.751092
1.401921
0.914687
0.354746
-0.205567
-0.700205
-1.079345
-1.314234
-1.397078
-1.337367
-1.156662
-2.088701
-1.761056
-1.434982
-1.120719
-0.828514
-0.567788
-0.346264
-0.169196
-0.038738
0.046418
0.091098
0.103333
0.093651
0.073987
0.056272
0.050813
0.064675
0.100340
0.154940
0.220339
0.284224
0.332175
0.350465
0.329157
0.264950
0.163220
0.038774
-0.085044
-0.179082
-0.212911
-0.160814
-0.008371
0.241692
0.566158
0.922107
1.252718
1.497573
1.605351
1.545611
1.316301
0.944701
0.481543
-0.009790
-0.465795
-0.833709
-1.078361
-1.184270
-1.153766
-1.002775
-0.755998
-2.049642
-1.720252
-1.395378
-1.085929
-0.802566
-0.554741
-0.349748
-0.191883
-0.081814
-0.016273
0.011889
0.013199
0.000603
-0.011925
-0.011130
0.013582
0.068290
0.153119
0.261585
0.381044
0.494355
0.582672
0.628958
0.621642
0.557719
0.444623
0.300387
0.151801
0.030578
-0.032155
-0.012353
0.100616
0.299289
0.556669
0.829155
1.064018
1.210121
1.229394
1.105902
0.849888
0.495600
0.093676
-0.299550
-0.632725
-0.867499
-0.982531
-0.973469
-0.850119
-0.632309
-0.345836
-1.988645
-1.658241
-1.336210
-1.034004
-0.762443
-0.530655
-0.345057
-0.208499
-0.119691
-0.072990
-0.058640
-0.063503
-0.072311
-0.069381
-0.040704
0.023830
0.128390
0.269778
0.437010
0.612264
0.773233
0.896701
0.962771
0.958982
0.883481
0.746529
0.569860
0.383789
0.222315
0.116859
0.089645
0.148048
0.281371
0.461299
0.646551
0.791200
0.854872
0.812228
0.659066
0.413343
0.110898
-0.202679
-0.481524
-0.687788
-0.796886
-0.799191
-0.698691
-0.509883
-0.254181
0.043251
-1.904028
-1.573949
-1.256963
-0.964842
-0.708235
-0.495521
-0.331766
-0.217916
-0.150314
-0.120659
-0.116465
-0.122069
-0.120176
-0.093926
-0.029272
0.082547
0.242883
0.444364
0.670862
0.899040
1.101488
1.251092
1.325888
1.313499
1.214175
1.041705
0.821849
0.588377
0.377246
0.219896
0.136872
0.133170
0.196561
0.299670
0.405745
0.477010
0.483604
0.410712
0.261954
0.058155
-0.167925
-0.379156
-0.541686
-0.630715
-0.633421
-0.549039
-0.386929
-0.163715
0.099555
0.379711
-1.796484
-1.468774
-1.159585
-0.880708
-0.642214
-0.451281
-0.311174
-0.220533
-0.173060
-0.157677
-0.159251
-0.159880
-0.140757
-0.084529
0.022064
0.185566
0.403702
0.664311
0.945809
1.219425
1.453158
1.616860
1.687606
1.654227
1.520001
1.302813
1.032576
0.746274
0.481455
0.269394
0.129283
0.064715
0.063450
0.100698
0.145337
0.167651
0.146574
0.074572
-0.041145
-0.181138
-0.319026
-0.427790
-0.485343
-0.478107
-0.402210
-0.262684
-0.071498
0.154755
0.396906
0.634786
-1.669049
-1.346430
-1.048230
-0.785871
-0.568409
-0.401372
-0.285837
-0.217870
-0.188412
-0.183696
-0.186234
-0.176391
-0.134528
-0.043601
0.108012
0.323851
0.597414
0.911451
1.239017
1.546462
1.798127
1.962063
2.015689
1.950201
1.772720
1.505568
1.182688
0.843866
0.527800
0.265442
0.074946
-0.040677
-0.092633
-0.102356
-0.095389
-0.094706
-0.115190
-0.160668
-0.224085
-0.290462
-0.341468
-0.360150
-0.334580
-0.259725
-0.137590
0.023876
0.212429
0.413167
0.609871
0.710621
-1.526782
-1.212526
-0.928719
-0.685988
-0.491939
-0.350064
-0.258975
-0.212046
-0.197545
-0.199312
-0.198011
-0.172951
-0.104465
0.023333
0.219640
0.484381
0.806514
1.163792
1.524461
1.850975
2.105350
2.255304
2.279989
2.174043
1.949011
1.631691
1.259673
0.874929
0.516751
0.215522
-0.011480
-0.161385
-0.243975
-0.277440
-0.282764
-0.278241
-0.275480
-0.277778
-0.280977
-0.276164
-0.253170
-0.203743
-0.123641
-0.013401
0.122011
0.274172
0.432340
0.584453
0.717911
0.764175
-1.376212
-1.073876
-0.807777
-0.587310
-0.418233
-0.301721
-0.233800
-0.205226
-0.201886
-0.205725
-0.196235
-0.152480
-0.055613
0.108286
0.345351
0.651541
1.011313
1.397931
1.775813
2.104886
2.346433
2.469429
2.456078
2.305306
2.033351
1.671208
1.259413
0.841303
0.456063
0.133084
-0.111351
-0.274538
-0.365098
-0.398807
-0.393690
-0.365647
-0.325608
-0.278662
-0.224999
-0.161971
-0.086434
0.003376
0.106810
0.220617
0.339342
0.455949
0.562409
0.650164
0.710518
0.735051
-1.224568
-0.937675
-0.692165
-0.495802
-0.352201
-0.260078
-0.212922
-0.199147
-0.202738
-0.204413
-0.183293
-0.119044
0.005538
0.201733
0.472201
0.808894
1.192188
1.591764
1.969544
2.284564
2.499082
2.546665
2.517059
2.333015
2.019954
1.623614
1.186529
0.752358
0.359304
0.035149
-0.205262
-0.359848
-0.436819
-0.450782
-0.418549
-0.355636
-0.274157
-0.182213
-0.084550
0.016163
0.117986
0.218757
0.315639
0.405094
0.483054
0.545106
0.586602
0.602718
0.588584
0.539572
-1.078925
-0.810596
-0.587795
-0.416338
-0.297530
-0.227649
-0.197890
-0.194770
-0.201014
-0.196885
-0.161968
-0.077357
0.071812
0.293711
0.587395
0.941107
1.331913
1.727135
2.087778
2.373715
2.549832
2.591986
2.491471
2.256954
1.913328
1.497721
1.053448
0.623303
0.243490
-0.060625
-0.276314
-0.402874
-0.449091
-0.429701
-0.361785
-0.261876
-0.144192
-0.019989
0.102249
0.216226
0.317212
0.401606
0.466682
0.510437
0.531418
0.528485
0.500535
0.446317
0.364410
0.253434
-0.945355
-0.697976
-0.498985
-0.352059
-0.256175
-0.205373
-0.188954
-0.192136
-0.197111
-0.184494
-0.135134
-0.032256
0.136159
0.374965
0.679783
1.035760
1.417710
1.792019
2.120430
2.365316
2.495615
2.492237
2.351746
2.087428
1.727388
1.310093
0.878288
0.472618
0.126195
-0.138911
-0.312889
-0.397232
-0.402257
-0.343856
-0.240329
-0.109834
0.031300
0.169412
0.293764
0.387263
0.472188
0.518044
0.533114
0.518088
0.474721
0.405253
0.311892
0.196473
0.060386
-0.095251
-0.828207
-0.603165
-0.427934
-0.303988
-0.228130
-0.192506
-0.185066
-0.190399
-0.190920
-0.168352
-0.105490
0.011797
0.192418
0.437980
0.741124
1.084769
1.442701
1.781859
2.066289
2.262284
2.343889
2.297577
2.125070
1.843557
1.483198
1.082408
0.681943
0.319037
0.022676
-0.189217
-0.310457
-0.345429
-0.306626
-0.211653
-0.080320
0.067764
0.214897
0.147843
0.082978
0.146361
0.334047
0.545089
0.500398
0.422408
0.316118
0.186820
0.039459
-0.121754
-0.293427
-0.472823
-0.729610
-0.527176
-0.374506
-0.270975
-0.211498
-0.186807
-0.184101
-0.188035
-0.181948
-0.149306
-0.075348
0.051138
0.235947
0.477769
0.766957
1.085209
1.406562
1.699898
1.932878
2.076771
2.111317
2.028585
1.834901
1.550337
1.205767
0.838126
0.484844
0.178626
-0.056538
-0.207505
-0.272204
-0.258259
-0.180555
-0.058396
0.087262
0.234729
-0.008990
-0.119343
-0.105716
0.026597
0.275780
0.473052
0.367607
0.230977
0.070988
-0.104663
-0.289075
-0.476511
-0.662453
-0.843450
-0.649282
-0.468623
-0.336339
-0.249934
-0.202844
-0.184920
-0.183240
-0.183156
-0.169510
-0.127968
-0.046478
0.083212
0.264041
0.492319
0.756936
1.039431
1.315268
1.556424
1.735130
1.828218
1.821226
1.711390
1.508754
1.235032
0.920439
0.599102
0.303994
0.062436
-0.107140
-0.196684
-0.208350
-0.152919
-0.047389
0.087794
0.227102
-0.064672
-0.222433
-0.257662
-0.177184
0.016120
0.323369
0.306239
0.147096
-0.036655
-0.235088
-0.438938
-0.640214
-0.832518
-1.011065
-1.172535
-0.584652
-0.424011
-0.309252
-0.236353
-0.197737
-0.182928
-0.179447
-0.173863
-0.152928
-0.104751
-0.020023
0.106753
0.276098
0.482630
0.714640
0.954485
1.180019
1.367128
1.493134
1.540532
1.500305
1.374065
1.174435
0.923486
0.649495
0.382677
0.150744
-0.024855
-0.131414
-0.165887
-0.134323
-0.050143
0.068287
0.200309
-0.019485
-0.226970
-0.310853
-0.279543
-0.137125
0.116565
0.234960
0.061983
-0.137329
-0.351499
-0.569385
-0.781030
-0.978197
-1.154607
-1.305950
-1.429753
-0.531286
-0.388273
-0.287881
-0.224962
-0.191410
-0.176921
-0.169924
-0.158561
-0.131698
-0.079913
0.003541
0.121793
0.273526
0.452386
0.646876
0.840959
1.015545
1.150848
1.229352
1.238877
1.175119
1.043017
0.856562
0.636963
0.409507
0.199738
0.029692
-0.085105
-0.137410
-0.128656
-0.068056
0.029238
0.144526
0.128239
-0.131674
-0.264627
-0.280573
-0.184863
0.021600
0.151823
-0.025941
-0.231792
-0.453473
-0.678611
-0.895729
-1.094982
-1.268588
-1.411018
-1.519011
-1.591485
-0.483526
-0.355496
-0.266427
-0.210461
-0.179403
-0.163535
-0.152497
-0.136185
-0.105591
-0.053580
0.024379
0.129558
0.259422
0.407323
0.562631
0.711458
0.838094
0.927100
0.965778
0.946588
0.868952
0.739988
0.573888
0.389985
0.209851
0.054001
-0.061179
-0.125695
-0.137087
-0.100360
-0.026834
0.067749
0.165523
0.066973
-0.116210
-0.178311
-0.125941
0.038869
0.056650
-0.116954
-0.319951
-0.540119
-0.764616
-0.981057
-1.178384
-1.347479
-1.481519
-1.576164
-1.629597
-1.642487
-0.435267
-0.319704
-0.239403
-0.188178
-0.158109
-0.140331
-0.125853
-0.106317
-0.074673
-0.025751
0.043228
0.132222
0.238067
0.354381
0.471845
0.578969
0.663409
0.713740
0.721430
0.682652
0.599461
0.480030
0.337770
0.189424
0.052505
-0.057436
-0.129205
-0.157549
-0.143764
-0.095245
-0.024188
0.054284
0.124218
0.139704
0.031502
0.042928
0.073235
-0.048967
-0.210022
-0.400845
-0.610075
-0.825222
-1.033738
-1.223933
-1.385695
-1.511013
-1.594313
-1.632678
-1.625956
-1.576775
-0.380717
-0.275583
-0.202273
-0.154594
-0.125133
-0.106020
-0.089620
-0.069165
-0.039263
0.003709
0.061267
0.132580
0.214334
0.300797
0.384166
0.455326
0.504983
0.525126
0.510538
0.460077
0.377366
0.270672
0.151905
0.034861
-0.066950
-0.142480
-0.184889
-0.192579
-0.169339
-0.123649
-0.067338
-0.013835
0.023647
0.033774
0.008355
-0.056872
-0.161985
-0.303101
-0.472980
-0.661873
-0.858483
-1.050931
-1.227625
-1.378008
-1.493177
-1.566360
-1.593315
-1.572627
-1.505888
-1.397770
-0.315074
-0.219060
-0.151911
-0.107635
-0.079457
-0.060484
-0.044302
-0.025463
0.000149
0.035047
0.079947
0.133658
0.193056
0.253230
0.307880
0.349986
0.372789
0.370924
0.341564
0.285257
0.206271
0.112255
0.013224
-0.079970
-0.157399
-0.211710
-0.239334
-0.241041
-0.221776
-0.189847
-0.155628
-0.130071
-0.123217
-0.142967
-0.194216
-0.278441
-0.393687
-0.534920
-0.694608
-0.863433
-1.031054
-1.186822
-1.320460
-1.422688
-1.485793
-1.504186
-1.474884
-1.397928
-1.276658
-1.117773
-0.235001
-0.147657
-0.086805
-0.046765
-0.021392
-0.004655
0.008882
0.023683
0.042974
0.068570
0.100771
0.138313
0.178428
0.217023
0.249073
0.269224
0.272591
0.255658
0.217093
0.158289
0.083466
-0.000767
-0.086348
-0.165030
-0.229756
-0.275838
-0.301738
-0.309283
-0.303322
-0.290916
-0.280226
-0.279326
-0.295129
-0.332556
-0.394053
-0.479421
-0.585944
-0.708701
-0.841002
-0.974857
-1.101457
-1.211673
-1.296577
-1.348022
-1.359284
-1.325735
-1.245497
-1.119980
-0.954206
-0.756830
-0.138871
-0.060615
-0.007069
0.027132
0.047600
0.059713
0.068216
0.076932
0.088559
0.104546
0.125027
0.148823
0.173515
0.195660
0.211155
0.215778
0.205852
0.178952
0.134496
0.074087
0.001480
-0.077873
-0.157622
-0.231529
-0.294494
-0.343369
-0.377408
-0.398297
-0.409757
-0.416860
-0.425182
-0.439988
-0.465545
-0.504675
-0.558520
-0.626516
-0.706481
-0.794762
-0.886392
-0.975259
-1.054313
-1.115878
-1.152119
-1.155678
-1.120474
-1.042578
-0.921045
-0.758553
-0.561729
-0.341061
-0.026790
0.041198
0.085750
0.111994
0.125184
0.130290
0.131667
0.132806
0.136161
0.143035
0.153527
0.166541
0.179880
0.190466
0.194701
0.188955
0.170152
0.136340
0.087145
0.024000
-0.049953
-0.130258
-0.211809
-0.289617
-0.359557
-0.418913
-0.466641
-0.503322
-0.530853
-0.551970
-0.569735
-0.587089
-0.606526
-0.629913
-0.658395
-0.692336
-0.731234
-0.773564
-0.816603
-0.856277
-0.887141
-0.902612
-0.895478
-0.858718
-0.786529
-0.675439
-0.525306
-0.340006
-0.127690
0.099501
0.099577
0.155532
0.188958
0.204888
0.208427
0.204393
0.197016
0.189699
0.184837
0.183693
0.186333
0.191630
0.197386
0.200557
0.197633
0.185109
0.160026
0.120476
0.065984
-0.002330
-0.081828
-0.168698
-0.258466
-0.346584
-0.428964
-0.502372
-0.564617
-0.614553
-0.651938
-0.677247
-0.691494
-0.696129
-0.692979
-0.684219
-0.672252
-0.659477
-0.647895
-0.638581
-0.631150
-0.623332
-0.610830
-0.587578
-0.546431
-0.480251
-0.383218
-0.252173
-0.087725
0.105076
0.316655
0.533453
0.237290
0.279072
0.299036
0.302297
0.294028
0.279123
0.261894
0.245813
0.233300
0.225572
0.222559
0.222922
0.224192
0.223044
0.215698
0.198425
0.168072
0.122549
0.061181
-0.015139
-0.104009
-0.201790
-0.303999
-0.405773
-0.502286
-0.589085
-0.662304
-0.718817
-0.756326
-0.773485
-0.770036
-0.746974
-0.706648
-0.652718
-0.589885
-0.523343
-0.457998
-0.397553
-0.343642
-0.295247
-0.248548
-0.197343
-0.134030
-0.051012
0.057699
0.194964
0.359371
0.544695
0.740051
0.585050
0.382471
0.407763
0.411928
0.400347
0.378460
0.351415
0.323740
0.299043
0.279757
0.266957
0.260274
0.257936
0.256955
0.253459
0.243158
0.221892
0.186180
0.133711
0.063693
-0.022985
-0.123798
-0.234785
-0.350889
-0.466332
-0.575014
-0.670861
-0.748161
-0.801913
-0.828181
-0.824512
-0.790325
-0.727244
-0.639213
-0.532323
-0.414240
-0.293275
-0.177183
-0.071885
0.019606
0.097823
0.166854
0.233626
0.306582
0.393926
0.501776
0.632558
0.783930
0.948470
0.883306
0.368073
0.530599
0.537068
0.523240
0.494936
0.458020
0.418014
0.379719
0.346861
0.321795
0.305305
0.296536
0.293077
0.291220
0.286383
0.273647
0.248366
0.206752
0.146379
0.066534
-0.031616
-0.145053
-0.269090
-0.397671
-0.523741
-0.639660
-0.737655
-0.810323
-0.851187
-0.855334
-0.820052
-0.745406
-0.634603
-0.494006
-0.332695
-0.161525
0.008230
0.166466
0.305778
0.422637
0.517924
0.596652
0.666900
0.738093
0.818955
0.915500
1.029449
1.157357
1.290608
0.711653
0.256792
0.676737
0.662144
0.628358
0.581785
0.528824
0.475425
0.426647
0.386248
0.356369
0.337333
0.327619
0.324020
0.321997
0.316201
0.301089
0.271601
0.223775
0.155257
0.065650
-0.043339
-0.167926
-0.302432
-0.439590
-0.570952
-0.687365
-0.779566
-0.838858
-0.857902
-0.831561
-0.757715
-0.637897
-0.477589
-0.286013
-0.075350
0.140609
0.348215
0.535847
0.695574
0.824270
0.923897
1.000868
1.064558
1.125247
1.191842
1.269851
1.359948
1.457405
1.164404
0.641311
0.242438
0.815660
0.777925
0.722484
0.656438
0.586779
0.519878
0.460974
0.413736
0.379930
0.359255
0.349392
0.346254
0.344454
0.337916
0.320589
0.287151
0.233651
0.158010
0.060332
-0.056961
-0.189186
-0.329603
-0.469753
-0.599919
-0.709709
-0.788780
-0.827712
-0.818972
-0.757935
-0.643764
-0.480019
-0.274773
-0.040114
0.209022
0.456586
0.687474
0.889588
1.055477
1.183234
1.276426
1.343034
1.393576
1.438773
1.487195
1.543330
1.606445
1.670391
1.128965
0.668063
0.325392
0.941904
0.879146
0.800644
0.714266
0.627597
0.547369
0.478890
0.425586
0.388702
0.367187
0.357852
0.355729
0.354644
0.347931
0.329192
0.293033
0.235687
0.155487
0.053133
-0.068215
-0.203021
-0.343615
-0.480570
-0.603228
-0.700388
-0.761159
-0.775994
-0.737794
-0.643008
-0.492518
-0.292114
-0.052366
0.212200
0.484640
0.747633
0.985729
1.187434
1.346665
1.463318
1.542780
1.594439
1.629505
1.658514
1.689049
1.724051
1.761055
1.714527
1.192792
0.796924
0.514106
1.049793
0.960375
0.857739
0.750532
0.646899
0.553825
0.476552
0.418117
0.379112
0.357672
0.349735
0.349518
0.350198
0.344685
0.326417
0.290079
0.232194
0.151532
0.049340
-0.070625
-0.202198
-0.337083
-0.465260
-0.575578
-0.656523
-0.697191
-0.688424
-0.624012
-0.501796
-0.324473
-0.099887
0.159378
0.437155
0.715509
0.976997
1.187405
1.269086
1.527667
1.637718
1.700559
1.737222
1.758922
1.775274
1.792196
1.810607
1.826091
1.810650
1.365777
1.040917
0.824296
1.133474
1.016088
0.888644
0.760556
0.640436
0.535394
0.450453
0.388135
0.348302
0.328257
0.323121
0.326423
0.330852
0.329065
0.314470
0.281906
0.228169
0.152360
0.056056
-0.056674
-0.179404
-0.303627
-0.419182
-0.514892
-0.579393
-0.602193
-0.574873
-0.492311
-0.353750
-0.163466
0.069169
0.330362
0.603319
0.870270
1.114783
1.237626
1.393569
1.611410
1.691896
1.739840
1.765832
1.780294
1.791152
1.802078
1.811616
1.813306
1.796753
1.665594
1.420131
1.278492
1.187046
1.040840
0.888455
0.739999
0.604427
0.488830
0.397868
0.333449
0.294665
0.278025
0.277939
0.287391
0.298738
0.304497
0.298100
0.274495
0.230597
0.165582
0.081019
-0.019124
-0.128595
-0.239121
-0.340838
-0.422934
-0.474532
-0.485787
-0.449121
-0.360434
-0.220079
-0.033368
0.189578
0.434739
0.685798
0.926252
1.141640
1.321526
1.460785
1.559960
1.624565
1.663477
1.686733
1.703171
1.718378
1.733346
1.744057
1.742034
1.715720
1.652387
1.540208
1.370149
1.204789
1.029556
0.852812
0.685239
0.535984
0.411954
0.317331
0.253334
0.218295
0.208002
0.216272
0.235678
0.258340
0.276676
0.284069
0.275400
0.247418
0.199000
0.131274
0.047664
-0.046189
-0.142639
-0.232439
-0.305386
-0.351220
-0.360750
-0.327091
-0.246829
-0.120888
0.045119
0.241236
0.454226
0.669272
0.872033
1.050699
1.197645
1.310317
1.391184
1.446706
1.485562
1.516456
1.545976
1.576910
1.607344
1.630677
1.636540
1.612378
1.545422
1.424664
1.242541
1.181529
0.977938
0.778336
0.593819
0.433548
0.304094
0.209048
0.148912
0.121293
0.121341
0.142391
0.176684
0.216121
0.252940
0.280288
0.292671
0.286288
0.259277
0.211881
0.146566
0.068018
-0.016996
-0.099993
-0.171404
-0.221495
-0.241502
-0.224856
-0.168298
-0.072641
0.057021
0.211783
0.380092
0.549420
0.708185
0.847541
0.962662
1.053246
1.123107
1.178938
1.228480
1.278470
1.332807
1.391254
1.448970
1.496901
1.522946
1.513673
1.456252
1.340299
1.159343
1.113091
0.882922
0.663082
0.464883
0.297300
0.166426
0.075179
0.023335
0.007821
0.023229
0.062468
0.117457
0.179793
0.241332
0.294683
0.333591
0.353265
0.350670
0.324787
0.276822
0.210331
0.131148
0.047068
-0.032782
-0.098885
-0.142478
-0.156786
-0.138074
-0.086332
-0.005386
0.097657
0.213572
0.332598
0.446155
0.548316
0.636742
0.712843
0.781116
0.847808
0.919138
0.999481
1.089856
1.187029
1.283399
1.367664
1.426158
1.444586
1.409891
1.311949
1.144851
0.996803
0.743148
0.506951
0.299508
0.129419
0.002152
-0.080101
-0.118290
-0.116123
-0.079528
-0.016024
0.065891
0.157317
0.249440
0.333941
0.403386
0.451581
0.473969
0.468017
0.433569
0.373084
0.291638
0.196633
0.097148
0.002958
-0.076644
-0.134092
-0.164568
-0.166628
-0.142250
-0.096264
-0.035236
0.033976
0.105682
0.176545
0.246190
0.317115
0.393877
0.481747
0.585080
0.705756
0.842001
0.987810
1.133108
1.264594
1.367133
1.425479
1.426038
1.358441
1.216710
0.831955
0.559334
0.311975
0.100904
-0.065848
-0.183550
-0.250786
-0.269226
-0.243200
-0.179169
-0.085173
0.029697
0.155763
0.283170
0.402282
0.504087
0.580680
0.625780
0.635299
0.607834
0.545015
0.451550
0.334931
0.204722
0.071508
-0.054345
-0.163954
-0.250933
-0.311995
-0.346959
-0.358203
-0.349632
-0.325398
-0.288678
-0.240745
-0.180610
-0.105277
-0.010613
0.107377
0.251102
0.420088
0.610060
0.812621
1.015565
1.203812
1.360790
1.470090
1.517166
1.490813
1.384318
0.620145
0.334508
0.082417
-0.125628
-0.282341
-0.383825
-0.429479
-0.421708
-0.365484
-0.267893
-0.137655
0.015282
0.180125
0.345610
0.500419
0.633691
0.735646
0.798296
0.816182
0.787011
0.712059
0.596238
0.447717
0.277124
0.096386
-0.082598
-0.249257
-0.395378
-0.515672
-0.607791
-0.671794
-0.709218
-0.721951
-0.711198
-0.676772
-0.616887
-0.528508
-0.408201
-0.253302
-0.063176
0.159689
0.408968
0.674315
0.941743
1.194557
1.414692
1.584297
1.687384
1.711316
1.647992
0.365434
0.074007
-0.175372
-0.372967
-0.512393
-0.590674
-0.608063
-0.567730
-0.475381
-0.338860
-0.167809
0.026665
0.232317
0.436144
0.624904
0.785767
0.907142
0.979582
0.996678
0.796447
0.693239
0.710582
0.521477
0.303414
0.070078
-0.164819
-0.388880
-0.592052
-0.767180
-0.910008
-1.018673
-1.092845
-1.132726
-1.138158
-1.108053
-1.040277
-0.932029
-0.780626
-0.584566
-0.344630
-0.064836
0.246953
0.578894
0.915527
1.238648
1.528583
1.765718
1.932154
2.013257
1.998973
0.074260
-0.214754
-0.453315
-0.632662
-0.747444
-0.795673
-0.778505
-0.699952
-0.566569
-0.387174
-0.172589
0.064617
0.310452
0.549970
0.767918
0.949601
1.047804
0.685995
0.429999
0.278319
0.233987
0.303833
0.498380
0.275364
-0.011665
-0.300939
-0.578347
-0.832252
-1.054014
-1.237952
-1.380840
-1.481092
-1.537837
-1.550112
-1.516374
-1.434425
-1.301764
-1.116327
-0.877439
-0.586827
-0.249504
0.125646
0.525689
0.933942
1.330756
1.694706
2.004125
1.977085
1.603226
1.332648
-0.244911
-0.522767
-0.742208
-0.895624
-0.978799
-0.990795
-0.933735
-0.812577
-0.634896
-0.410704
-0.152269
0.126127
0.408572
0.678121
0.917642
0.825475
0.440569
0.156109
-0.032462
-0.124838
-0.116772
-0.000400
0.236045
0.188024
-0.149722
-0.487780
-0.810687
-1.105695
-1.363233
-1.576811
-1.742474
-1.857992
-1.921964
-1.933071
-1.889603
-1.789397
-1.630168
-1.410193
-1.129205
-0.789374
-0.396193
0.040891
0.508206
0.988045
1.459341
1.898828
1.590634
1.148392
0.812713
0.571877
-0.582144
-0.840089
-1.032450
-1.152903
-1.198441
-1.169231
-1.068449
-0.902127
-0.679042
-0.410619
-0.110780
0.204335
0.516869
0.808027
0.676158
0.268723
-0.039989
-0.257755
-0.387050
-0.426159
-0.369698
-0.208570
0.070674
0.040036
-0.341728
-0.719600
-1.077307
-1.401619
-1.682683
-1.913841
-2.091010
-2.211849
-2.274858
-2.278639
-2.221450
-2.101123
-1.915386
-1.662514
-1.342224
-0.956662
-0.511353
-0.015931
0.515476
1.064300
1.608124
1.417168
0.896940
0.494608
0.191761
-0.022945
-0.926786
-1.156629
-1.314845
-1.396482
-1.399791
-1.326107
-1.179746
-0.967953
-0.700879
-0.391528
-0.055587
0.288943
0.622424
0.597935
0.165078
-0.167170
-0.410068
-0.568996
-0.644786
-0.634434
-0.531285
-0.324649
0.001197
-0.166337
-0.582403
-0.988687
-1.368781
-1.709642
-2.001789
-2.238976
-2.417496
-2.535287
-2.591022
-2.583362
-2.510526
-2.370206
-2.159890
-1.877523
-1.522426
-1.096343
-0.604483
-0.056368
0.533634
1.146263
1.458109
0.838336
0.356950
-0.012627
-0.288158
-0.480874
