pygeostat_saved_data
1
0
-1.597704
-1.537706
-1.485399
-1.404029
-1.261463
-1.039462
-0.739901
-0.385781
-0.016500
0.321222
0.473671
0.698734
0.777371
0.699586
0.529060
0.300707
0.057688
-0.154577
-0.295843
-0.339249
-0.278355
-0.130545
0.064948
0.254436
0.380920
0.396524
0.273780
0.013851
-0.349843
-0.753746
-1.112534
-1.333332
-1.334061
-1.063195
-0.517008
0.250380
1.128943
1.483011
1.585703
1.916309
2.406883
2.406607
1.657050
0.748154
-0.171775
-0.978072
-1.593923
-1.997325
-2.212257
-2.290381
-1.522215
-1.498121
-1.459693
-1.371564
-1.208956
-0.964587
-0.651197
-0.298865
0.051965
0.359447
0.588599
0.716919
0.736929
0.656359
0.497049
0.292765
0.085263
-0.082210
-0.173692
-0.169585
-0.073065
0.088693
0.269282
0.412657
0.465327
0.388715
0.169607
-0.173218
-0.587972
-0.995697
-1.302900
-1.419387
-1.278240
-0.854189
-0.176190
0.669896
1.551697
1.973964
2.342234
2.899513
2.698761
2.108042
1.291866
0.394949
-0.444420
-1.125744
-1.602333
-1.879706
-2.000462
-2.023335
-1.502529
-1.501113
-1.463877
-1.361279
-1.178269
-0.917842
-0.600050
-0.257059
0.073901
0.357464
0.565299
0.679255
0.693182
0.614293
0.463925
0.276390
0.094392
-0.039354
-0.092575
-0.052697
0.068345
0.235428
0.397256
0.497265
0.486296
0.334996
0.043773
-0.352170
-0.785023
-1.164595
-1.395217
-1.396056
-1.120639
-0.571627
0.192691
1.062957
1.895764
2.541619
2.878506
2.842072
2.442563
1.761804
0.930118
0.090664
-0.636670
-1.180040
-1.522719
-1.693392
-1.746250
-1.739470
-1.525823
-1.532123
-1.485079
-1.363707
-1.162567
-0.892006
-0.574943
-0.241727
0.075093
0.344848
0.541676
0.647230
0.654006
0.568979
0.415689
0.232417
0.065256
-0.042775
-0.063278
0.009176
0.154427
0.330258
0.480939
0.549110
0.489337
0.281202
-0.061176
-0.486589
-0.913368
-1.244564
-1.388284
-1.278447
-0.891579
-0.256509
0.545246
1.389868
2.132610
2.637540
2.809394
2.618266
2.108122
1.384600
0.585112
-0.158558
-0.752132
-1.155034
-1.377942
-1.466078
-1.476854
-1.460416
-1.574775
-1.574884
-1.510238
-1.368798
-1.152385
-0.874753
-0.558100
-0.229602
0.081146
0.344133
0.531654
0.622866
0.609844
0.502944
0.332343
0.143514
-0.012988
-0.094465
-0.077511
0.035370
0.215266
0.412053
0.564288
0.612732
0.515716
0.263080
-0.115868
-0.554110
-0.959158
-1.232675
-1.292189
-1.089805
-0.624630
0.052706
0.844559
1.620714
2.242516
2.593229
2.607274
2.288587
1.710061
0.992491
0.269654
-0.347757
-0.796620
-1.067243
-1.191849
-1.223283
-1.213438
-1.198628
-1.630917
-1.614172
-1.527716
-1.366617
-1.136444
-0.851016
-0.530499
-0.200510
0.108438
0.362887
0.531283
0.591722
0.540240
0.395905
0.199475
0.004921
-0.133793
-0.176395
-0.106533
0.063558
0.294284
0.525499
0.688587
0.722775
0.592638
0.301555
-0.104276
-0.543733
-0.918455
-1.134788
-1.124029
-0.857199
-0.352933
0.321968
1.060405
1.732393
2.211390
2.404619
2.063013
1.868670
1.270139
0.607791
0.000020
-0.471942
-0.778131
-0.935007
-0.987151
-0.985106
-0.968071
-0.956096
-1.678170
-1.638201
-1.528615
-1.348425
-1.103769
-0.807178
-0.478218
-0.144618
0.158261
0.391688
0.522019
0.531223
0.425349
0.236757
0.018309
-0.168963
-0.270715
-0.252348
-0.107507
0.138995
0.434146
0.706056
0.879580
0.895923
0.730833
0.404706
-0.019820
-0.452163
-0.794719
-0.963852
-0.906359
-0.610032
-0.108358
0.521321
1.168200
1.708390
2.033237
1.911413
1.840465
1.388394
0.822194
0.259870
-0.206375
-0.529181
-0.708412
-0.777530
-0.782558
-0.763199
-0.742422
-0.725933
-1.705731
-1.640211
-1.507730
-1.308138
-1.046658
-0.735707
-0.397672
-0.066174
0.216814
0.409156
0.480357
0.422818
0.257690
0.032360
-0.189945
-0.344985
-0.382343
-0.277016
-0.036191
0.299599
0.662072
0.968517
1.141625
1.130942
0.928512
0.572506
0.137624
-0.283334
-0.599895
-0.741055
-0.667545
-0.379715
0.079065
0.625816
1.151266
1.543555
1.717519
1.639693
1.338434
0.893543
0.408796
-0.021370
-0.337552
-0.524487
-0.603108
-0.612252
-0.589585
-0.559291
-0.529419
-0.497188
-1.709600
-1.618967
-1.464046
-1.243826
-0.963446
-0.638328
-0.297331
0.018218
0.261501
0.392255
0.389944
0.262864
0.049206
-0.190568
-0.387380
-0.478974
-0.423575
-0.209811
0.138242
0.562474
0.980478
1.303707
1.460210
1.414460
1.176743
0.798998
0.360202
-0.051994
-0.357666
-0.497202
-0.441107
-0.197613
0.184160
0.619819
1.006907
1.251492
1.295885
1.136352
0.822516
0.437989
0.070556
-0.215293
-0.392777
-0.470683
-0.479028
-0.451191
-0.410683
-0.366752
-0.318234
-0.261774
-1.692421
-1.578145
-1.400697
-1.158633
-0.859768
-0.526049
-0.194763
0.086525
0.271202
0.327677
0.251040
0.067608
-0.169421
-0.391473
-0.529487
-0.528490
-0.359680
-0.028682
0.421766
0.917244
1.366537
1.572988
1.692631
1.727006
1.461054
1.069313
0.626851
0.212053
-0.104607
-0.270530
-0.261307
-0.089591
0.192667
0.503586
0.752807
0.868872
0.821884
0.631437
0.356124
0.069559
-0.166047
-0.317476
-0.383500
-0.385034
-0.349627
-0.298388
-0.240460
-0.175556
-0.101393
-0.021278
-1.661729
-1.524817
-1.324233
-1.060446
-0.747332
-0.415517
-0.109707
0.120860
0.236304
0.219405
0.083177
-0.130016
-0.357144
-0.527803
-0.578604
-0.466288
-0.178266
0.261202
0.791983
1.328649
1.624560
1.722921
2.159468
2.044645
1.758007
1.354174
0.899664
0.464655
0.114947
-0.098953
-0.154824
-0.068320
0.107803
0.298050
0.428530
0.451742
0.361106
0.188952
-0.010303
-0.183181
-0.295652
-0.339894
-0.328798
-0.283523
-0.221520
-0.150597
-0.070470
0.020594
0.118429
0.209091
-1.627166
-1.467373
-1.243092
-0.959916
-0.640158
-0.322703
-0.055803
0.115655
0.164073
0.089038
-0.080280
-0.290601
-0.475455
-0.568374
-0.515986
-0.289741
0.105284
0.627315
1.203751
1.746601
1.865028
2.304422
2.477830
2.336260
2.030901
1.608433
1.127911
0.656540
0.260730
-0.008634
-0.131647
-0.127183
-0.046940
0.043519
0.088985
0.063374
-0.025018
-0.142897
-0.250075
-0.316811
-0.332689
-0.304733
-0.248179
-0.176248
-0.094481
-0.001727
0.103830
0.217628
0.324737
0.401348
-1.597444
-1.413269
-1.165377
-0.867092
-0.549391
-0.256394
-0.034581
0.080740
0.076786
-0.031489
-0.203579
-0.381484
-0.500907
-0.503391
-0.348208
-0.022769
0.451050
1.018187
1.601294
2.118763
2.503039
2.711812
2.729332
2.561509
2.231484
1.779138
1.261696
0.749097
0.310561
-0.004205
-0.180165
-0.239899
-0.231820
-0.209018
-0.208758
-0.241741
-0.294663
-0.342685
-0.364104
-0.349702
-0.303358
-0.235699
-0.155884
-0.066701
0.034562
0.150498
0.276730
0.397829
0.488570
0.520629
-1.577792
-1.366966
-1.096296
-0.787717
-0.478791
-0.214416
-0.034554
0.037645
0.003196
-0.111839
-0.261326
-0.387733
-0.432566
-0.347537
-0.105581
0.290487
0.805257
1.376929
1.931665
2.400603
2.732091
2.895069
2.875947
2.675655
2.311588
1.822676
1.270389
0.729504
0.269358
-0.066204
-0.269892
-0.367345
-0.401149
-0.411073
-0.420007
-0.430929
-0.433878
-0.417076
-0.375416
-0.312350
-0.235721
-0.151426
-0.059519
0.044714
0.165263
0.298610
0.429457
0.531701
0.574946
0.534557
-1.568402
-1.328455
-1.036091
-0.720749
-0.423083
-0.184626
-0.036269
0.010463
-0.033124
-0.134814
-0.247356
-0.316698
-0.291754
-0.135151
0.166738
0.597876
1.114352
1.654699
2.154839
2.560673
2.833083
2.946006
2.883677
2.643054
2.241548
1.723383
1.156402
0.616811
0.167716
-0.157889
-0.361396
-0.469174
-0.515789
-0.528905
-0.522378
-0.498494
-0.455341
-0.393545
-0.318347
-0.236739
-0.152580
-0.063652
0.036886
0.154916
0.288457
0.423097
0.532547
0.584865
0.552554
0.423119
-1.564114
-1.292774
-0.979420
-0.658518
-0.370366
-0.150680
-0.021311
0.015208
-0.023495
-0.102680
-0.176228
-0.194558
-0.114429
0.090542
0.421612
0.852854
1.337389
1.819772
2.248471
2.582380
2.790121
2.846852
2.735363
2.453902
2.025945
1.503165
0.956082
0.454956
0.050118
-0.238551
-0.419078
-0.515258
-0.552729
-0.550150
-0.517956
-0.462367
-0.389975
-0.309195
-0.227859
-0.149170
-0.069425
0.020162
0.127684
0.253341
0.384411
0.495246
0.553053
0.527899
0.403611
0.186055
-1.555322
-1.250914
-0.916876
-0.590003
-0.307973
-0.100249
0.018677
0.052419
0.022337
-0.035674
-0.076974
-0.056558
0.060641
0.290024
0.622088
1.024786
1.453041
1.860670
2.208424
2.464987
2.603647
2.601124
2.443100
2.134484
1.706826
1.215584
0.726238
0.295710
-0.041597
-0.277081
-0.421188
-0.492409
-0.508516
-0.483396
-0.428507
-0.355422
-0.276188
-0.200684
-0.132755
-0.068174
0.003367
0.092277
0.201484
0.320772
0.426038
0.484475
0.464309
0.345926
0.130807
-0.154312
-1.529932
-1.192156
-0.838536
-0.506197
-0.229362
-0.031974
0.077174
0.106412
0.080389
0.036479
0.018073
0.065053
0.203365
0.437390
0.748809
1.103066
1.460257
1.784534
2.047377
2.225070
2.295519
2.240100
2.051588
1.743111
1.350788
0.926355
0.522719
0.179946
-0.081706
-0.259973
-0.363497
-0.404786
-0.396730
-0.352650
-0.287259
-0.215855
-0.150980
-0.098172
-0.053669
-0.006245
0.056734
0.141309
0.240529
0.332778
0.386152
0.367776
0.255009
0.044941
-0.240574
-0.555103
-1.475967
-1.107355
-0.738353
-0.405283
-0.138768
0.042298
0.134582
0.151650
0.122439
0.086334
0.084746
0.150658
0.299353
0.524362
0.800854
1.094987
1.374213
1.613113
1.792790
1.896847
1.909578
1.819692
1.627792
1.351801
1.025462
0.689692
0.381432
0.125790
-0.065629
-0.191547
-0.256737
-0.269643
-0.242230
-0.190123
-0.130878
-0.079761
-0.044714
-0.023337
-0.004206
0.027244
0.080373
0.152110
0.224217
0.266662
0.246302
0.138031
-0.065270
-0.346878
-0.665530
-0.958687
-1.384123
-0.992038
-0.617480
-0.295064
-0.051153
0.101347
0.166059
0.163438
0.127525
0.098830
0.114288
0.197108
0.350440
0.557908
0.791005
1.019627
1.220255
1.378053
1.483554
1.528299
1.503990
1.406281
1.240079
1.021839
0.776627
0.531639
0.309990
0.127679
-0.006247
-0.088435
-0.120883
-0.111679
-0.075212
-0.029968
0.006445
0.023327
0.020964
0.010225
0.007129
0.024317
0.063021
0.109140
0.135435
0.109387
0.004093
-0.191426
-0.465619
-0.782836
-1.085932
-1.300390
-1.249476
-0.847985
-0.484800
-0.191144
0.012961
0.123061
0.152041
0.128338
0.090084
0.075797
0.113923
0.214944
0.369465
0.553470
0.738356
0.900840
1.027965
1.115762
1.164014
1.171714
1.136337
1.056657
0.936237
0.784717
0.616288
0.446868
0.291750
0.164263
0.074522
0.027424
0.020241
0.041563
0.073333
0.096278
0.096905
0.072840
0.033645
-0.003841
-0.023983
-0.021094
-0.004590
0.001877
-0.032729
-0.136362
-0.323376
-0.587252
-0.898169
-1.204936
-1.438891
-1.516596
-1.071627
-0.682405
-0.354070
-0.111283
0.035718
0.093923
0.086877
0.049901
0.021583
0.033467
0.101238
0.220961
0.372245
0.527274
0.661588
0.761670
0.826208
0.861598
0.875243
0.870762
0.847134
0.801074
0.730394
0.636504
0.525483
0.407943
0.297754
0.209354
0.153662
0.133731
0.142230
0.162723
0.175101
0.163315
0.122000
0.058722
-0.009612
-0.064911
-0.097191
-0.110922
-0.125581
-0.169979
-0.272376
-0.449921
-0.700802
-1.001040
-1.305726
-1.552642
-1.665276
-1.552537
-0.853313
-0.504961
-0.238757
-0.068323
0.009648
0.015377
-0.018040
-0.052451
-0.054617
-0.005384
0.095278
0.229741
0.370451
0.490884
0.574983
0.621079
0.639155
0.643642
0.645775
0.649042
0.649041
0.636838
0.603854
0.546335
0.468055
0.380388
0.299355
0.240206
0.211280
0.209778
0.221799
0.227261
0.208020
0.155635
0.075107
-0.017402
-0.102112
-0.165213
-0.206304
-0.240393
-0.293499
-0.393529
-0.559800
-0.794751
-1.080044
-1.377156
-1.630680
-1.771541
-1.717520
-1.369758
-0.598268
-0.324026
-0.146901
-0.064787
-0.058502
-0.095595
-0.137784
-0.150597
-0.112582
-0.021006
0.108356
0.247759
0.368114
0.449552
0.487583
0.492550
0.483144
0.477394
0.485164
0.505055
0.526337
0.534470
0.517837
0.473119
0.407356
0.335788
0.276014
0.240584
0.231141
0.236921
0.238737
0.217018
0.160418
0.070985
-0.036655
-0.141951
-0.228039
-0.290075
-0.338627
-0.396619
-0.491090
-0.642926
-0.858271
-1.124038
-1.407954
-1.661576
-1.823596
-1.820975
-1.566507
-0.953205
-0.309840
-0.144133
-0.078360
-0.091554
-0.149382
-0.211737
-0.242301
-0.217675
-0.133310
-0.003989
0.141816
0.272112
0.362480
0.403911
0.404370
0.383755
0.364704
0.363278
0.383224
0.415751
0.444379
0.452586
0.431123
0.382139
0.318452
0.258170
0.216725
0.199732
0.199933
0.199882
0.179453
0.124865
0.035096
-0.077446
-0.192428
-0.290930
-0.364416
-0.419383
-0.475664
-0.559114
-0.691693
-0.882660
-1.123639
-1.388247
-1.634900
-1.810212
-1.850530
-1.680253
-1.207210
-0.317101
0.008455
0.033991
-0.025723
-0.131066
-0.237242
-0.304262
-0.306137
-0.236788
-0.110692
0.042328
0.186940
0.293677
0.347907
0.353195
0.327914
0.296706
0.280368
0.288181
0.315490
0.347064
0.364514
0.354587
0.314952
0.255152
0.192311
0.143379
0.117260
0.110378
0.107879
0.090156
0.041822
-0.040997
-0.148547
-0.261666
-0.360506
-0.433846
-0.484806
-0.530421
-0.595309
-0.702156
-0.862782
-1.072880
-1.311367
-1.543150
-1.722688
-1.795824
-1.698537
-1.352921
-0.662197
0.492244
0.350257
0.210863
0.021774
-0.163444
-0.297988
-0.351469
-0.315745
-0.205336
-0.052088
0.104710
0.229973
0.302628
0.320380
0.297910
0.259380
0.228311
0.218743
0.230953
0.253024
0.267241
0.258437
0.220779
0.160270
0.091929
0.032901
-0.005479
-0.023112
-0.031427
-0.048223
-0.089283
-0.160662
-0.255357
-0.356129
-0.443343
-0.504271
-0.539594
-0.564133
-0.601471
-0.674864
-0.798248
-0.970694
-1.175646
-1.383837
-1.557197
-1.651003
-1.612829
-1.378676
-0.868150
0.018580
1.398883
0.702878
0.384646
0.073348
-0.172809
-0.315884
-0.344153
-0.272001
-0.133899
0.026058
0.166353
0.258619
0.293534
0.280381
0.240713
0.198693
0.171730
0.164823
0.170410
0.173287
0.158242
0.117145
0.052570
-0.023447
-0.094895
-0.149107
-0.182592
-0.202651
-0.223832
-0.260702
-0.320297
-0.397951
-0.478776
-0.544355
-0.581666
-0.590059
-0.582950
-0.583326
-0.615093
-0.694003
-0.821865
-0.985744
-1.161239
-1.317003
-1.417387
-1.421508
-1.279139
-0.925534
-0.277995
0.763059
2.306132
1.045298
0.548743
0.133147
-0.151338
-0.286698
-0.286316
-0.187704
-0.040802
0.105283
0.213778
0.267162
0.267863
0.233032
0.185528
0.144514
0.118907
0.105761
0.093551
0.068592
0.021681
-0.047688
-0.131181
-0.215368
-0.287717
-0.342117
-0.381381
-0.415387
-0.455530
-0.508040
-0.569548
-0.627415
-0.665140
-0.670535
-0.642784
-0.594845
-0.549754
-0.532357
-0.560144
-0.637147
-0.753118
-0.887316
-1.013943
-1.105607
-1.132646
-1.058569
-0.833998
-0.392336
0.350093
1.487595
2.300701
1.349584
0.692139
0.199518
-0.099897
-0.216738
-0.191665
-0.081629
0.055118
0.171887
0.241551
0.258253
0.233116
0.185936
0.135972
0.094942
0.064251
0.036734
0.001506
-0.050433
-0.122110
-0.209415
-0.303062
-0.392622
-0.470871
-0.536454
-0.593503
-0.648153
-0.703500
-0.755676
-0.793492
-0.802559
-0.772377
-0.703059
-0.608113
-0.511392
-0.439173
-0.410834
-0.432347
-0.495316
-0.581326
-0.668547
-0.736452
-0.765758
-0.733470
-0.605600
-0.331322
0.158205
0.944701
2.110996
1.871871
1.586226
0.802586
0.266963
-0.025717
-0.118892
-0.077773
0.028305
0.140722
0.220947
0.253217
0.241027
0.199439
0.146184
0.094476
0.049469
0.008653
-0.034974
-0.088837
-0.157539
-0.241379
-0.336703
-0.437607
-0.538166
-0.634246
-0.723979
-0.806413
-0.878856
-0.934400
-0.961641
-0.947766
-0.884351
-0.773304
-0.629634
-0.478824
-0.349205
-0.262431
-0.226421
-0.234056
-0.267965
-0.308435
-0.339811
-0.351607
-0.333532
-0.266918
-0.116905
0.170666
0.665631
1.443273
2.568734
1.530245
1.731801
0.871160
0.329447
0.061442
-0.007518
0.039812
0.130314
0.211726
0.256416
0.258522
0.226705
0.175529
0.118281
0.062977
0.011721
-0.037699
-0.089605
-0.148737
-0.219293
-0.304307
-0.404953
-0.519873
-0.644877
-0.773183
-0.895816
-1.001759
-1.077991
-1.110319
-1.086039
-0.998480
-0.851784
-0.663205
-0.460614
-0.275074
-0.131085
-0.038843
0.007676
0.025800
0.035003
0.048517
0.070426
0.099996
0.141201
0.212704
0.353429
0.620993
1.082974
1.802935
2.665571
1.269358
1.776029
0.896005
0.383363
0.152957
0.105962
0.151591
0.220918
0.272006
0.287636
0.268307
0.223738
0.165738
0.104011
0.044870
-0.008480
-0.055660
-0.099531
-0.146739
-0.207087
-0.290920
-0.405123
-0.549475
-0.715123
-0.885689
-1.040169
-1.156318
-1.213844
-1.197680
-1.101642
-0.931876
-0.708233
-0.461537
-0.226199
-0.030227
0.113287
0.208991
0.274659
0.331106
0.391751
0.457337
0.518807
0.567065
0.604881
0.655256
0.762467
0.985236
1.384134
2.006310
2.459159
1.117904
1.725295
0.883602
0.428996
0.243699
0.215514
0.255227
0.303589
0.329659
0.323830
0.289219
0.234466
0.169513
0.104023
0.046793
0.004338
-0.021911
-0.038542
-0.060768
-0.108954
-0.201497
-0.346940
-0.538983
-0.756604
-0.968862
-1.141964
-1.246019
-1.260248
-1.176637
-1.002202
-0.759123
-0.481352
-0.207066
0.031599
0.217853
0.354247
0.458836
0.554746
0.657892
0.769047
0.874418
0.954667
0.998055
1.011501
1.024671
1.085583
1.249627
1.565472
2.061244
2.424749
1.123897
1.601211
0.847137
0.470225
0.332616
0.320504
0.353663
0.384598
0.391407
0.368732
0.320263
0.254457
0.182979
0.119751
0.078344
0.066889
0.082203
0.106644
0.110924
0.063324
-0.058008
-0.255147
-0.507447
-0.776537
-1.016540
-1.185143
-1.252155
-1.204478
-1.047823
-0.805574
-0.514404
-0.216280
0.052135
0.269550
0.435363
0.567105
0.690310
0.824991
0.975075
1.126076
1.252315
1.330271
1.351764
1.331154
1.303890
1.317567
1.419109
1.641882
1.995417
2.459175
1.344931
1.434863
0.802869
0.512907
0.421618
0.423463
0.451028
0.467619
0.457410
0.417287
0.352334
0.274413
0.201361
0.153858
0.148610
0.189427
0.260573
0.327192
0.344854
0.275442
0.102656
-0.159934
-0.471734
-0.776912
-1.019669
-1.157262
-1.167790
-1.052530
-0.833959
-0.550259
-0.246620
0.035779
0.270567
0.452839
0.598264
0.734000
0.884693
1.059744
1.247835
1.421451
1.530192
1.610300
1.604255
1.552806
1.493400
1.467973
1.510953
1.639625
1.848309
2.106851
1.847440
1.259027
0.765945
0.562592
0.513124
0.526282
0.547716
0.549008
0.518386
0.455617
0.370667
0.283373
0.220534
0.208203
0.260239
0.367742
0.495585
0.590123
0.596813
0.480854
0.241649
-0.085331
-0.439472
-0.753168
-0.969632
-1.054846
-1.002002
-0.829643
-0.575333
-0.286151
-0.007160
0.230048
0.415307
0.560854
0.693915
0.843159
1.024558
1.232976
1.443437
1.621377
1.736969
1.777033
1.749694
1.680837
1.604809
1.553488
1.547157
1.588929
1.663071
1.737043
1.767006
1.100982
0.746894
0.622039
0.606836
0.626034
0.636339
0.615511
0.556155
0.464179
0.359039
0.271643
0.236770
0.280069
0.403925
0.579236
0.749197
0.846112
0.815431
0.636706
0.332138
-0.040564
-0.406872
-0.697131
-0.863361
-0.887289
-0.779965
-0.575356
-0.320257
-0.062232
0.162421
0.337785
0.471202
0.587997
0.719245
0.887194
1.094554
1.322419
1.537606
1.705801
1.804372
1.829506
1.795500
1.727730
1.653010
1.590979
1.548633
1.518491
1.479971
1.403470
1.256604
0.977741
0.749305
0.688829
0.696543
0.711820
0.700193
0.645488
0.547573
0.423010
0.304113
0.232376
0.245193
0.359168
0.557161
0.786698
0.973332
1.045359
0.959890
0.718841
0.368157
-0.018344
-0.362477
-0.602913
-0.707782
-0.677249
-0.538221
-0.334276
-0.113311
0.084946
0.239022
0.350362
0.440421
0.540428
0.677394
0.861989
1.083494
1.313874
1.518770
1.670163
1.755181
1.777951
1.754959
1.706905
1.650674
1.593855
1.532602
1.452515
1.331830
1.146354
0.875392
0.894140
0.768607
0.753451
0.768080
0.764094
0.715187
0.613596
0.470728
0.317354
0.198684
0.161997
0.238868
0.428377
0.689695
0.949913
1.126371
1.155219
1.014067
0.729063
0.364247
-0.000790
-0.294938
-0.472752
-0.521158
-0.456651
-0.316250
-0.145359
0.014892
0.138449
0.220573
0.277282
0.337579
0.430903
0.574609
0.766672
0.986576
1.203599
1.388367
1.522453
1.602309
1.636909
1.641251
1.629000
1.606907
1.572174
1.512684
1.409519
1.241128
0.988510
0.640457
0.843185
0.791769
0.798572
0.799582
0.757275
0.655146
0.497716
0.311547
0.142153
0.043493
0.060597
0.210477
0.469496
0.774637
1.040794
1.188590
1.171446
0.990431
0.691273
0.346279
0.030134
-0.200795
-0.319665
-0.330082
-0.259270
-0.146993
-0.033177
0.053261
0.101909
0.122503
0.139770
0.182965
0.273903
0.418308
0.603981
0.806215
0.997588
1.157539
1.277760
1.361885
1.420687
1.465495
1.502508
1.529443
1.534883
1.499929
1.401729
1.218310
0.933956
0.543931
0.807767
0.798116
0.800312
0.764745
0.665516
0.499203
0.286145
0.068999
-0.095435
-0.151940
-0.066571
0.156958
0.472149
0.800345
1.054766
1.168892
1.117475
0.921834
0.638585
0.338207
0.082962
-0.088271
-0.165251
-0.162931
-0.112419
-0.049583
-0.003951
0.009655
-0.005343
-0.029864
-0.037199
-0.003676
0.082234
0.216045
0.379994
0.550753
0.708344
0.842383
0.953479
1.050084
1.142816
1.238723
1.337153
1.427939
1.491858
1.503229
1.434325
1.261064
0.968836
0.557009
0.763307
0.761736
0.732110
0.638869
0.470240
0.239142
-0.017048
-0.242373
-0.375611
-0.369035
-0.206766
0.084905
0.441129
0.776610
1.012139
1.099057
1.031940
0.845376
0.597931
0.351248
0.152444
0.024662
-0.033579
-0.042383
-0.030865
-0.026704
-0.047342
-0.094943
-0.156624
-0.209961
-0.231858
-0.207355
-0.134783
-0.025271
0.102828
0.231807
0.351179
0.460423
0.567370
0.683563
0.818634
0.975478
1.147154
1.315856
1.454123
1.528353
1.504447
1.354682
1.064326
0.636109
0.681449
0.655902
0.570852
0.406268
0.167266
-0.115551
-0.390003
-0.593037
-0.667500
-0.580753
-0.338439
0.012912
0.397194
0.730905
0.948059
1.018138
0.950693
0.786338
0.579468
0.380290
0.222145
0.116659
0.055993
0.019895
-0.015161
-0.067235
-0.142807
-0.234983
-0.326579
-0.396960
-0.429987
-0.419790
-0.372006
-0.300156
-0.219019
-0.138113
-0.057946
0.029771
0.138581
0.282028
0.468343
0.696185
0.952023
1.209584
1.431864
1.575974
1.600434
1.473587
1.181057
0.730076
0.534997
0.459144
0.303912
0.066843
-0.228809
-0.536571
-0.795021
-0.942128
-0.932794
-0.754285
-0.433524
-0.032279
0.369333
0.695572
0.895639
0.954662
0.892038
0.749526
0.575011
0.408138
0.271793
0.170391
0.093744
0.024289
-0.054764
-0.152702
-0.267858
-0.388499
-0.497611
-0.579646
-0.626401
-0.639471
-0.628316
-0.604917
-0.577551
-0.546355
-0.502290
-0.429538
-0.310187
-0.129694
0.117999
0.426417
0.774174
1.125021
1.431078
1.639512
1.701876
1.584106
1.274551
0.787592
0.303821
0.161715
-0.065041
-0.360410
-0.684557
-0.980139
-1.184174
-1.243781
-1.131785
-0.856966
-0.464589
-0.025797
0.381224
0.691922
0.870573
0.915177
0.851644
0.720944
0.564759
0.414363
0.285209
0.177351
0.080272
-0.020060
-0.134268
-0.264870
-0.405253
-0.542495
-0.662779
-0.757007
-0.824079
-0.870355
-0.905552
-0.936978
-0.964631
-0.979092
-0.962781
-0.893884
-0.751675
-0.522077
-0.202737
0.193004
0.634110
1.072908
1.450118
1.703822
1.780925
1.648413
1.301201
0.764124
-0.019406
-0.229520
-0.513533
-0.838422
-1.152323
-1.394232
-1.507679
-1.455519
-1.231603
-0.865134
-0.415289
0.043070
0.438291
0.719115
0.864562
0.883911
0.808202
0.677354
0.527739
0.383771
0.254988
0.138202
0.023082
-0.101142
-0.240111
-0.391701
-0.547051
-0.694613
-0.825299
-0.936285
-1.031644
-1.119411
-1.206388
-1.292975
-1.370144
-1.419591
-1.416802
-1.335969
-1.155634
-0.864309
-0.465550
0.018301
0.544880
1.054475
1.477396
1.745430
1.805127
1.629458
1.224329
0.627827
-0.425351
-0.689612
-1.002324
-1.317707
-1.578615
-1.728252
-1.723635
-1.547554
-1.215322
-0.773479
-0.289904
0.162267
0.521970
0.753249
0.850089
0.832383
0.735525
0.597906
0.450426
0.310655
0.182331
0.059182
-0.068915
-0.209828
-0.365226
-0.529999
-0.694982
-0.851514
-0.995580
-1.129438
-1.259810
-1.393366
-1.531456
-1.666316
-1.780175
-1.847395
-1.838810
-1.727175
-1.492912
-1.129720
-0.649510
-0.085590
0.507479
1.058790
1.491145
1.734815
1.741788
1.496509
1.019674
0.363773
-0.887562
-1.178443
-1.481798
-1.745397
-1.914368
-1.943202
-1.807315
-1.511031
-1.089193
-0.601005
-0.117072
0.296831
0.594320
0.756765
0.793281
0.733222
0.614539
0.472189
0.330003
0.197733
0.073037
-0.053155
-0.190307
-0.343277
-0.510323
-0.684555
-0.857841
-1.025139
-1.186999
-1.348881
-1.517418
-1.695241
-1.876584
-2.045399
-2.176545
-2.239437
-2.203118
-2.041843
-1.740775
-1.301464
-0.746375
-0.120959
0.508536
1.062722
1.461789
1.640792
1.563501
1.230590
0.679478
-0.024247
-1.366138
-1.647614
-1.901268
-2.075574
-2.124889
-2.020269
-1.757921
-1.362707
-0.884886
-0.390110
0.055086
0.398114
0.610949
0.693341
0.668196
0.571376
0.439818
0.301818
0.171980
0.051451
-0.067698
-0.196136
-0.341473
-0.505013
-0.681998
-0.864795
-1.047294
-1.228189
-1.411416
-1.603336
-1.807861
-2.021646
-2.231304
-2.413611
-2.538396
-2.573117
-2.488127
-2.262157
-1.887839
-1.376886
-0.763745
-0.105881
0.521104
1.034027
1.356929
1.436527
1.253911
0.828692
0.214186
-0.514860
