pygeostat_saved_data
1
0
-2.054669
-1.814554
-1.602049
-1.439951
-1.155084
-0.820852
-0.532409
-0.222612
0.098647
0.411358
0.687156
0.894179
1.004406
1.001770
0.888759
0.689184
0.445575
0.211126
0.037724
-0.037025
-0.000239
0.131491
0.314790
0.489416
0.593067
0.489909
0.419905
0.131782
-0.245140
-0.645681
-0.993479
-1.213861
-1.245457
-1.050063
-0.621082
0.009682
0.769104
1.547484
2.214360
2.644814
2.750122
2.502334
1.942768
1.170267
0.313530
-0.501847
-1.179936
-1.667430
-1.952357
-2.053366
-1.842267
-1.665859
-1.493896
-1.314718
-1.114785
-0.882280
-0.611365
-0.306057
0.017567
0.331989
0.602297
0.793349
0.878605
0.848340
0.714645
0.511250
0.287421
0.097012
-0.014771
-0.023359
0.067832
0.227044
0.401273
0.529217
0.556818
0.451268
0.209902
-0.138110
-0.537072
-0.915003
-1.195798
-1.310935
-1.209735
-0.868615
-0.299608
0.443293
1.263823
2.033756
2.615867
2.895737
2.812660
2.377732
1.671039
0.818519
-0.042434
-0.795642
-1.366579
-1.726922
-1.886271
-1.877872
-1.784409
-1.597887
-1.458261
-1.327072
-1.155869
-0.932594
-0.655346
-0.335562
0.001482
0.319710
0.578857
0.743531
0.792587
0.726112
0.567650
0.360394
0.157771
0.010610
-0.045825
-0.001385
0.125566
0.292040
0.440787
0.514576
0.470777
0.292499
-0.006364
-0.383039
-0.773563
-1.103708
-1.300524
-1.303022
-1.072003
-0.599630
0.081860
0.895480
1.723943
2.427256
2.872593
2.828481
2.692302
2.095845
1.291881
0.420921
-0.385043
-1.030257
-1.466889
-1.691244
-1.730477
-1.627265
-1.766974
-1.517995
-1.460542
-1.357725
-1.191806
-0.955161
-0.654198
-0.310875
0.039248
0.352766
0.587270
0.711386
0.713369
0.605595
0.423191
0.216624
0.039878
-0.062802
-0.068119
0.020112
0.171482
0.336154
0.456952
0.483449
0.384652
0.157227
-0.172497
-0.552760
-0.915190
-1.185730
-1.295690
-1.192212
-0.848580
-0.274368
0.476711
1.305903
2.080695
2.660030
2.498681
2.464552
2.381727
1.673645
0.838228
0.015228
-0.681831
-1.184870
-1.473559
-1.564999
-1.498198
-1.319997
-1.676392
-1.512025
-1.486925
-1.389335
-1.206350
-0.939339
-0.606278
-0.240865
0.112196
0.405421
0.598753
0.669293
0.617771
0.469617
0.269844
0.072800
-0.070696
-0.125517
-0.080672
0.048005
0.221475
0.386539
0.488285
0.483167
0.349793
0.094966
-0.246280
-0.616234
-0.943940
-1.156281
-1.189225
-0.998924
-0.572789
0.060632
0.826622
1.609363
2.270885
2.448701
2.294440
2.478390
1.910039
1.158156
0.362628
-0.352239
-0.900505
-1.243873
-1.386062
-1.358847
-1.207037
-0.977207
-1.509092
-1.537415
-1.521276
-1.406064
-1.188516
-0.882454
-0.518823
-0.142079
0.197125
0.451840
0.589161
0.598275
0.493779
0.312998
0.107722
-0.067603
-0.168271
-0.169322
-0.070980
0.101440
0.302986
0.478750
0.575975
0.556206
0.404879
0.136102
-0.208494
-0.566365
-0.864320
-1.030396
-1.005997
-0.757900
-0.289395
0.351840
1.073665
1.751698
2.254846
2.403379
2.374723
1.966158
1.339152
0.617001
-0.074685
-0.637729
-1.017215
-1.201739
-1.212699
-1.089790
-0.878445
-0.621931
-1.497089
-1.579291
-1.548115
-1.396535
-1.134626
-0.790266
-0.406565
-0.035657
0.270490
0.470494
0.542664
0.490234
0.341048
0.141546
-0.053481
-0.192786
-0.239447
-0.178337
-0.019126
0.205452
0.445732
0.644824
0.750541
0.727319
0.565484
0.285310
-0.065279
-0.418741
-0.699658
-0.837959
-0.782125
-0.511466
-0.045844
0.550434
1.174829
1.705423
2.029969
2.076685
1.835318
1.359574
0.749670
0.122258
-0.420271
-0.810549
-1.022507
-1.065246
-0.970529
-0.780080
-0.536390
-0.277839
-1.549300
-1.622437
-1.555487
-1.355872
-1.048808
-0.675593
-0.288569
0.057040
0.313115
0.448237
0.454379
0.348719
0.169920
-0.030180
-0.197369
-0.285819
-0.266740
-0.133724
0.095647
0.382090
0.670859
0.901692
1.021288
0.995868
0.820470
0.522140
0.155870
-0.205543
-0.485190
-0.616630
-0.557542
-0.300941
0.118231
0.624528
1.114388
1.479280
1.634228
1.542056
1.223781
0.750674
0.221377
-0.266449
-0.639327
-0.859346
-0.923119
-0.852580
-0.683361
-0.455119
-0.205563
0.032260
-1.613553
-1.654040
-1.536978
-1.286231
-0.941656
-0.555172
-0.183851
0.119195
0.314319
0.382920
0.330996
0.187601
-0.001383
-0.182511
-0.304848
-0.328938
-0.233580
-0.019965
0.287078
0.641345
0.981820
1.243645
1.372013
1.335657
1.135867
0.807948
0.414585
0.033131
-0.259913
-0.404128
-0.368040
-0.157813
0.180544
0.568019
0.909469
1.117712
1.137729
0.962175
0.631885
0.221334
-0.184693
-0.513937
-0.721341
-0.792747
-0.739698
-0.590019
-0.378625
-0.140967
0.090515
0.287926
-1.675869
-1.665733
-1.492341
-1.195585
-0.827245
-0.445444
-0.106798
0.142442
0.274258
0.283637
0.188908
0.027571
-0.151186
-0.295393
-0.358874
-0.308502
-0.129867
0.168791
0.555100
0.974964
1.360246
1.641647
1.764351
1.702020
1.464466
1.096388
0.667611
0.258007
-0.059027
-0.231244
-0.238306
-0.096881
0.141734
0.402693
0.606324
0.689855
0.625028
0.424928
0.137498
-0.171232
-0.437087
-0.613519
-0.678876
-0.635225
-0.501882
-0.307585
-0.084073
0.137995
0.331191
0.472450
-1.725458
-1.654393
-1.426522
-1.095032
-0.719245
-0.358341
-0.063676
0.128737
0.203620
0.168227
0.050023
-0.108965
-0.259601
-0.353312
-0.349057
-0.219502
0.043478
0.424426
0.882661
1.355605
1.768510
2.049676
2.147407
2.043346
1.757593
1.344007
0.877517
0.437555
0.091795
-0.116748
-0.177449
-0.113374
0.024879
0.172483
0.268251
0.271856
0.174433
-0.001257
-0.210691
-0.402976
-0.535545
-0.583396
-0.541282
-0.420410
-0.242655
-0.034926
0.174972
0.360911
0.500030
0.367618
-1.755795
-1.621515
-1.347365
-0.995364
-0.627223
-0.298348
-0.051323
0.089472
0.120549
0.058528
-0.063802
-0.203385
-0.313373
-0.349300
-0.274935
-0.068236
0.272619
0.724382
1.237622
1.741917
2.158178
2.415878
2.470148
2.313066
1.975320
1.518102
1.018384
0.552164
0.179662
-0.064967
-0.178175
-0.185088
-0.131093
-0.068350
-0.040667
-0.071454
-0.158872
-0.279528
-0.398577
-0.481754
-0.504856
-0.458223
-0.346314
-0.184252
0.006479
0.201761
0.377533
0.511718
0.437256
0.292981
-1.764487
-1.571461
-1.262757
-0.903957
-0.554281
-0.261755
-0.058552
0.041970
0.045559
-0.025391
-0.136252
-0.245353
-0.309085
-0.286914
-0.146896
0.127868
0.532490
1.035532
1.579359
2.087877
2.481329
2.694467
2.692346
2.478436
2.092649
1.600600
1.078119
0.595535
0.205122
-0.066431
-0.219802
-0.278970
-0.282047
-0.269138
-0.270649
-0.299753
-0.351274
-0.406680
-0.442541
-0.438861
-0.384584
-0.279374
-0.132412
0.040282
0.218751
0.381606
0.508095
0.534383
0.361478
0.307860
-1.752134
-1.509201
-1.178109
-0.822970
-0.496807
-0.238425
-0.069887
0.004304
-0.004143
-0.070402
-0.160455
-0.235095
-0.253863
-0.179584
0.015709
0.343518
0.791823
1.321284
1.867841
2.353122
2.700861
2.854634
2.791070
2.524350
2.101116
1.588291
1.058033
0.573847
0.180456
-0.101318
-0.274363
-0.360149
-0.389908
-0.394457
-0.395674
-0.402133
-0.409796
-0.406708
-0.379247
-0.317534
-0.218540
-0.086768
0.066776
0.226404
0.373776
0.489904
0.557123
0.456334
0.376806
0.347590
-1.720708
-1.438363
-1.095023
-0.749436
-0.446407
-0.215528
-0.070528
-0.009957
-0.019227
-0.073421
-0.140235
-0.182862
-0.163355
-0.047431
0.188806
0.550990
1.019910
1.549502
2.072069
2.510804
2.796643
2.884225
2.761847
2.452567
2.006981
1.490731
0.970709
0.503225
0.126040
-0.144904
-0.314047
-0.400734
-0.431212
-0.430347
-0.415472
-0.393883
-0.364108
-0.319706
-0.253726
-0.162310
-0.046688
0.086374
0.225243
0.354772
0.458028
0.518298
0.521173
0.456538
0.320154
0.114627
-1.672106
-1.360247
-1.011547
-0.677153
-0.393377
-0.182011
-0.050947
0.004485
-0.000388
-0.041592
-0.088439
-0.105811
-0.057644
0.087502
0.348950
0.726049
1.192886
1.698645
2.175210
2.550889
2.766446
2.788427
2.615762
2.278167
1.827771
1.327117
0.836900
0.406036
0.065463
-0.173734
-0.318044
-0.385986
-0.400919
-0.384265
-0.350933
-0.307865
-0.255393
-0.190309
-0.109272
-0.011527
0.099504
0.215817
0.325385
0.413496
0.464628
0.464607
0.402787
0.273882
0.079205
-0.172885
-1.607368
-1.274063
-0.923824
-0.599663
-0.330472
-0.132339
-0.009673
0.043543
0.042494
0.010376
-0.022953
-0.023291
0.043721
0.206185
0.478125
0.852435
1.297573
1.760363
2.175388
2.478837
2.622756
2.585392
2.374782
2.025235
1.588545
1.122831
0.681780
0.306374
0.020213
-0.171136
-0.277118
-0.316575
-0.311219
-0.279992
-0.235657
-0.184088
-0.125787
-0.058653
0.019071
0.106468
0.198629
0.286451
0.357476
0.397528
0.392871
0.332501
0.210200
0.026028
-0.212960
-0.492819
-1.526733
-1.178141
-0.828406
-0.513176
-0.255669
-0.068251
0.046583
0.095503
0.093808
0.064784
0.038330
0.048028
0.126065
0.296257
0.566588
0.923725
1.332006
1.738403
2.082862
2.311344
2.387720
2.301161
2.067219
1.723004
1.318383
0.905748
0.530690
0.225290
0.004974
-0.130862
-0.195051
-0.206958
-0.186568
-0.149899
-0.106699
-0.060538
-0.010723
0.044917
0.107295
0.174083
0.238830
0.291272
0.318675
0.307890
0.247714
0.131112
-0.043053
-0.269038
-0.534081
-0.819055
-1.430298
-1.071494
-0.724271
-0.418359
-0.172970
0.001972
0.105393
0.144981
0.137074
0.105983
0.082043
0.097781
0.182118
0.353414
0.613128
0.942366
1.303175
1.645076
1.915521
2.071406
2.088385
1.965483
1.724148
1.402518
1.046823
0.702164
0.404670
0.176516
0.024458
-0.058182
-0.086994
-0.080875
-0.056916
-0.027032
0.003106
0.033042
0.065121
0.101638
0.142420
0.183380
0.216341
0.230039
0.212024
0.151024
0.039304
-0.125407
-0.338679
-0.588992
-0.858157
-1.122479
-1.318769
-0.954948
-0.613713
-0.320321
-0.091016
0.066407
0.152759
0.177721
0.159652
0.124335
0.102138
0.123360
0.212188
0.380473
0.623106
0.916804
1.223374
1.497117
1.694643
1.784393
1.753282
1.608817
1.376466
1.093342
0.800027
0.532590
0.316505
0.163621
0.072508
0.031680
0.024544
0.034518
0.048985
0.061208
0.070062
0.078095
0.088749
0.103686
0.120933
0.134270
0.133889
0.108104
0.045680
-0.061726
-0.217456
-0.418388
-0.654291
-0.908026
-1.156499
-1.372313
-1.193805
-0.831303
-0.501766
-0.226881
-0.020104
0.113453
0.177501
0.184713
0.155947
0.118088
0.100326
0.129063
0.222296
0.384760
0.605364
0.858110
1.106766
1.312418
1.442002
1.475537
1.410130
1.259886
1.051957
0.820007
0.596861
0.408132
0.268213
0.179352
0.133667
0.117238
0.114908
0.114423
0.108861
0.096975
0.081687
0.067502
0.057709
0.052252
0.046730
0.032747
-0.000585
-0.064405
-0.167598
-0.314533
-0.503395
-0.725297
-0.964251
-1.197922
-1.399112
-1.537908
-1.057666
-0.704445
-0.394411
-0.145810
0.031299
0.135528
0.174510
0.164416
0.128264
0.092817
0.084303
0.123495
0.221155
0.375000
0.569257
0.777305
0.967097
1.108142
1.178256
1.168334
1.083890
0.943108
0.772062
0.598487
0.445746
0.328469
0.250801
0.207434
0.186856
0.175642
0.162504
0.140963
0.110098
0.073422
0.036493
0.004109
-0.022035
-0.044637
-0.070739
-0.110444
-0.174767
-0.273108
-0.410862
-0.587545
-0.795692
-1.020582
-1.240792
-1.429514
-1.556585
-1.591242
-0.912280
-0.577816
-0.296373
-0.082144
0.059268
0.131254
0.145914
0.122626
0.085358
0.058919
0.064647
0.116313
0.217143
0.358774
0.522676
0.683932
0.816677
0.899865
0.921915
0.883026
0.794565
0.675794
0.548896
0.433669
0.343300
0.282236
0.246559
0.226512
0.210254
0.187648
0.152980
0.105946
0.050803
-0.005819
-0.057705
-0.101526
-0.138387
-0.174044
-0.217840
-0.280682
-0.372505
-0.499774
-0.663424
-0.857525
-1.068779
-1.276860
-1.455554
-1.574657
-1.602659
-1.510186
-0.758230
-0.452987
-0.209408
-0.036565
0.065501
0.105582
0.100028
0.070273
0.039389
0.028173
0.051457
0.115366
0.216176
0.341150
0.471320
0.585710
0.666073
0.700972
0.688181
0.634767
0.554860
0.465753
0.383436
0.318802
0.275496
0.249958
0.233427
0.215227
0.186257
0.141623
0.081735
0.011655
-0.060937
-0.128484
-0.186139
-0.233497
-0.275092
-0.319550
-0.377699
-0.460067
-0.574291
-0.722874
-0.901615
-1.098871
-1.295659
-1.466604
-1.581699
-1.608890
-1.517492
-1.282373
-0.594282
-0.329070
-0.131858
-0.005427
0.056491
0.067997
0.048642
0.020092
0.002393
0.010507
0.051801
0.125000
0.220865
0.324500
0.418857
0.488660
0.523873
0.521828
0.487493
0.431796
0.368471
0.310310
0.265858
0.237485
0.221308
0.208927
0.190356
0.157246
0.105393
0.035869
-0.045505
-0.130076
-0.209051
-0.276157
-0.329571
-0.372644
-0.413310
-0.462352
-0.530962
-0.628084
-0.758003
-0.918537
-1.100026
-1.285183
-1.449817
-1.564426
-1.596660
-1.514685
-1.291381
-0.909134
-0.417924
-0.203351
-0.059623
0.017693
0.041266
0.029611
0.003723
-0.016682
-0.016590
0.011871
0.068500
0.145728
0.230823
0.309098
0.367409
0.397170
0.396163
0.368727
0.324254
0.274424
0.229906
0.197469
0.178292
0.167940
0.157987
0.138756
0.102343
0.045033
-0.031581
-0.121039
-0.213837
-0.300071
-0.372158
-0.426924
-0.466570
-0.498325
-0.532926
-0.582272
-0.656744
-0.762655
-0.900200
-1.062147
-1.233404
-1.391458
-1.507755
-1.550000
-1.485436
-1.285032
-0.928350
-0.408587
-0.226964
-0.073019
0.011831
0.039581
0.028618
0.000217
-0.025390
-0.032619
-0.013055
0.033603
0.100314
0.174971
0.243624
0.293908
0.317910
0.313801
0.285904
0.243163
0.196481
0.155593
0.126371
0.109298
0.099529
0.088508
0.066646
0.026258
-0.036069
-0.118365
-0.213656
-0.311717
-0.401667
-0.474734
-0.526465
-0.557918
-0.575577
-0.590061
-0.613942
-0.659109
-0.734105
-0.841874
-0.978146
-1.130654
-1.279246
-1.396956
-1.452094
-1.411362
-1.243992
-0.926655
-0.448682
0.183233
-0.021734
0.062689
0.085259
0.065114
0.024856
-0.013702
-0.033470
-0.024887
0.012962
0.073105
0.143075
0.208319
0.255837
0.277189
0.270207
0.239065
0.192698
0.142066
0.096969
0.063309
0.041550
0.026803
0.010477
-0.017012
-0.063262
-0.131510
-0.219483
-0.319754
-0.421444
-0.512796
-0.583944
-0.629236
-0.648597
-0.647687
-0.636876
-0.629274
-0.638199
-0.674514
-0.744195
-0.846447
-0.972540
-1.105524
-1.220911
-1.288421
-1.274862
-1.148122
-0.882080
-0.461958
0.110661
0.630343
0.192944
0.200819
0.160181
0.095992
0.032830
-0.009534
-0.019410
0.005355
0.057993
0.125262
0.191115
0.240705
0.263794
0.256818
0.223148
0.171582
0.113490
0.059409
0.016051
-0.015462
-0.039642
-0.064966
-0.101054
-0.155547
-0.231586
-0.326602
-0.432651
-0.538133
-0.630382
-0.698478
-0.735623
-0.740626
-0.718260
-0.678473
-0.634666
-0.601357
-0.591595
-0.614470
-0.673013
-0.762686
-0.870647
-0.975954
-1.050837
-1.063200
-0.980336
-0.773734
-0.424511
0.071292
0.698592
0.098837
0.406937
0.334339
0.232826
0.130936
0.052411
0.012292
0.014949
0.054398
0.116710
0.183914
0.238458
0.267194
0.264017
0.230586
0.175038
0.109100
0.044402
-0.010965
-0.054664
-0.090455
-0.126623
-0.172987
-0.237476
-0.323323
-0.427665
-0.541870
-0.653348
-0.748291
-0.814580
-0.844240
-0.834988
-0.790676
-0.720690
-0.638435
-0.559245
-0.497981
-0.466620
-0.472058
-0.514346
-0.585534
-0.669325
-0.741770
-0.773198
-0.731491
-0.586611
-0.315989
0.089955
0.623228
0.606578
-0.215705
0.605738
0.453441
0.297586
0.167208
0.082039
0.049870
0.066397
0.117477
0.183205
0.242834
0.279456
0.283386
0.253578
0.196786
0.124774
0.050364
-0.016574
-0.072009
-0.118661
-0.164657
-0.220384
-0.294615
-0.391149
-0.507032
-0.632778
-0.754374
-0.856329
-0.924895
-0.950679
-0.930245
-0.866549
-0.768352
-0.648838
-0.523729
-0.409132
-0.319342
-0.264738
-0.249918
-0.272232
-0.320925
-0.377162
-0.415245
-0.405222
-0.316917
-0.125078
0.185035
0.612637
1.138160
0.332249
-0.360733
0.773227
0.548265
0.349503
0.202752
0.120540
0.101346
0.131570
0.189684
0.251601
0.296079
0.309006
0.285689
0.230691
0.155344
0.073615
-0.002524
-0.066877
-0.120792
-0.172306
-0.232954
-0.313285
-0.418653
-0.546675
-0.687125
-0.824110
-0.939661
-1.017551
-1.046358
-1.021206
-0.944131
-0.823331
-0.671706
-0.505039
-0.340074
-0.192615
-0.075707
0.002105
0.038339
0.037825
0.013293
-0.015011
-0.021087
0.023553
0.145232
0.362690
0.681799
1.091639
1.054430
0.235141
-0.361951
0.895607
0.612224
0.386822
0.238028
0.168325
0.165596
0.207253
0.265994
0.315938
0.337894
0.322679
0.271853
0.195759
0.109372
0.027075
-0.042182
-0.097830
-0.147721
-0.205112
-0.283579
-0.391617
-0.528825
-0.684989
-0.842216
-0.979175
-1.075931
-1.117883
-1.097982
-1.017093
-0.882944
-0.708295
-0.508926
-0.301767
-0.103294
0.071890
0.212414
0.311530
0.368470
0.389525
0.388432
0.385595
0.405799
0.474379
0.612235
0.830550
1.126364
1.480220
1.008911
0.292232
-0.227037
0.965425
0.644788
0.412613
0.276654
0.227336
0.241743
0.289699
0.340606
0.369725
0.362656
0.317146
0.241904
0.152684
0.066571
-0.003979
-0.055587
-0.095350
-0.138490
-0.202857
-0.302138
-0.440187
-0.608562
-0.788052
-0.953456
-1.079723
-1.147389
-1.145845
-1.074039
-0.939116
-0.753962
-0.534616
-0.298110
-0.060988
0.161702
0.357211
0.515979
0.632788
0.708006
0.748583
0.768223
0.786230
0.824758
0.904593
1.040194
1.235028
1.478438
1.745119
1.130047
0.500392
0.053323
0.984352
0.652640
0.434637
0.324425
0.299620
0.327670
0.373368
0.406135
0.405719
0.365253
0.291063
0.199265
0.109827
0.039552
-0.004092
-0.026215
-0.043480
-0.078737
-0.152925
-0.277089
-0.447493
-0.645595
-0.842766
-1.007803
-1.114409
-1.146337
-1.099109
-0.978645
-0.798083
-0.574196
-0.324497
-0.065467
0.188194
0.423768
0.630678
0.801045
0.930721
1.020558
1.077347
1.113797
1.147005
1.195345
1.274148
1.391131
1.542742
1.712616
1.872821
1.420239
0.875595
0.506430
0.963687
0.648584
0.463274
0.386838
0.384982
0.418152
0.449797
0.453295
0.416355
0.342035
0.246148
0.151439
0.079757
0.044180
0.043493
0.061168
0.069755
0.039718
-0.050185
-0.204777
-0.409683
-0.634899
-0.843130
-0.999611
-1.079969
-1.073944
-0.984747
-0.825347
-0.613665
-0.368395
-0.106413
0.158133
0.413554
0.649956
0.858897
1.033783
1.170982
1.271198
1.340387
1.389495
1.432610
1.483623
1.552086
1.639354
1.736227
1.822985
1.872133
1.853396
1.454214
1.180867
0.922134
0.648264
0.507941
0.465870
0.478562
0.503508
0.507331
0.471543
0.394929
0.292022
0.187794
0.109432
0.077002
0.095522
0.151235
0.214005
0.245861
0.213260
0.098804
-0.092044
-0.331839
-0.579138
-0.790294
-0.930589
-0.981086
-0.939830
-0.818292
-0.635430
-0.411823
-0.165637
0.089043
0.341858
0.584788
0.810761
1.013056
1.185802
1.325351
1.431796
1.509834
1.568230
1.617677
1.667391
1.721382
1.775543
1.816650
1.823810
1.772234
1.638478
1.405848
1.068602
0.881237
0.665453
0.573035
0.557102
0.569379
0.569499
0.532113
0.450663
0.337154
0.217711
0.124485
0.085342
0.113758
0.202060
0.320855
0.425939
0.471274
0.423897
0.275301
0.044840
-0.226111
-0.486721
-0.690997
-0.808626
-0.829350
-0.760755
-0.621771
-0.435084
-0.221108
0.005107
0.234054
0.459992
0.678556
0.884963
1.073524
1.238510
1.375896
1.485013
1.569252
1.635193
1.690200
1.739097
1.780995
1.807430
1.802620
1.746001
1.616546
1.397747
1.081945
0.672885
0.859521
0.707198
0.654666
0.648245
0.640547
0.598849
0.510264
0.382854
0.242367
0.124764
0.065587
0.088267
0.194466
0.359943
0.538490
0.673957
0.717112
0.641514
0.452360
0.184792
-0.107486
-0.368568
-0.555356
-0.646251
-0.641765
-0.558620
-0.420871
-0.251707
-0.068287
0.119654
0.308214
0.496223
0.682247
0.862844
1.032567
1.185428
1.317002
1.426113
1.515216
1.589113
1.652294
1.705779
1.744596
1.756907
1.725307
1.630110
1.453811
1.185534
0.824255
0.379984
0.866934
0.770285
0.739327
0.719833
0.671443
0.574121
0.430624
0.264515
0.113721
0.020274
0.017818
0.119693
0.311233
0.549783
0.774017
0.920818
0.944437
0.830933
0.602260
0.308400
0.010959
-0.235140
-0.395148
-0.459303
-0.439051
-0.357942
-0.241535
-0.109862
0.025867
0.162523
0.301759
0.446010
0.595464
0.746894
0.894483
1.031941
1.154876
1.262274
1.356385
1.440929
1.518201
1.586120
1.636339
1.654251
1.621069
1.517565
1.328454
1.046267
0.673704
0.223889
0.901113
0.840145
0.805145
0.748124
0.641382
0.481214
0.287206
0.097021
-0.042958
-0.090023
-0.018373
0.170242
0.442380
0.738170
0.986050
0.978079
1.018506
0.961711
0.704719
0.403627
0.121252
-0.095039
-0.223109
-0.265936
-0.243752
-0.182967
-0.106386
-0.027613
0.049734
0.129127
0.216565
0.316379
0.428812
0.549901
0.673256
0.792751
0.904892
1.009816
1.110495
1.210369
1.310217
1.405444
1.484774
1.530946
1.523385
1.442177
1.272338
1.007280
0.650633
0.216084
0.946658
0.892758
0.825587
0.709610
0.533873
0.312465
0.080539
-0.113832
-0.221255
-0.204474
-0.050878
0.219718
0.555736
0.884640
0.772276
0.708962
0.931272
1.017089
0.752622
0.468351
0.220799
0.044379
-0.053160
-0.085698
-0.078043
-0.054621
-0.031579
-0.014014
0.002159
0.025606
0.064553
0.123172
0.200390
0.291036
0.388542
0.487903
0.587681
0.690265
0.800241
0.921430
1.053599
1.189978
1.316463
1.412865
1.455990
1.423782
1.299555
1.075292
0.753351
0.346262
0.977711
0.899185
0.774794
0.585987
0.340293
0.068457
-0.182456
-0.359430
-0.416281
-0.326787
-0.094952
0.241393
0.616549
0.761274
0.591145
0.713470
1.126310
0.998543
0.752836
0.508648
0.309801
0.175075
0.099227
0.061796
0.038758
0.012220
-0.024724
-0.068365
-0.108458
-0.133646
-0.136022
-0.113402
-0.068965
-0.008828
0.061234
0.138607
0.225123
0.326347
0.449081
0.597892
0.771733
0.961723
1.150787
1.315341
1.428669
1.465231
1.404989
1.236808
0.960324
0.586012
0.963325
0.831677
0.633183
0.368288
0.062001
-0.241893
-0.489869
-0.630216
-0.625681
-0.464840
-0.168853
0.209753
0.597818
0.659712
0.679152
0.993388
1.092277
0.923929
0.721773
0.533668
0.387233
0.286470
0.217436
0.158858
0.092670
0.010622
-0.084398
-0.181483
-0.267072
-0.330128
-0.365350
-0.373663
-0.360254
-0.331222
-0.290181
-0.236058
-0.162816
-0.061220
0.077902
0.259820
0.482575
0.735057
0.997018
1.241087
1.436381
1.553000
1.566547
1.461820
1.235052
0.894368
0.874295
0.669825
0.391908
0.059128
-0.289585
-0.602823
-0.826823
-0.916945
-0.848869
-0.627046
-0.287239
0.109209
0.489360
0.787474
0.962336
1.006627
0.944686
0.819930
0.677523
0.549474
0.447508
0.364993
0.285332
0.192154
0.076987
-0.057908
-0.201457
-0.338684
-0.456144
-0.545853
-0.606563
-0.642375
-0.659509
-0.662578
-0.651626
-0.620926
-0.559852
-0.455593
-0.296975
-0.078417
0.196923
0.515562
0.854025
1.181086
1.461542
1.660896
1.750118
1.709715
1.532422
1.224080
0.689733
0.405208
0.055071
-0.327433
-0.694818
-0.994207
-1.177343
-1.210792
-1.084673
-0.817512
-0.454728
-0.059565
0.302011
0.578032
0.742899
0.800688
0.778305
0.711795
0.631887
0.554558
0.479518
0.395677
0.289921
0.154925
-0.006976
-0.184547
-0.361867
-0.523701
-0.659870
-0.767211
-0.848748
-0.910764
-0.958913
-0.994743
-1.013676
-1.004990
-0.953781
-0.844371
-0.664372
-0.408509
-0.081439
0.300994
0.712340
1.117898
1.478585
1.755719
1.916023
1.936065
1.805364
1.527681
0.401799
0.043450
-0.360750
-0.768193
-1.128907
-1.394218
-1.525553
-1.502490
-1.328449
-1.032033
-0.662351
-0.278392
0.065023
0.330137
0.503225
0.593091
0.622149
0.614380
0.585487
0.538956
0.468624
0.365356
0.224106
0.048175
-0.150688
-0.355736
-0.550322
-0.722484
-0.867389
-0.987065
-1.087807
-1.176316
-1.255891
-1.323792
-1.370430
-1.380528
-1.335891
-1.219151
-1.017725
-0.727278
-0.354125
0.083816
0.557745
1.030338
1.459577
1.803549
2.006907
1.815243
1.805120
1.762731
0.017510
-0.396687
-0.829383
-1.234595
-1.565444
-1.781615
-1.856211
-1.781211
-1.570193
-1.256857
-0.888626
-0.516294
-0.182663
0.085890
0.281834
0.412284
0.490586
0.527768
0.527647
0.487150
0.400756
0.266198
0.088445
-0.119758
-0.340723
-0.556542
-0.753706
-0.925889
-1.074155
-1.204722
-1.325233
-1.440790
-1.550877
-1.647938
-1.717813
-1.741823
-1.699967
-1.574581
-1.353899
-1.034991
-0.625737
-0.145541
0.375402
0.898344
1.379637
1.775450
1.800422
1.613155
1.600738
1.763241
-0.442617
-0.886727
-1.319469
-1.696972
-1.979556
-2.137360
-2.154933
-2.034207
-1.794845
-1.471098
-1.105171
-0.738571
-0.404130
-0.121516
0.102323
0.268562
0.380399
0.438612
0.440682
0.383379
0.266911
0.098145
-0.108849
-0.335265
-0.561945
-0.773923
-0.963457
-1.130602
-1.281338
-1.424039
-1.565453
-1.707362
-1.844700
-1.965433
-2.052026
-2.084053
-2.041367
-1.907345
-1.671825
-1.333467
-0.901349
-0.395540
0.153524
0.707035
1.221186
1.651663
1.767748
1.575447
1.555934
1.707789
-0.948510
-1.393454
-1.799303
-2.128362
-2.350294
-2.445719
-2.408717
-2.247857
-1.985102
-1.652196
-1.284971
-0.917063
-0.575047
-0.276590
-0.031844
0.153278
0.274083
0.326107
0.306566
0.217140
0.066250
-0.130730
-0.353820
-0.582610
-0.800718
-0.998970
-1.176310
-1.338261
-1.493622
-1.650493
-1.812763
-1.977924
-2.136529
-2.273196
-2.368716
-2.402716
-2.356445
-2.215343
-1.971291
-1.624431
-1.184454
-0.671173
-0.114084
0.449293
0.976420
1.423885
1.752253
1.693214
1.661812
1.782180
