pygeostat_saved_data
1
0
-0.677125
-0.983915
-1.146235
-1.169156
-1.065437
-0.855419
-0.566658
-0.232861
0.108316
0.418809
0.664822
0.821953
0.879635
0.843630
0.735572
0.589169
0.443568
0.335163
0.289639
0.316100
0.404686
0.528308
0.648233
0.722432
0.714939
0.604307
0.389408
0.091382
-0.248588
-0.575254
-0.827926
-0.950414
-0.900902
-0.660488
-0.239104
0.322430
0.955375
1.571589
2.076991
2.387873
2.446623
2.233047
1.768204
1.109705
0.339791
-0.450449
-1.176619
-1.772802
-2.197617
-2.434580
-1.004434
-1.246882
-1.349522
-1.319239
-1.169704
-0.921890
-0.604152
-0.251275
0.098019
0.405191
0.637221
0.772145
0.803416
0.741741
0.613505
0.455737
0.308483
0.206234
0.170317
0.204016
0.291583
0.401442
0.493011
0.525773
0.468755
0.308419
0.053276
-0.265743
-0.599272
-0.887096
-1.067988
-1.090331
-0.922004
-0.558166
-0.025600
0.617692
1.288570
1.890506
2.329604
2.531836
2.457551
2.109424
1.531606
0.800310
0.008478
-0.751270
-1.401188
-1.887594
-2.183723
-2.287248
-1.253205
-1.437623
-1.488035
-1.411676
-1.222396
-0.941800
-0.599596
-0.232423
0.119277
0.416261
0.626572
0.731396
0.729094
0.636089
0.483957
0.313114
0.164329
0.069972
0.046923
0.092756
0.186083
0.291076
0.365363
0.369773
0.277900
0.083463
-0.196209
-0.521398
-0.835751
-1.075496
-1.180487
-1.105403
-0.829396
-0.362729
0.251010
0.938286
1.605090
2.151726
2.490565
2.562947
2.351014
1.881227
1.218499
0.452622
-0.319210
-1.009203
-1.551270
-1.906923
-2.064902
-2.036310
-1.430665
-1.564226
-1.569062
-1.452004
-1.227141
-0.917412
-0.554870
-0.178883
0.168005
0.446120
0.625457
0.691596
0.649029
0.520779
0.344005
0.162431
0.017195
-0.061886
-0.062749
0.006172
0.117539
0.230884
0.301566
0.291204
0.177436
-0.039245
-0.333186
-0.656501
-0.946730
-1.137753
-1.172018
-1.012080
-0.649616
-0.110352
0.546446
1.234714
1.854433
2.308794
2.522496
2.456798
2.117420
1.552998
0.844527
0.088769
-0.619787
-1.204017
-1.613258
-1.825688
-1.845077
-1.694244
-1.548489
-1.637623
-1.601781
-1.447463
-1.189807
-0.854264
-0.476324
-0.098664
0.234263
0.483322
0.621964
0.641772
0.554679
0.391018
0.193598
0.009024
-0.121910
-0.172725
-0.136944
-0.029777
0.114710
0.250631
0.330389
0.315934
0.188722
-0.044022
-0.348395
-0.668678
-0.937075
-1.086367
-1.063124
-0.839192
-0.419500
0.155366
0.812878
1.458812
1.992945
2.327565
2.404795
2.208399
1.766875
1.146894
0.438998
-0.260413
-0.866112
-1.316185
-1.577491
-1.644734
-1.535015
-1.280383
-1.620967
-1.670241
-1.596529
-1.406872
-1.118780
-0.761522
-0.374814
-0.004596
0.303728
0.513228
0.602729
0.571496
0.439939
0.245953
0.037529
-0.136782
-0.237672
-0.243169
-0.153533
0.008155
0.200095
0.370195
0.467474
0.454209
0.316019
0.067297
-0.249587
-0.571394
-0.825936
-0.946333
-0.884826
-0.623628
-0.180850
0.389844
1.006404
1.571819
1.991779
2.193095
2.095346
1.834551
1.328825
0.699922
0.040462
-0.560585
-1.032483
-1.331262
-1.441554
-1.372981
-1.153323
-0.820886
-1.662994
-1.674621
-1.564050
-1.340297
-1.024733
-0.651454
-0.264559
0.087626
0.360470
0.335923
0.405363
0.474282
0.303900
0.090416
-0.114096
-0.260591
-0.312767
-0.254634
-0.094531
0.135428
0.384861
0.595087
0.711930
0.698689
0.546072
0.276399
-0.059313
-0.390892
-0.643058
-0.750928
-0.673826
-0.404810
0.025917
0.554616
1.094476
1.551478
1.842749
1.913397
1.747756
1.372039
0.847779
0.258011
-0.309889
-0.780165
-1.099883
-1.243706
-1.212604
-1.028365
-0.726206
-0.347522
-1.688151
-1.662166
-1.514710
-1.258416
-0.919750
-0.538007
-0.160953
0.162384
0.117630
0.120734
0.299934
0.350028
0.152171
-0.065038
-0.247137
-0.346421
-0.331350
-0.193464
0.049549
0.355669
0.665614
0.914481
1.045910
1.025598
0.850652
0.552049
0.189295
-0.161588
-0.423937
-0.536589
-0.466986
-0.218679
0.168199
0.623814
1.061818
1.396539
1.560605
1.518926
1.275570
0.871774
0.375876
-0.131894
-0.575530
-0.896296
-1.060194
-1.059306
-0.908177
-0.637312
-0.285901
0.104684
-1.707123
-1.642100
-1.457683
-1.171556
-0.815887
-0.434672
-0.077779
0.059034
-0.005178
0.107343
0.367470
0.205804
-0.003606
-0.205829
-0.346117
-0.380113
-0.282773
-0.054530
0.276699
0.658729
1.023889
1.302320
1.437263
1.398671
1.191369
0.855372
0.457929
0.079273
-0.204510
-0.337545
-0.295809
-0.092103
0.226568
0.588726
0.913420
1.127442
1.180935
1.057642
0.777347
0.390068
-0.036109
-0.429995
-0.731124
-0.899313
-0.918569
-0.795705
-0.555257
-0.232735
0.132073
0.500671
-1.726629
-1.620715
-1.400139
-1.088481
-0.723365
-0.352112
-0.024482
0.024954
0.072882
0.299262
0.235015
0.054730
-0.147940
-0.316328
-0.397626
-0.352731
-0.164553
0.156677
0.572578
1.021387
1.428477
1.539941
1.540243
1.706198
1.525711
1.145787
0.708739
0.296949
-0.016076
-0.180907
-0.181770
-0.038701
0.197932
0.459282
0.673715
0.782796
0.753923
0.586572
0.310814
-0.021090
-0.347414
-0.610374
-0.766924
-0.794813
-0.693510
-0.480934
-0.187726
0.149190
0.492479
0.808973
-1.748967
-1.600945
-1.346513
-1.015167
-0.648850
-0.296154
-0.004259
0.189715
0.266004
0.226456
0.094857
-0.086722
-0.264780
-0.383300
-0.393474
-0.263010
0.016262
0.424052
0.912089
1.410515
1.828009
1.775596
1.889816
2.110995
1.813193
1.386677
0.909474
0.463851
0.118941
-0.082917
-0.133272
-0.056961
0.095704
0.261989
0.381944
0.412224
0.335250
0.161716
-0.073836
-0.322671
-0.533797
-0.664973
-0.690267
-0.603044
-0.414672
-0.150200
0.157390
0.472977
0.764228
1.005250
-1.772154
-1.582291
-1.298010
-0.953863
-0.594271
-0.266713
-0.013499
0.136112
0.171690
0.104080
-0.035914
-0.202266
-0.340980
-0.398858
-0.332747
-0.118215
0.243649
0.722968
1.262966
1.787966
2.183918
2.248245
2.461539
2.369258
2.020718
1.550099
1.037561
0.563034
0.189819
-0.046967
-0.144896
-0.131175
-0.053227
0.034550
0.084581
0.067145
-0.023867
-0.171526
-0.342044
-0.494427
-0.590715
-0.604210
-0.524067
-0.355865
-0.118911
0.158478
0.444314
0.707931
0.923969
1.075155
-1.790615
-1.561138
-1.252521
-0.902780
-0.556589
-0.258029
-0.042801
0.068402
0.073976
-0.007811
-0.141397
-0.279236
-0.369053
-0.362199
-0.222300
0.066759
0.494930
1.023920
1.590531
2.116105
2.520923
2.740584
2.740204
2.522384
2.126599
1.620081
1.082724
0.590063
0.198505
-0.063854
-0.199220
-0.235125
-0.214214
-0.181680
-0.173534
-0.208524
-0.285360
-0.385417
-0.479579
-0.536930
-0.532819
-0.454406
-0.302799
-0.091959
0.154729
0.409081
0.642837
0.831785
0.958870
1.016132
-1.796294
-1.531484
-1.205099
-0.856603
-0.528700
-0.260237
-0.079356
0.001621
-0.011344
-0.094595
-0.210122
-0.311045
-0.348563
-0.279760
-0.075620
0.271758
0.744244
1.296873
1.862612
2.362929
2.722578
2.885243
2.825934
2.556544
2.122921
1.594271
1.047843
0.552982
0.158441
-0.114324
-0.270954
-0.337872
-0.352054
-0.349803
-0.357396
-0.385749
-0.429955
-0.473170
-0.493225
-0.469796
-0.390230
-0.252774
-0.066907
0.148774
0.370203
0.572097
0.731952
0.833345
0.868182
0.837842
-1.780105
-1.486093
-1.149078
-0.807870
-0.501331
-0.261913
-0.110080
-0.050685
-0.071926
-0.146860
-0.237101
-0.298158
-0.285918
-0.163874
0.089544
0.474586
0.966383
1.515464
2.053791
2.506061
2.804272
2.902031
2.784734
2.472661
2.016063
1.483675
0.947835
0.470181
0.091297
-0.173601
-0.332668
-0.410424
-0.438125
-0.444284
-0.447698
-0.454429
-0.458899
-0.448165
-0.407695
-0.326834
-0.202598
-0.041105
0.143311
0.330706
0.499077
0.628082
0.702314
0.713789
0.663385
0.561200
-1.733544
-1.417967
-1.077671
-0.748946
-0.465499
-0.252962
-0.124659
-0.079346
-0.101198
-0.161879
-0.224265
-0.247463
-0.192786
-0.030383
0.254148
0.654340
1.140263
1.660340
2.148388
2.535175
2.762163
2.793974
2.626124
2.285771
1.825271
1.310405
0.806546
0.366395
0.022076
-0.217018
-0.360899
-0.431862
-0.455919
-0.455218
-0.443240
-0.423551
-0.391776
-0.339681
-0.259816
-0.149361
-0.012250
0.140689
0.293337
0.427050
0.523903
0.569836
0.557199
0.486469
0.366912
0.216179
-1.650316
-1.321972
-0.985804
-0.674162
-0.414911
-0.227057
-0.117768
-0.081196
-0.099166
-0.143452
-0.179372
-0.170399
-0.083643
0.104143
0.400767
0.794249
1.251491
1.721280
2.141970
2.452757
2.606069
2.577809
2.372591
2.022431
1.579275
1.103568
0.651975
0.267406
-0.026485
-0.225609
-0.341311
-0.393580
-0.403844
-0.389255
-0.359711
-0.317836
-0.261306
-0.186378
-0.091366
0.020933
0.142362
0.260132
0.358797
0.422940
0.440029
0.402961
0.311917
0.175307
0.009704
-0.161268
-1.527749
-1.196293
-0.871719
-0.581542
-0.347653
-0.183044
-0.089885
-0.059131
-0.071610
-0.100332
-0.113838
-0.080425
0.026877
0.224994
0.515930
0.883604
1.293769
1.697943
2.041311
2.273198
2.357645
2.281242
2.055994
1.716339
1.311278
0.893820
0.510635
0.194499
-0.039013
-0.190405
-0.271778
-0.300781
-0.294850
-0.267227
-0.225406
-0.171874
-0.106419
-0.028963
0.058055
0.148375
0.231946
0.296188
0.328096
0.316736
0.255662
0.144845
-0.008147
-0.187922
-0.372035
-0.532729
-1.367730
-1.043384
-0.737936
-0.473654
-0.266722
-0.124945
-0.046628
-0.020724
-0.028106
-0.043816
-0.040147
0.009517
0.126286
0.321226
0.591543
0.918627
1.269080
1.599258
1.862902
2.020340
2.046965
1.938634
1.712455
1.402702
1.053078
0.707551
0.402178
0.159888
-0.010952
-0.114438
-0.162738
-0.171019
-0.153161
-0.119240
-0.075026
-0.023134
0.034922
0.096620
0.156968
0.208070
0.239780
0.241268
0.203118
0.119554
-0.009625
-0.177698
-0.370524
-0.566991
-0.740423
-0.860861
-1.176949
-0.870138
-0.591264
-0.357316
-0.179286
-0.060660
0.003100
0.024077
0.020543
0.014832
0.030519
0.089011
0.205772
0.386680
0.625335
0.902245
1.186719
1.441592
1.630158
1.723720
1.707857
1.585590
1.376536
1.112294
0.829415
0.561957
0.335531
0.164198
0.050478
-0.012048
-0.034805
-0.030255
-0.008992
0.021591
0.057083
0.094766
0.131931
0.164441
0.186037
0.188552
0.162990
0.101255
-0.001862
-0.146774
-0.327650
-0.531679
-0.739208
-0.924835
-1.059378
-1.112588
-0.966295
-0.687115
-0.441776
-0.242222
-0.094884
0.000221
0.049579
0.065500
0.064734
0.066497
0.089957
0.151330
0.260846
0.420085
0.620371
0.842939
1.061337
1.245923
1.369687
1.413986
1.372673
1.253399
1.075698
0.866421
0.653851
0.462144
0.307470
0.196624
0.128019
0.094325
0.085706
0.092626
0.107568
0.125458
0.143004
0.157462
0.165362
0.161696
0.139833
0.092231
0.011814
-0.106256
-0.262747
-0.452828
-0.665125
-0.881589
-1.078264
-1.226956
-1.297688
-1.261737
-0.749446
-0.506942
-0.300960
-0.138824
-0.023091
0.048868
0.084674
0.096117
0.097829
0.105492
0.133715
0.193727
0.291164
0.424383
0.583824
0.752864
0.910337
1.034435
1.107159
1.118244
1.067421
0.964363
0.826285
0.673934
0.527111
0.400978
0.303977
0.237699
0.198344
0.179062
0.172318
0.171622
0.172264
0.171094
0.165664
0.153162
0.129587
0.089482
0.026370
-0.066155
-0.192843
-0.355048
-0.549132
-0.765335
-0.987388
-1.192979
-1.355112
-1.444310
-1.431452
-1.291043
-0.540838
-0.342166
-0.179478
-0.056029
0.028740
0.079289
0.103567
0.112142
0.116976
0.129908
0.161017
0.216977
0.299696
0.405511
0.525278
0.645574
0.750985
0.827096
0.863534
0.856239
0.808302
0.729096
0.631945
0.531011
0.438318
0.361690
0.304038
0.263973
0.237309
0.218838
0.203793
0.188621
0.170981
0.149136
0.121059
0.083649
0.032359
-0.038574
-0.135230
-0.262617
-0.422973
-0.614125
-0.828187
-1.050915
-1.261881
-1.435546
-1.543179
-1.555508
-1.445853
-1.193498
-0.353413
-0.203047
-0.085042
0.000728
0.057125
0.089579
0.105566
0.113763
0.123011
0.141173
0.174049
0.224441
0.291564
0.370923
0.454863
0.533759
0.597784
0.638862
0.652387
0.638177
0.600389
0.546374
0.484813
0.423695
0.368719
0.322521
0.284849
0.253446
0.225261
0.197521
0.168332
0.136698
0.102000
0.063218
0.018160
-0.036967
-0.107463
-0.199410
-0.318406
-0.467919
-0.647573
-0.851688
-1.068373
-1.279408
-1.461018
-1.585535
-1.623827
-1.548306
-1.336229
-0.973041
-0.196584
-0.095762
-0.020929
0.030610
0.063127
0.082148
0.093902
0.104595
0.119663
0.143091
0.176910
0.220924
0.272740
0.328103
0.381562
0.427395
0.460654
0.478129
0.478956
0.464684
0.438755
0.405523
0.369113
0.332476
0.296925
0.262235
0.227217
0.190510
0.151266
0.109478
0.065860
0.021282
-0.024007
-0.071171
-0.123281
-0.185325
-0.263629
-0.364671
-0.493475
-0.651825
-0.836624
-1.038735
-1.242550
-1.426466
-1.564270
-1.627349
-1.587547
-1.420401
-1.108489
-0.644535
-0.074831
-0.021404
0.014588
0.037490
0.052058
0.063057
0.074784
0.090570
0.112394
0.140709
0.174499
0.211552
0.248904
0.283359
0.312008
0.332678
0.344245
0.346712
0.341057
0.328840
0.311660
0.290657
0.266165
0.237712
0.204342
0.165156
0.119901
0.069373
0.015465
-0.039186
-0.091910
-0.140899
-0.186079
-0.229702
-0.276468
-0.333057
-0.407025
-0.505224
-0.631918
-0.786986
-0.964473
-1.151865
-1.330225
-1.475290
-1.559452
-1.554435
-1.434462
-1.179567
-0.778801
-0.232927
0.012780
0.024046
0.027823
0.029155
0.032369
0.040714
0.056041
0.078620
0.107175
0.139205
0.171508
0.200849
0.224576
0.241077
0.249968
0.251972
0.248550
0.241341
0.231592
0.219686
0.204918
0.185600
0.159503
0.124533
0.079484
0.024637
-0.037961
-0.104653
-0.170780
-0.231620
-0.283485
-0.324767
-0.356671
-0.383481
-0.412189
-0.451493
-0.510210
-0.595335
-0.710045
-0.852002
-1.012278
-1.175160
-1.318932
-1.417579
-1.443297
-1.369521
-1.174214
-0.843097
-0.372492
0.228573
0.072137
0.048826
0.028461
0.015857
0.014102
0.024336
0.045675
0.075395
0.109401
0.142975
0.171658
0.192099
0.202647
0.203538
0.196628
0.184712
0.170606
0.156231
0.141935
0.126273
0.106284
0.078278
0.038887
-0.013844
-0.079635
-0.155634
-0.236671
-0.316060
-0.386821
-0.443047
-0.481207
-0.501094
-0.506270
-0.503838
-0.503514
-0.516070
-0.551325
-0.615973
-0.711630
-0.833422
-0.969431
-1.101128
-1.204792
-1.253785
-1.221443
-1.084279
-0.825218
-0.436516
0.077946
0.701310
0.112811
0.063867
0.027880
0.008604
0.007252
0.022477
0.050610
0.086232
0.123047
0.154966
0.177189
0.187048
0.184384
0.171334
0.151550
0.129023
0.106809
0.086005
0.065285
0.041131
0.008763
-0.036482
-0.097657
-0.175019
-0.265437
-0.362588
-0.457877
-0.541917
-0.606232
-0.644891
-0.655777
-0.641258
-0.608139
-0.566844
-0.529890
-0.509824
-0.516905
-0.556899
-0.629343
-0.726622
-0.834029
-0.930867
-0.992459
-0.992846
-0.907882
-0.718415
-0.413234
0.008520
0.535756
1.144954
0.146300
0.080960
0.037356
0.017513
0.020331
0.041820
0.075707
0.114374
0.150078
0.176257
0.188648
0.185951
0.169837
0.144237
0.114057
0.083603
0.055163
0.028147
-0.000951
-0.037652
-0.087913
-0.156241
-0.244017
-0.348492
-0.462727
-0.576503
-0.677991
-0.755829
-0.801171
-0.809355
-0.780911
-0.721744
-0.642465
-0.556909
-0.480049
-0.425543
-0.403300
-0.417452
-0.465049
-0.535757
-0.612597
-0.673656
-0.694566
-0.651434
-0.523920
-0.298160
0.030764
0.457083
0.963552
1.521847
0.184164
0.111007
0.066503
0.050469
0.059252
0.086289
0.123074
0.160450
0.190093
0.205895
0.204966
0.187960
0.158576
0.122296
0.084627
0.049282
0.016843
-0.015703
-0.054315
-0.106254
-0.177852
-0.272310
-0.388098
-0.518446
-0.652046
-0.774817
-0.872319
-0.932282
-0.946795
-0.913753
-0.837371
-0.727708
-0.599285
-0.468966
-0.353411
-0.266444
-0.216738
-0.206171
-0.229153
-0.272989
-0.319273
-0.346093
-0.330763
-0.252765
-0.096573
0.145879
0.473375
0.874439
1.327366
1.801414
0.236368
0.162583
0.122080
0.112162
0.126586
0.156473
0.191645
0.222215
0.240232
0.241007
0.223823
0.191752
0.150552
0.106823
0.065861
0.029786
-0.003479
-0.039978
-0.088223
-0.156736
-0.251289
-0.372597
-0.515129
-0.667383
-0.813542
-0.936141
-1.019127
-1.050636
-1.025039
-0.943907
-0.815823
-0.655137
-0.479862
-0.309038
-0.159926
-0.045442
0.027793
0.060499
0.060724
0.042795
0.025412
0.029148
0.073692
0.175139
0.343617
0.581446
0.882053
1.229768
1.600591
1.963982
0.310033
0.240931
0.207199
0.203489
0.221109
0.249315
0.277002
0.294523
0.295356
0.277209
0.242248
0.196252
0.146812
0.100934
0.062646
0.031328
0.001319
-0.036926
-0.094324
-0.179925
-0.297819
-0.445062
-0.611227
-0.779722
-0.930530
-1.043722
-1.102939
-1.098144
-1.027209
-0.896156
-0.718124
-0.511333
-0.296369
-0.093231
0.081462
0.216706
0.308485
0.360106
0.381492
0.387583
0.396090
0.424957
0.489809
0.601681
0.765254
0.977736
1.228514
1.499651
1.767206
2.003356
0.408653
0.347384
0.320905
0.321247
0.337608
0.358052
0.371490
0.369643
0.348553
0.309258
0.257330
0.201234
0.149794
0.109332
0.081290
0.061066
0.038588
0.000632
-0.065609
-0.168659
-0.309644
-0.480854
-0.666362
-0.844590
-0.992121
-1.087865
-1.116659
-1.071640
-0.955087
-0.777750
-0.556932
-0.313757
-0.070069
0.154568
0.345370
0.493988
0.599182
0.666428
0.706631
0.734150
0.764479
0.811874
0.887229
0.996394
1.139104
1.308582
1.491863
1.670822
1.823797
1.927718
0.531718
0.479107
0.458019
0.458084
0.466972
0.472464
0.464665
0.437913
0.391941
0.331863
0.266847
0.207567
0.162988
0.137278
0.127774
0.124719
0.113116
0.076345
0.000694
-0.120451
-0.283918
-0.476335
-0.676130
-0.857388
-0.994575
-1.067030
-1.062293
-0.977748
-0.820490
-0.605672
-0.353794
-0.087495
0.171650
0.405865
0.603123
0.758085
0.872032
0.951862
1.008383
1.054223
1.101643
1.160552
1.236941
1.331866
1.441080
1.555287
1.660981
1.741770
1.780021
1.758701
0.674637
0.629104
0.609230
0.602728
0.596600
0.579530
0.544162
0.488745
0.417652
0.340469
0.269615
0.216922
0.189917
0.188861
0.205478
0.224015
0.224583
0.188063
0.101302
-0.038821
-0.223628
-0.433650
-0.642122
-0.820024
-0.941386
-0.987655
-0.950357
-0.831713
-0.643426
-0.404119
-0.136062
0.138218
0.398905
0.631099
0.826043
0.981322
1.100130
1.189833
1.260090
1.320856
1.380528
1.444484
1.514133
1.586573
1.654853
1.708728
1.735807
1.722907
1.657446
1.528765
0.828885
0.786428
0.761456
0.740559
0.711241
0.664499
0.596940
0.511859
0.418857
0.331803
0.265391
0.230965
0.232668
0.265058
0.313088
0.354779
0.366125
0.327029
0.226716
0.067086
-0.136901
-0.359891
-0.571067
-0.740051
-0.842296
-0.862888
-0.798147
-0.655090
-0.449175
-0.201068
0.066889
0.333880
0.583067
0.803093
0.988524
1.139387
1.259965
1.357133
1.438543
1.510897
1.578565
1.642675
1.700807
1.747236
1.773684
1.770395
1.727329
1.635309
1.486938
1.277287
0.982349
0.936703
0.898599
0.854645
0.794296
0.712383
0.610769
0.498559
0.390566
0.304056
0.254342
0.250199
0.290349
0.362185
0.443389
0.506374
0.524559
0.478886
0.362808
0.184383
-0.035066
-0.265293
-0.473201
-0.629089
-0.711613
-0.710563
-0.627226
-0.472684
-0.264760
-0.024433
0.227561
0.473447
0.700153
0.900027
1.070596
1.213599
1.333536
1.436017
1.526163
1.607288
1.680012
1.741922
1.787800
1.810343
1.801216
1.752210
1.656263
1.508177
1.304966
1.045901
1.119944
1.062981
1.002717
0.927233
0.829526
0.709686
0.575758
0.442805
0.330082
0.256640
0.236246
0.272874
0.358095
0.471360
0.583509
0.662856
0.682401
0.626277
0.493676
0.299231
0.069837
-0.161103
-0.360380
-0.500988
-0.566136
-0.550728
-0.460454
-0.309147
-0.115265
0.101627
0.323817
0.537444
0.733460
0.907628
1.059779
1.192564
1.309980
1.415894
1.512792
1.600893
1.677740
1.738353
1.775879
1.782591
1.751051
1.675108
1.550557
1.375316
1.149217
0.873594
1.224580
1.147061
1.055681
0.941633
0.802979
0.646139
0.485643
0.341888
0.237027
0.189700
0.209763
0.294425
0.427055
0.579373
0.716784
0.805732
0.793467
0.752380
0.604978
0.399688
0.167352
-0.057708
-0.244396
-0.370022
-0.423017
-0.403035
-0.318965
-0.185694
-0.020563
0.159759
0.341516
0.515077
0.675177
0.820386
0.952072
1.073101
1.186519
1.294366
1.396784
1.491552
1.574080
1.637925
1.675690
1.680121
1.645139
1.566497
1.441962
1.270971
1.054016
0.792053
1.278554
1.171236
1.041178
0.884279
0.704862
0.516133
0.338628
0.196634
0.113037
0.103613
0.172147
0.307781
0.485638
0.670944
0.811351
0.659093
0.736469
0.844340
0.686728
0.477805
0.250132
0.036587
-0.135710
-0.249310
-0.297719
-0.284277
-0.219437
-0.117380
0.007181
0.141445
0.275963
0.405127
0.526852
0.641748
0.752023
0.860316
0.968622
1.077437
1.185199
1.288150
1.380629
1.455785
1.506544
1.526586
1.511065
1.456804
1.361983
1.225435
1.045910
0.821667
1.265340
1.120346
0.936122
0.614776
0.480092
0.319609
0.137630
0.011164
-0.038660
-0.001230
0.119630
0.304675
0.521800
0.731862
0.668869
0.677821
0.910181
0.895679
0.734866
0.530496
0.314432
0.116063
-0.042622
-0.149497
-0.202230
-0.206298
-0.171979
-0.111231
-0.035138
0.047739
0.132053
0.215600
0.298689
0.383251
0.471856
0.566791
0.669259
0.778804
0.893025
1.007640
1.116934
1.214495
1.294061
1.328174
1.378492
1.375425
1.337557
1.260787
1.139863
0.968540
1.171609
0.965259
0.584739
0.384897
0.283801
0.062245
-0.110031
-0.207635
-0.213592
-0.124197
0.048519
0.277669
0.525857
0.752193
0.754673
0.922818
0.998607
0.907059
0.751253
0.559135
0.359729
0.177580
0.029260
-0.077677
-0.143626
-0.174505
-0.178902
-0.165541
-0.141497
-0.111314
-0.076874
-0.037805
0.007833
0.062769
0.129772
0.210978
0.307345
0.418274
0.541468
0.673089
0.808190
0.941302
1.066961
1.179948
1.275059
1.346467
1.386934
1.387275
1.336502
1.222881
0.989201
0.610860
0.350510
0.229582
-0.027986
-0.245051
-0.393392
-0.450739
-0.406177
-0.263771
-0.043317
0.222331
0.492978
0.728610
0.896920
0.978917
0.971320
0.885311
0.742327
0.568283
0.387876
0.220352
0.077441
-0.036564
-0.123150
-0.187186
-0.234558
-0.270379
-0.297957
-0.318484
-0.331253
-0.334127
-0.324110
-0.297895
-0.252361
-0.185027
-0.094447
0.019508
0.155540
0.311020
0.482246
0.664725
0.853258
1.041678
1.222229
1.384781
1.516272
1.600820
1.620834
1.559129
0.688391
0.373113
0.154775
-0.132630
-0.389794
-0.587235
-0.698880
-0.707605
-0.609652
-0.416731
-0.155033
0.138892
0.424617
0.665173
0.833458
0.916159
0.914401
0.841241
0.717033
0.564116
0.402265
0.245832
0.102887
-0.023991
-0.135934
-0.235759
-0.326289
-0.409275
-0.484955
-0.552091
-0.608245
-0.650139
-0.673985
-0.675784
-0.651626
-0.598017
-0.512227
-0.392599
-0.238754
-0.051685
0.166191
0.410868
0.676359
0.953994
1.231605
1.492905
1.717544
1.882203
1.962871
1.938031
0.360354
0.056950
-0.252331
-0.542010
-0.782837
-0.946600
-1.011460
-0.966737
-0.815997
-0.577558
-0.282024
0.032787
0.328420
0.572336
0.742849
0.831391
0.841766
0.786976
0.684760
0.553186
0.407359
0.257775
0.110276
-0.032883
-0.171505
-0.306003
-0.436397
-0.561807
-0.680347
-0.789245
-0.884992
-0.963464
-1.019994
-1.049488
-1.046622
-1.006169
-0.923409
-0.794578
-0.617280
-0.390886
-0.117005
0.199875
0.551551
0.925148
1.302389
1.659521
1.968300
2.198307
2.201023
2.137737
-0.066116
-0.388448
-0.701202
-0.976619
-1.185968
-1.304409
-1.315779
-1.216263
-1.016052
-0.738402
-0.416116
-0.086126
0.216618
0.464514
0.640728
0.740031
0.767199
0.733722
0.653968
0.541850
0.408681
0.262404
0.107938
-0.051862
-0.215130
-0.380152
-0.544880
-0.706765
-0.862726
-1.009128
-1.141696
-1.255372
-1.344215
-1.401432
-1.419611
-1.391163
-1.308905
-1.166735
-0.960341
-0.687981
-0.351403
0.043084
0.483477
0.951142
1.420519
1.859906
2.039515
1.910785
1.879954
1.924897
-0.542497
-0.868129
-1.167505
-1.412762
-1.577759
-1.642556
-1.597302
-1.444651
-1.200069
-0.889796
-0.546792
-0.205493
0.103404
0.357005
0.542268
0.655863
0.702201
0.690489
0.631716
0.536352
0.413060
0.268415
0.107276
-0.066589
-0.249926
-0.439627
-0.632551
-0.825405
-1.014577
-1.195861
-1.364106
-1.512898
-1.634399
-1.719457
-1.758000
-1.739690
-1.654759
-1.494975
-1.254686
-0.932007
-0.530128
-0.058682
0.465080
1.015688
1.559909
1.703679
1.598669
1.598013
1.672976
1.762255
-1.044083
-1.356183
-1.625926
-1.827350
-1.938468
-1.945040
-1.843386
-1.641581
-1.358680
-1.022020
-0.663098
-0.312933
0.002111
0.263133
0.459724
0.589278
0.655085
0.663948
0.624018
0.543279
0.428783
0.286508
0.121519
-0.061780
-0.259480
-0.468034
-0.684109
-0.904317
-1.124765
-1.340518
-1.545063
-1.729962
-1.884798
-1.997497
-2.055001
-2.044195
-1.953047
-1.771859
-1.494665
-1.120737
-0.656164
-0.115289
0.478375
1.092181
1.369713
1.266358
1.281748
1.381060
1.538198
1.381325
-1.544190
-1.826572
-2.052695
-2.200057
-2.251729
-2.199234
-2.044277
-1.798932
-1.484133
-1.126733
-0.755712
-0.398333
-0.077027
0.192426
0.401265
0.546886
0.631254
0.659123
0.636558
0.569914
0.465285
0.328263
0.163829
-0.023699
-0.230671
-0.453972
-0.690683
-0.937507
-1.190045
-1.442061
-1.684931
-1.907443
-2.096018
-2.235364
-2.309477
-2.302880
-2.202036
-1.996873
-1.682437
-1.260603
-0.741706
-0.145780
0.497067
1.069932
0.936935
0.944364
1.051346
1.226180
1.334396
1.225496
