pygeostat_saved_data
1
0
-2.355089
-2.238191
-2.100183
-1.938737
-1.751236
-1.534741
-1.285957
-1.001183
-0.676244
-0.306405
-0.141053
-0.209637
-0.255029
-0.276238
-0.272968
-0.245619
-0.195279
-0.123700
-0.033241
0.073195
0.192245
0.320180
0.453019
0.586647
0.629195
0.429089
0.269401
0.146711
0.058259
0.001886
-0.024009
-0.020502
0.011837
0.072941
0.163254
0.283752
0.435980
0.622108
0.713675
0.570427
0.418337
0.260634
0.100525
-0.058895
-0.214729
-0.364341
-0.505412
-0.635982
-0.754475
-0.859709
-2.279740
-2.153829
-2.005727
-1.833028
-1.633030
-1.402709
-1.138684
-0.837163
-0.493871
-0.103955
-0.100452
-0.152263
-0.180753
-0.185192
-0.165546
-0.122486
-0.057361
0.027823
0.130474
0.247474
0.375280
0.510021
0.647612
0.745209
0.521135
0.339096
0.195331
0.086775
0.010984
-0.033918
-0.049274
-0.035926
0.005780
0.075988
0.175346
0.305035
0.466808
0.663057
0.788435
0.637001
0.477951
0.314599
0.150196
-0.012159
-0.169597
-0.319545
-0.459770
-0.588424
-0.704056
-0.805619
-2.189943
-2.054206
-1.895134
-1.710238
-1.496733
-1.251509
-0.971095
-0.651598
-0.288629
-0.010922
-0.067370
-0.101752
-0.112925
-0.100429
-0.064504
-0.006088
0.073209
0.171144
0.284905
0.411191
0.546307
0.686273
0.826944
0.651608
0.446036
0.280254
0.150869
0.055147
-0.009061
-0.043361
-0.048848
-0.026130
0.024667
0.103903
0.212438
0.351667
0.523569
0.730775
0.839004
0.680693
0.516128
0.348673
0.181589
0.017949
-0.139442
-0.288099
-0.425906
-0.551144
-0.662506
-0.759095
-2.084559
-1.938146
-1.767190
-1.569119
-1.341066
-1.079832
-0.781848
-0.443109
-0.059092
-0.002335
-0.040904
-0.057490
-0.051228
-0.021937
0.029868
0.102984
0.195554
0.305112
0.428652
0.562719
0.703504
0.846959
0.821158
0.590675
0.401742
0.250619
0.134261
0.050241
-0.003310
-0.027733
-0.023883
0.007868
0.067616
0.155942
0.273930
0.423204
0.605985
0.825171
0.865485
0.701774
0.533283
0.363393
0.195337
0.032127
-0.123523
-0.269246
-0.403061
-0.523405
-0.629126
-0.719487
-1.962212
-1.804226
-1.620425
-1.408158
-1.164469
-0.886069
-0.569279
-0.209967
0.041115
0.000313
-0.020067
-0.018790
0.004721
0.050362
0.117347
0.204218
0.308887
0.428686
0.560450
0.700600
0.845252
0.990337
0.774022
0.560598
0.386634
0.248748
0.144217
0.070907
0.027224
0.012082
0.024870
0.065448
0.134147
0.231773
0.359648
0.519643
0.714246
0.946649
0.868473
0.700976
0.530261
0.359684
0.192422
0.031390
-0.120816
-0.261976
-0.390266
-0.504289
-0.603063
-0.686022
-1.821252
-1.650737
-1.453073
-1.225526
-0.965052
-0.668257
-0.331342
0.049972
0.020695
-0.001624
-0.003801
0.015101
0.055368
0.116615
0.197789
0.297195
0.412535
0.540969
0.679204
0.823577
0.970175
0.997697
0.758190
0.560062
0.399556
0.273625
0.179851
0.116387
0.081907
0.075577
0.097033
0.146374
0.224167
0.331467
0.469841
0.641432
0.849022
1.013555
0.849025
0.679461
0.508297
0.338831
0.174147
0.017037
-0.130056
-0.265073
-0.386370
-0.492728
-0.583346
-0.657829
-1.659718
-1.475647
-1.263026
-1.019035
-0.740534
-0.424013
-0.065535
0.019375
-0.002870
-0.006749
0.008987
0.044976
0.101209
0.177029
0.271132
0.381602
0.505959
0.641227
0.784020
0.930637
1.077180
0.996517
0.772632
0.588179
0.439747
0.324610
0.240644
0.186282
0.160461
0.162605
0.192598
0.250787
0.337990
0.455516
0.605208
0.789499
1.011497
0.975151
0.808635
0.638787
0.468987
0.302438
0.142099
-0.009393
-0.149765
-0.277145
-0.390079
-0.487539
-0.568909
-0.633966
-1.475281
-1.276541
-1.047773
-0.786068
-0.488177
-0.150460
-0.004116
-0.024201
-0.027883
-0.013659
0.019407
0.071652
0.142781
0.231872
0.337394
0.457235
0.588768
0.728913
0.874233
1.021035
1.165481
1.026733
0.816716
0.644435
0.506808
0.401414
0.326419
0.280533
0.262958
0.273378
0.311931
0.379226
0.476342
0.604863
0.766928
0.965294
1.077632
0.915909
0.749184
0.580864
0.414236
0.252380
0.098096
-0.046158
-0.178301
-0.296662
-0.399990
-0.487453
-0.558622
-0.613446
-1.265195
-1.050559
-0.804330
-0.523500
-0.204697
-0.049797
-0.065648
-0.067171
-0.052672
-0.020969
0.028560
0.095954
0.180645
0.281467
0.396682
0.524017
0.660726
0.803673
0.949413
1.094306
1.234623
1.087964
0.890170
0.728660
0.600671
0.504080
0.437340
0.399432
0.389833
0.408487
0.455804
0.532659
0.640411
0.780946
0.956725
1.155385
0.999987
0.838021
0.672880
0.507888
0.346203
0.190747
0.044135
-0.091371
-0.213903
-0.322004
-0.414631
-0.491152
-0.551324
-0.595264
-1.026213
-0.794314
-0.529155
-0.227610
-0.117214
-0.126859
-0.124276
-0.107654
-0.075631
-0.027349
0.037509
0.118693
0.215377
0.326179
0.449180
0.581979
0.721758
0.865359
1.009382
1.150282
1.284483
1.180178
0.993055
0.841018
0.721607
0.632995
0.573920
0.543641
0.541909
0.568944
0.625432
0.712534
0.831912
0.985776
1.176943
1.060219
0.904425
0.743981
0.582204
0.422289
0.267240
0.119791
-0.017650
-0.143040
-0.254733
-0.351495
-0.432495
-0.497300
-0.545848
-0.578417
-0.754499
-0.503799
-0.218038
-0.205431
-0.207073
-0.198541
-0.177973
-0.143891
-0.095267
-0.031558
0.047251
0.140641
0.247551
0.366405
0.495142
0.631272
0.771943
0.914024
1.054201
1.189074
1.315269
1.303679
1.125772
0.982009
0.870233
0.788910
0.737061
0.714231
0.720453
0.756231
0.822543
0.920857
1.053163
1.222024
1.096648
0.948160
0.793699
0.636525
0.479833
0.326665
0.179835
0.041867
-0.085054
-0.199122
-0.298923
-0.383446
-0.452074
-0.504570
-0.541046
-0.561931
-0.445519
-0.314821
-0.313050
-0.305140
-0.288988
-0.262746
-0.224889
-0.174281
-0.110218
-0.032469
0.058698
0.162515
0.277714
0.402558
0.534881
0.672143
0.811504
0.949906
1.084167
1.211076
1.327500
1.430484
1.289079
1.152510
1.047561
0.972989
0.928107
0.912750
0.927241
0.972382
1.049466
1.160288
1.240157
1.110021
0.969664
0.822188
0.670767
0.518550
0.368581
0.223714
0.086550
-0.040616
-0.155843
-0.257566
-0.344608
-0.416185
-0.471890
-0.511673
-0.535811
-0.544872
-0.452440
-0.438248
-0.419535
-0.394327
-0.360852
-0.317601
-0.263392
-0.197421
-0.119303
-0.029106
0.072643
0.184950
0.306374
0.435051
0.568750
0.704927
0.840797
0.973419
1.099788
1.216924
1.321977
1.412313
1.484139
1.353823
1.255052
1.186883
1.148921
1.141303
1.164654
1.220093
1.309245
1.222511
1.101774
0.970036
0.830242
0.685443
0.538712
0.393054
0.251329
0.116177
-0.010033
-0.125256
-0.227800
-0.316351
-0.389968
-0.448092
-0.490519
-0.517377
-0.529094
-0.526366
-0.578841
-0.548408
-0.512995
-0.470953
-0.420847
-0.361510
-0.292099
-0.212137
-0.121544
-0.020663
0.089740
0.208480
0.333973
0.464274
0.597126
0.730022
0.860281
0.985121
1.101757
1.207481
1.299754
1.376295
1.435154
1.474779
1.494078
1.432819
1.401992
1.402670
1.363771
1.282752
1.185409
1.073981
0.951011
0.819267
0.681660
0.541150
0.400677
0.263066
0.130966
0.006783
-0.107366
-0.209693
-0.298768
-0.373522
-0.433256
-0.477623
-0.506614
-0.520523
-0.519919
-0.505605
-0.689646
-0.643193
-0.591522
-0.533316
-0.467477
-0.393182
-0.309916
-0.217518
-0.116193
-0.006536
0.110481
0.233512
0.360873
0.490575
0.620380
0.747867
0.870496
0.985690
1.090921
1.183787
1.262092
1.323927
1.367734
1.392360
1.397106
1.381749
1.346557
1.292285
1.220153
1.131807
1.029273
0.914891
0.791245
0.661084
0.527241
0.392557
0.259798
0.131586
0.010335
-0.101801
-0.202971
-0.291652
-0.366675
-0.427220
-0.472816
-0.503325
-0.518918
-0.520041
-0.507389
-0.481857
-0.782954
-0.720889
-0.653593
-0.580084
-0.499605
-0.411664
-0.316065
-0.212941
-0.102762
0.013657
0.135169
0.260309
0.387327
0.514238
0.638867
0.758917
0.872035
0.975890
1.068243
1.147026
1.210412
1.256881
1.285273
1.294836
1.285256
1.256673
1.209685
1.145334
1.065075
0.970733
0.864457
0.748646
0.625881
0.498855
0.370289
0.242866
0.119152
0.001539
-0.107810
-0.207011
-0.294482
-0.368973
-0.429570
-0.475698
-0.507107
-0.523855
-0.526276
-0.514956
-0.490695
-0.454468
-0.857291
-0.780200
-0.698095
-0.610327
-0.516474
-0.416362
-0.310098
-0.198087
-0.081032
0.040063
0.163911
0.288968
0.413466
0.535462
0.652888
0.763615
0.865517
0.956539
1.034764
1.098485
1.146257
1.176958
1.189830
1.184514
1.161070
1.119979
1.062143
0.988855
0.901769
0.802856
0.694339
0.578637
0.458291
0.335898
0.214032
0.095187
-0.018294
-0.124270
-0.220847
-0.306415
-0.379670
-0.439629
-0.485634
-0.517343
-0.534713
-0.537984
-0.527642
-0.504391
-0.469122
-0.422869
-0.911635
-0.820275
-0.724348
-0.623534
-0.517728
-0.407063
-0.291924
-0.172959
-0.051076
0.072570
0.196594
0.319412
0.439281
0.554344
0.662682
0.762374
0.851555
0.928477
0.991573
1.039509
1.071236
1.086034
1.083541
1.063779
1.027159
0.974481
0.906914
0.825973
0.733472
0.631476
0.522250
0.408191
0.291762
0.175423
0.061576
-0.047503
-0.149717
-0.243190
-0.326307
-0.397739
-0.456459
-0.501748
-0.533194
-0.550676
-0.554347
-0.544609
-0.522082
-0.487573
-0.442044
-0.386569
-0.945428
-0.840723
-0.732122
-0.619620
-0.503420
-0.383934
-0.261802
-0.137885
-0.013256
0.110815
0.232886
0.351378
0.464616
0.570869
0.668408
0.755555
0.830737
0.892542
0.939767
0.971467
0.986993
0.986020
0.968573
0.935034
0.886145
0.822988
0.746968
0.659779
0.563352
0.459814
0.351426
0.240520
0.129444
0.020497
-0.084128
-0.182393
-0.272462
-0.352740
-0.421894
-0.478880
-0.522942
-0.553618
-0.570731
-0.574365
-0.564855
-0.542746
-0.508776
-0.463832
-0.408927
-0.345163
-0.958590
-0.841618
-0.721633
-0.598938
-0.474013
-0.347533
-0.220355
-0.093520
0.031770
0.154172
0.272231
0.384416
0.489157
0.584897
0.670129
0.743450
0.803607
0.849543
0.880433
0.895726
0.895168
0.878823
0.847084
0.800669
0.740617
0.668263
0.585207
0.493279
0.394489
0.290979
0.184967
0.078685
-0.025668
-0.125988
-0.220310
-0.306855
-0.384063
-0.450626
-0.505497
-0.547911
-0.577381
-0.593690
-0.596878
-0.587224
-0.565220
-0.531541
-0.487016
-0.432598
-0.369331
-0.298327
-0.951509
-0.823491
-0.693547
-0.562260
-0.430373
-0.298787
-0.168547
-0.040835
0.083062
0.201768
0.313858
0.417889
0.512444
0.596166
0.667810
0.726277
0.770652
0.800246
0.814624
0.813622
0.797376
0.766321
0.721193
0.663020
0.593104
0.512991
0.424437
0.329367
0.229826
0.127930
0.025814
-0.074423
-0.170764
-0.261324
-0.344391
-0.418457
-0.482249
-0.534746
-0.575191
-0.603091
-0.618215
-0.620579
-0.610426
-0.588208
-0.554558
-0.510257
-0.456207
-0.393405
-0.322910
-0.245819
-0.925039
-0.787323
-0.648955
-0.510773
-0.373754
-0.238989
-0.107677
0.018902
0.139414
0.252495
0.356792
0.450993
0.533867
0.604298
0.661328
0.704181
0.732300
0.745373
0.743348
0.726450
0.695185
0.650336
0.592957
0.524352
0.446045
0.359754
0.267347
0.170804
0.072160
-0.026536
-0.123265
-0.216097
-0.303224
-0.383004
-0.453992
-0.514965
-0.564941
-0.603191
-0.629237
-0.642854
-0.644052
-0.633062
-0.610316
-0.576417
-0.532117
-0.478281
-0.415867
-0.345891
-0.269408
-0.187484
-0.880469
-0.734522
-0.589357
-0.446048
-0.305765
-0.169762
-0.039345
0.084148
0.199378
0.305036
0.399882
0.482773
0.552700
0.608817
0.650476
0.677242
0.688927
0.685594
0.667574
0.635461
0.590113
0.532637
0.464367
0.386845
0.301782
0.211020
0.116500
0.020206
-0.075872
-0.169789
-0.259681
-0.343817
-0.420620
-0.488713
-0.546931
-0.594341
-0.630259
-0.654241
-0.666082
-0.665811
-0.653666
-0.630078
-0.595641
-0.551093
-0.497278
-0.435128
-0.365629
-0.289801
-0.208670
-0.123258
-0.819502
-0.666887
-0.516629
-0.370005
-0.228345
-0.093022
0.034587
0.153128
0.261303
0.357900
0.441829
0.512155
0.568118
0.609169
0.634987
0.645493
0.640867
0.621547
0.588230
0.541864
0.483631
0.414928
0.337338
0.252596
0.162554
0.069143
-0.025677
-0.119953
-0.211785
-0.299367
-0.381024
-0.455245
-0.520714
-0.576328
-0.621215
-0.654741
-0.676508
-0.686357
-0.684348
-0.670747
-0.646002
-0.610722
-0.565646
-0.511618
-0.449559
-0.380437
-0.305248
-0.224990
-0.140646
-0.053167
-0.744214
-0.586573
-0.432979
-0.284872
-0.143710
-0.010942
0.112028
0.223874
0.323377
0.409463
0.481231
0.537980
0.579234
0.604755
0.614564
0.608944
0.588438
0.553849
0.506225
0.446840
0.377172
0.298870
0.213723
0.123622
0.030514
-0.063634
-0.156877
-0.247339
-0.333246
-0.412970
-0.485049
-0.548223
-0.601447
-0.643912
-0.675041
-0.694498
-0.702175
-0.698184
-0.682836
-0.656617
-0.620168
-0.574252
-0.519729
-0.457528
-0.388619
-0.313983
-0.234603
-0.151434
-0.065393
0.022653
-0.657010
-0.496043
-0.340896
-0.193136
-0.054305
0.074111
0.190726
0.294279
0.383677
0.458018
0.516624
0.559058
0.585142
0.594973
0.588916
0.567613
0.531968
0.483129
0.422472
0.351566
0.272151
0.186089
0.095331
0.001877
-0.092275
-0.185162
-0.274905
-0.359740
-0.438061
-0.508445
-0.569673
-0.620753
-0.660933
-0.689699
-0.706780
-0.712132
-0.705930
-0.688545
-0.660523
-0.622552
-0.575443
-0.520092
-0.457453
-0.388514
-0.314267
-0.235687
-0.153714
-0.069240
0.016905
0.103957
-0.560566
-0.398010
-0.243094
-0.097477
0.037258
0.159633
0.268316
0.362160
0.440229
0.501833
0.546541
0.574205
0.584966
0.579256
0.557793
0.521570
0.471831
0.410054
0.337910
0.257236
0.169986
0.078197
-0.016063
-0.110731
-0.203805
-0.293374
-0.377661
-0.455060
-0.524162
-0.583779
-0.632960
-0.671000
-0.697449
-0.712099
-0.714980
-0.706338
-0.686620
-0.656443
-0.616566
-0.567864
-0.511289
-0.447844
-0.378553
-0.304436
-0.226480
-0.145625
-0.062749
0.021345
0.105934
0.190376
-0.457777
-0.295374
-0.142449
-0.000707
0.128267
0.243045
0.342395
0.425317
0.491072
0.539207
0.569567
0.582312
0.577908
0.557129
0.521039
0.470967
0.408484
0.335365
0.253547
0.165089
0.072127
-0.023178
-0.118687
-0.212322
-0.302120
-0.386268
-0.463133
-0.531301
-0.589595
-0.637087
-0.673117
-0.697281
-0.709439
-0.709691
-0.698368
-0.675998
-0.643284
-0.601074
-0.550323
-0.492061
-0.427359
-0.357303
-0.282956
-0.205339
-0.125411
-0.044049
0.037958
0.119917
0.201234
0.281406
-0.351679
-0.191154
-0.041924
0.094303
0.215982
0.321775
0.410588
0.481608
0.534321
0.568539
0.584404
0.582392
0.563303
0.528249
0.478628
0.416089
0.342502
0.259909
0.170473
0.076440
-0.019924
-0.116379
-0.210760
-0.301024
-0.385294
-0.461894
-0.529378
-0.586558
-0.632515
-0.666612
-0.688490
-0.698065
-0.695509
-0.681233
-0.655859
-0.620186
-0.575163
-0.521843
-0.461354
-0.394860
-0.323522
-0.248475
-0.170794
-0.091474
-0.011413
0.068600
0.147891
0.225903
0.302187
0.376399
-0.245388
-0.088417
0.055503
0.184698
0.297706
0.393320
0.470620
0.529012
0.568237
0.588391
0.589926
0.573642
0.540672
0.492458
0.430714
0.357388
0.274617
0.184671
0.089906
-0.007299
-0.104589
-0.199694
-0.290473
-0.374965
-0.451423
-0.518349
-0.574522
-0.619013
-0.651191
-0.670725
-0.677577
-0.671988
-0.654448
-0.625674
-0.586570
-0.538195
-0.481719
-0.418384
-0.349462
-0.276220
-0.199883
-0.121603
-0.042435
0.036683
0.114943
0.191674
0.266342
0.338546
0.408008
0.474558
-0.142017
0.009805
0.146914
0.267713
0.370865
0.455326
0.520390
0.565705
0.591290
0.597545
0.585236
0.555492
0.509770
0.449827
0.377672
0.295522
0.205747
0.110808
0.013203
-0.084595
-0.180196
-0.271346
-0.355980
-0.432261
-0.498617
-0.553773
-0.596763
-0.626946
-0.644006
-0.647938
-0.639036
-0.617868
-0.585244
-0.542179
-0.489851
-0.429556
-0.362667
-0.290588
-0.214707
-0.136364
-0.056813
0.022808
0.101499
0.178408
0.252850
0.324300
0.392389
0.456896
0.517733
0.574920
-0.044607
0.100583
0.229530
0.340755
0.433079
0.505664
0.558038
0.590121
0.602227
0.595065
0.569726
0.527656
0.470628
0.400691
0.320123
0.231379
0.137019
0.039654
-0.058120
-0.153789
-0.244975
-0.329494
-0.405397
-0.471023
-0.525017
-0.566360
-0.594381
-0.608752
-0.609489
-0.596930
-0.571712
-0.534732
-0.487116
-0.430164
-0.365312
-0.294077
-0.218007
-0.138638
-0.057445
0.024191
0.105026
0.183968
0.260105
0.332710
0.401247
0.465366
0.524890
0.579802
0.630219
0.676368
0.043954
0.181172
0.300785
0.401468
0.482238
0.542488
0.582011
0.601014
0.600117
0.580349
0.543114
0.490172
0.423589
0.345682
0.258970
0.166101
0.069789
-0.027253
-0.122382
-0.213091
-0.297062
-0.372230
-0.436816
-0.489372
-0.528804
-0.554385
-0.565766
-0.562959
-0.546333
-0.516579
-0.474677
-0.421857
-0.359547
-0.289327
-0.212867
-0.131878
-0.048059
0.036954
0.121635
0.204600
0.284647
0.360771
0.432182
0.498309
0.558802
0.613510
0.662477
0.705907
0.744141
0.777623
0.121001
0.249081
0.358395
0.447806
0.516558
0.564303
0.591116
0.597505
0.584407
0.553160
0.505484
0.443428
0.369330
0.285747
0.195397
0.101086
0.005635
-0.088190
-0.177748
-0.260588
-0.334509
-0.397607
-0.448321
-0.485463
-0.508231
-0.516230
-0.509454
-0.488281
-0.453446
-0.405998
-0.347268
-0.278807
-0.202339
-0.119700
-0.032773
0.056562
0.146491
0.235312
0.321484
0.403661
0.480719
0.551778
0.616208
0.673632
0.723908
0.767122
0.803554
0.833653
0.857998
0.877264
0.184159
0.302140
0.400422
0.478093
0.534646
0.570013
0.584569
0.579131
0.554949
0.513669
0.457305
0.388181
0.308874
0.222147
0.130880
0.037989
-0.053644
-0.141251
-0.222242
-0.294276
-0.355314
-0.403666
-0.438033
-0.457522
-0.461667
-0.450427
-0.424171
-0.383657
-0.329993
-0.264597
-0.189141
-0.105493
-0.015654
0.078308
0.174320
0.270368
0.364559
0.455161
0.540661
0.619787
0.691540
0.755201
0.810338
0.856796
0.894683
0.924338
0.946305
0.961293
0.970131
0.973729
0.231408
0.338557
0.425332
0.473139
0.503894
0.558963
0.562028
0.545864
0.512026
0.462458
0.399446
0.325561
0.243587
0.156457
0.067166
-0.021303
-0.106059
-0.184382
-0.253786
-0.312089
-0.357464
-0.388483
-0.404146
-0.403900
-0.387644
-0.355720
-0.308890
-0.248306
-0.175459
-0.092131
-0.000329
0.097777
0.199931
0.303856
0.407325
0.508225
0.604619
0.694793
0.777301
0.850991
0.915025
0.968890
1.012388
1.045621
1.068971
1.083058
1.088709
1.086904
1.078733
1.065348
0.261132
0.356966
0.419316
0.434795
0.480004
0.530961
0.523614
0.498129
0.456359
0.400524
0.333162
0.257055
0.175163
0.090539
0.006252
-0.074699
-0.149465
-0.215422
-0.270241
-0.311952
-0.338986
-0.350219
-0.344995
-0.323132
-0.284925
-0.231122
-0.162897
-0.081799
0.010292
0.111238
0.218704
0.330246
0.443374
0.555632
0.664678
0.768340
0.864682
0.952050
1.029108
1.094871
1.148708
1.190344
1.219857
1.237637
1.244365
1.240966
1.228562
1.208418
1.181889
1.150365
0.272159
0.356466
0.398686
0.428847
0.484212
0.486296
0.469913
0.436803
0.389096
0.329271
0.260080
0.184488
0.105583
0.026501
-0.049667
-0.119957
-0.181610
-0.232156
-0.269472
-0.291843
-0.298010
-0.287193
-0.259117
-0.214005
-0.152570
-0.075989
0.014148
0.115881
0.226951
0.344872
0.467004
0.590649
0.713113
0.831805
0.944303
1.048421
1.142270
1.224301
1.293343
1.348616
1.389739
1.416721
1.429941
1.430109
1.418233
1.395558
1.363511
1.323652
1.277597
1.226975
0.263794
0.336639
0.388818
0.420529
0.432450
0.425729
0.401971
0.363195
0.311795
0.250470
0.182162
0.109974
0.037081
-0.033347
-0.098247
-0.154738
-0.200208
-0.232387
-0.249408
-0.249864
-0.232844
-0.197954
-0.145332
-0.075633
0.009987
0.109915
0.222130
0.344270
0.473703
0.607611
0.743075
0.877171
1.007043
1.130000
1.243589
1.252853
1.282203
1.342360
1.432365
1.551684
1.634920
1.644862
1.639561
1.620078
1.587759
1.544183
1.491098
1.430350
1.363819
1.293360
0.235830
0.297563
0.339150
0.361097
0.364390
0.350483
0.321264
0.279021
0.226375
0.166223
0.101653
0.035863
-0.027926
-0.086565
-0.137066
-0.176683
-0.203004
-0.214007
-0.208131
-0.184322
-0.142054
-0.081359
-0.002815
0.092465
0.202870
0.326337
0.460421
0.602360
0.749166
0.897714
1.044836
0.999906
0.916912
0.868960
0.853724
0.869296
0.914173
0.987238
1.087765
1.215421
1.370295
1.552917
1.764308
1.804398
1.749985
1.684099
1.608805
1.526235
1.438523
1.347734
0.188553
0.239807
0.271748
0.285190
0.281426
0.262196
0.229662
0.186347
0.135076
0.078902
0.021018
-0.035323
-0.086908
-0.130654
-0.163700
-0.183491
-0.187858
-0.175083
-0.143955
-0.093808
-0.024549
0.063342
0.168815
0.290287
0.425678
0.572477
0.727815
0.888547
0.978002
0.808438
0.679060
0.586552
0.528090
0.501288
0.504161
0.535103
0.592873
0.676586
0.785717
0.920123
1.080051
1.266183
1.479677
1.722227
1.901879
1.812521
1.714111
1.609059
1.499731
1.388391
0.122721
0.164407
0.187916
0.194371
0.185355
0.162887
0.129371
0.087540
0.040385
-0.008925
-0.057130
-0.100974
-0.137298
-0.163139
-0.175812
-0.173005
-0.152838
-0.113946
-0.055509
0.022709
0.120340
0.236426
0.369430
0.517281
0.677430
0.846919
0.933189
0.712651
0.535425
0.397623
0.295906
0.227415
0.189716
0.180760
0.198858
0.242663
0.311163
0.403675
0.519863
0.659746
0.823727
1.012628
1.227741
1.470888
1.744503
1.926692
1.804555
1.676655
1.545578
1.413751
0.039547
0.072831
0.089370
0.090583
0.078333
0.054887
0.022869
-0.014814
-0.055040
-0.094565
-0.130113
-0.158471
-0.176587
-0.181661
-0.171241
-0.143301
-0.096306
-0.029278
0.058169
0.165806
0.292780
0.437629
0.598316
0.772280
0.956505
0.709680
0.482036
0.297109
0.150988
0.040311
-0.037814
-0.085859
-0.105930
-0.099784
-0.068854
-0.014261
0.063188
0.162995
0.284990
0.429348
0.596616
0.787753
1.004184
1.247862
1.521357
1.827966
1.877798
1.727009
1.574352
1.422403
-0.059351
-0.033064
-0.021815
-0.023902
-0.037205
-0.059231
-0.087172
-0.117980
-0.148447
-0.175298
-0.195285
-0.205288
-0.202410
-0.184068
-0.148091
-0.092784
-0.017001
0.079806
0.197558
0.335531
0.492361
0.666072
0.854120
0.798969
0.517199
0.282276
0.089605
-0.064747
-0.184174
-0.271596
-0.329527
-0.360116
-0.365179
-0.346221
-0.304450
-0.240783
-0.155847
-0.049969
0.076837
0.224892
0.394883
0.587903
0.805511
1.049800
1.323482
1.630010
1.931688
1.758301
1.584563
1.413155
-0.171995
-0.151095
-0.143272
-0.146561
-0.158611
-0.176732
-0.197969
-0.219171
-0.237088
-0.248457
-0.250112
-0.239070
-0.212640
-0.168507
-0.104822
-0.020270
0.085869
0.213676
0.362576
0.531328
0.718042
0.920220
0.641372
0.352443
0.110070
-0.090381
-0.252892
-0.380886
-0.477317
-0.544737
-0.585335
-0.600976
-0.593230
-0.563376
-0.512422
-0.441102
-0.349873
-0.238907
-0.108072
0.043096
0.215419
0.410127
0.628917
0.874025
1.148324
1.455442
1.799906
1.768976
1.574975
1.385072
-0.296118
-0.278822
-0.272415
-0.274695
-0.283109
-0.294806
-0.306715
-0.315632
-0.318304
-0.311532
-0.292273
-0.257736
-0.205482
-0.133507
-0.040332
0.074937
0.212560
0.372121
0.552524
0.751995
0.857408
0.509033
0.212625
-0.037365
-0.245648
-0.416258
-0.552660
-0.657848
-0.734410
-0.784575
-0.810256
-0.813071
-0.794365
-0.755220
-0.696463
-0.618657
-0.522106
-0.406832
-0.272562
-0.118697
0.055723
0.252066
0.472174
0.718439
0.993905
1.302397
1.648671
1.757776
1.544649
1.337506
-0.429229
-0.413617
-0.406515
-0.405512
-0.407880
-0.410648
-0.410672
-0.404732
-0.389621
-0.362249
-0.319746
-0.259559
-0.179546
-0.078062
0.045965
0.192974
0.362729
0.554296
0.766039
0.756017
0.399676
0.095443
-0.162361
-0.378546
-0.557215
-0.701893
-0.815620
-0.901022
-0.960370
-0.995619
-1.008434
-1.000215
-0.972109
-0.925018
-0.859599
-0.776262
-0.675161
-0.556181
-0.418909
-0.262612
-0.086190
0.111867
0.333555
0.581435
0.858743
1.169520
1.518786
1.723801
1.492988
1.270126
-0.568690
-0.552754
-0.542792
-0.536214
-0.530157
-0.521562
-0.507258
-0.484052
-0.448831
-0.398660
-0.330890
-0.243245
-0.133930
-0.001694
0.154087
0.333367
0.535392
0.758689
0.676399
0.311485
-0.000976
-0.266835
-0.491028
-0.677753
-0.830609
-0.952690
-1.046671
-1.114866
-1.159271
-1.181596
-1.183291
-1.165559
-1.129366
-1.075447
-1.004306
-0.916206
-0.811162
-0.688919
-0.548931
-0.390328
-0.211870
-0.011893
0.211762
0.461841
0.741791
1.055902
1.409488
1.666525
1.419746
1.182934
-0.711797
-0.693484
-0.678492
-0.664084
-0.647300
-0.625035
-0.594132
-0.551474
-0.494081
-0.419222
-0.324511
-0.208000
-0.068271
0.095488
0.283431
0.494996
0.728894
0.617295
0.243088
-0.078094
-0.352320
-0.584687
-0.779515
-0.940491
-1.070785
-1.173127
-1.249879
-1.303082
-1.334490
-1.345598
-1.337659
-1.311699
-1.268520
-1.208701
-1.132600
-1.040342
-0.931805
-0.806601
-0.664050
-0.503139
-0.322483
-0.120257
0.105876
0.358868
0.642397
0.961038
1.320439
1.585826
1.325052
1.076270
-0.855861
-0.833121
-0.810971
-0.786565
-0.756884
-0.718821
-0.669274
-0.605243
-0.523932
-0.422856
-0.299933
-0.153580
0.017201
0.212763
0.432753
0.676079
0.577917
0.193542
-0.136979
-0.419984
-0.660771
-0.863812
-1.032915
-1.171331
-1.281864
-1.366933
-1.428628
-1.468749
-1.488834
-1.490184
-1.473878
-1.440775
-1.391523
-1.326560
-1.246104
-1.150145
-1.038429
-0.910435
-0.765344
-0.602000
-0.418862
-0.213933
0.015320
0.272073
0.560272
0.884806
1.251710
1.481997
1.209412
0.950810
