pygeostat_saved_data
1
0
-1.896983
-1.703388
-1.498582
-1.282637
-1.057048
-0.824784
-0.590160
-0.358548
-0.135959
0.071447
0.257851
0.362444
0.548544
0.646158
0.709619
0.738662
0.733968
0.696873
0.629084
0.532449
0.408886
0.260566
0.090403
-0.097166
-0.295248
-0.493633
-0.678378
-0.832103
-0.935272
-0.968384
-0.914896
-0.764379
-0.515348
-0.177173
0.229374
0.673219
1.115691
1.514582
1.623850
1.489746
1.445739
1.481751
1.601251
1.341297
0.855774
0.303694
-0.276045
-0.846255
-1.375080
-1.838501
-1.927884
-1.725571
-1.508646
-1.278329
-1.037505
-0.790649
-0.543554
-0.302899
-0.075721
0.131161
0.227747
0.380422
0.575593
0.653833
0.695493
0.701799
0.675045
0.618175
0.534323
0.426418
0.297000
0.148370
-0.016813
-0.194546
-0.378278
-0.557863
-0.719095
-0.844217
-0.913593
-0.908417
-0.814057
-0.623399
-0.339503
0.023056
0.438505
0.871939
1.282939
1.630201
1.876550
1.843735
1.863198
1.788720
1.476685
1.052894
0.550119
0.005635
-0.543173
-1.062750
-1.526299
-1.915516
-1.956128
-1.742047
-1.511129
-1.265980
-1.011007
-0.752187
-0.496648
-0.252131
-0.026346
0.162014
0.279007
0.474349
0.568506
0.624062
0.642543
0.627050
0.581787
0.511404
0.420328
0.312125
0.189210
0.053030
-0.095114
-0.252693
-0.414348
-0.570536
-0.707039
-0.805741
-0.846817
-0.812038
-0.688565
-0.472420
-0.170818
0.197182
0.601937
1.006252
1.369732
1.653749
1.826310
1.866034
1.764682
1.527878
1.173960
0.731263
0.234282
-0.280578
-0.779052
-1.232323
-1.619219
-1.927235
-1.978871
-1.751131
-1.505665
-1.246597
-0.979852
-0.712779
-0.453606
-0.210793
0.007663
0.194884
0.345662
0.456866
0.527680
0.559619
0.556333
0.523148
0.466345
0.392229
0.306105
0.211420
0.109365
-0.000759
-0.120298
-0.249287
-0.384259
-0.516544
-0.631790
-0.711155
-0.734164
-0.682734
-0.545423
-0.320941
-0.020036
0.334675
0.710948
1.070826
1.375515
1.590455
1.689743
1.659294
1.498324
1.218974
0.844297
0.404952
-0.064766
-0.530965
-0.963674
-1.339469
-1.642970
-1.867239
-1.993895
-1.751749
-1.492366
-1.221397
-0.946173
-0.675188
-0.417459
-0.181785
0.023970
0.193558
0.322876
0.410357
0.457158
0.467111
0.446373
0.402748
0.344627
0.279651
0.213294
0.147752
0.081572
0.010390
-0.071136
-0.166539
-0.274624
-0.387422
-0.489858
-0.561568
-0.580650
-0.528489
-0.394476
-0.179430
0.103098
0.427921
0.761426
1.066240
1.306430
1.452387
1.484619
1.395973
1.192076
0.890036
0.515756
0.100358
-0.323704
-0.726279
-1.082420
-1.374347
-1.592313
-1.734514
-1.999469
-1.743185
-1.471464
-1.191387
-0.911486
-0.641117
-0.389724
-0.166060
0.022565
0.170948
0.276523
0.339726
0.364131
0.356287
0.325188
0.281236
0.234741
0.194064
0.163769
0.143328
0.126969
0.105075
0.067113
0.005494
-0.080729
-0.183553
-0.286098
-0.365335
-0.396949
-0.361041
-0.247260
-0.057977
0.191144
0.473250
0.754428
0.998949
1.174570
1.257009
1.232972
1.101393
0.872948
0.568013
0.213581
-0.160371
-0.524485
-0.853141
-1.126751
-1.333099
-1.467695
-1.533313
-1.994169
-1.724833
-1.443014
-1.157048
-0.876408
-0.610985
-0.370289
-0.162638
0.005597
0.130663
0.211938
0.252278
0.258086
0.238990
0.207018
0.175100
0.154986
0.154785
0.176720
0.215794
0.260156
0.293510
0.299356
0.266072
0.191368
0.084595
-0.034081
-0.137646
-0.198383
-0.194500
-0.115497
0.035089
0.240018
0.471487
0.696100
0.880493
0.996526
1.025169
0.958682
0.800954
0.566207
0.276464
-0.041733
-0.360793
-0.655295
-0.904556
-1.094348
-1.217712
-1.274909
-1.272675
-1.976725
-1.696004
-1.406705
-1.118190
-0.840579
-0.583962
-0.357563
-0.168910
-0.023065
0.078037
0.136104
0.156806
0.149731
0.127840
0.106214
0.099970
0.121472
0.177262
0.265496
0.374874
0.485856
0.574492
0.618200
0.602126
0.524121
0.396671
0.244904
0.101056
-0.003049
-0.043455
-0.009434
0.094423
0.249616
0.427890
0.596919
0.726112
0.791471
0.778803
0.685036
0.517742
0.293251
0.033808
-0.235697
-0.490930
-0.710866
-0.879842
-0.988762
-1.035481
-1.024432
-0.965679
-1.945931
-1.655855
-1.361835
-1.073996
-0.802805
-0.558231
-0.348882
-0.181162
-0.058493
0.019348
0.056757
0.062547
0.049756
0.034759
0.035460
0.068491
0.145657
0.270310
0.434706
0.619539
0.796460
0.933609
1.003081
0.988395
0.889611
0.724371
0.524298
0.327707
0.170695
0.079154
0.063692
0.118501
0.223906
0.351523
0.470424
0.552940
0.579020
0.538686
0.432539
0.270620
0.070098
-0.147693
-0.360371
-0.547359
-0.692194
-0.784086
-0.818695
-0.798166
-0.730499
-0.628450
-1.900658
-1.603449
-1.307437
-1.023245
-0.761395
-0.531434
-0.341051
-0.195228
-0.095451
-0.039027
-0.018582
-0.021917
-0.032438
-0.030519
0.004027
0.088323
0.232131
0.433852
0.678134
0.936437
1.171225
1.343434
1.421535
1.389730
1.252654
1.034997
0.775926
0.519981
0.307018
0.164041
0.100819
0.109916
0.170459
0.254116
0.331571
0.378082
0.377206
0.322493
0.217267
0.072965
-0.093414
-0.262261
-0.414238
-0.532749
-0.605823
-0.627249
-0.596987
-0.520911
-0.409976
-0.278986
-1.839979
-1.537936
-1.242550
-0.964675
-0.714611
-0.501209
-0.330968
-0.207183
-0.129139
-0.091426
-0.083491
-0.089650
-0.089883
-0.061760
0.016296
0.160560
0.377112
0.657720
0.978143
1.300140
1.577626
1.766065
1.832825
1.765508
1.575612
1.296212
0.974258
0.659776
0.395111
0.207060
0.103559
0.075057
0.099427
0.148583
0.194996
0.216789
0.200776
0.143384
0.049835
-0.067892
-0.193714
-0.310280
-0.401559
-0.454955
-0.462775
-0.423007
-0.339410
-0.221014
-0.081100
0.064150
-1.763374
-1.458836
-1.166569
-0.897401
-0.661155
-0.465728
-0.316195
-0.213932
-0.155815
-0.133555
-0.133353
-0.136154
-0.118910
-0.057172
0.070827
0.278993
0.568098
0.921983
1.306958
1.675616
1.975046
2.157908
2.193500
2.075533
1.824102
1.481113
1.100488
0.736106
0.430899
0.209818
0.077920
0.023133
0.022148
0.047401
0.073352
0.080972
0.060006
0.009219
-0.064937
-0.150568
-0.233013
-0.297478
-0.331329
-0.325837
-0.277292
-0.187458
-0.063368
0.083389
0.237854
0.383142
-1.670984
-1.366343
-1.079596
-0.821307
-0.600575
-0.424120
-0.295380
-0.213631
-0.173213
-0.162915
-0.165808
-0.159835
-0.119616
-0.019770
0.160250
0.430438
0.784946
1.199029
1.629943
2.022744
2.320401
2.462890
2.424931
2.286362
1.972529
1.572575
1.145543
0.746785
0.417544
0.179262
0.033243
-0.035261
-0.050444
-0.038937
-0.024001
-0.021795
-0.039878
-0.077592
-0.127737
-0.178960
-0.218338
-0.233773
-0.215984
-0.159908
-0.065479
0.062227
0.213445
0.374645
0.529860
0.662186
-1.563843
-1.261585
-0.982726
-0.737327
-0.533543
-0.376713
-0.268464
-0.205868
-0.180695
-0.178934
-0.180863
-0.162053
-0.095774
0.042988
0.272100
0.596319
1.002420
1.457271
1.910507
2.302265
2.506943
2.306348
2.363443
2.376770
2.008236
1.565936
1.111348
0.698480
0.364609
0.126264
-0.019480
-0.089838
-0.109344
-0.103135
-0.091835
-0.088664
-0.098671
-0.119629
-0.143965
-0.161184
-0.160280
-0.131902
-0.070012
0.027041
0.156054
0.309121
0.474316
0.636814
0.780310
0.888563
-1.444040
-1.146771
-0.878161
-0.647536
-0.461898
-0.325032
-0.236646
-0.191573
-0.179130
-0.182807
-0.180652
-0.146746
-0.054188
0.120296
0.390580
0.755326
1.193901
1.665931
2.115810
2.482048
2.451227
2.346268
2.496173
2.341113
1.933326
1.469385
1.010028
0.605113
0.286019
0.063501
-0.069567
-0.132268
-0.148704
-0.141856
-0.129340
-0.121356
-0.120600
-0.123553
-0.122573
-0.108239
-0.071597
-0.006022
0.091430
0.219279
0.371459
0.537743
0.704651
0.856717
0.831849
0.727236
-1.314734
-1.025183
-0.769159
-0.555036
-0.388475
-0.271579
-0.202095
-0.172707
-0.170534
-0.177062
-0.168882
-0.119641
-0.003529
0.199723
0.499048
0.886756
1.335607
1.799999
2.222108
2.542359
2.590496
2.577435
2.520144
2.189847
1.763770
1.301958
0.861248
0.484955
0.197300
0.003056
-0.108526
-0.157476
-0.166549
-0.155907
-0.139825
-0.125459
-0.113328
-0.098892
-0.074700
-0.032614
0.034189
0.129648
0.253795
0.402326
0.566754
0.735083
0.747094
0.603309
0.487685
0.387540
-1.180005
-0.900956
-0.659756
-0.463617
-0.316709
-0.219388
-0.167488
-0.151753
-0.157520
-0.164931
-0.150040
-0.087185
0.047160
0.269277
0.582719
0.973888
1.410505
1.844337
2.218630
2.478996
2.585228
2.520624
2.295999
1.947061
1.525966
1.089640
0.688290
0.357089
0.112642
-0.045759
-0.131479
-0.164365
-0.164896
-0.149846
-0.129935
-0.109352
-0.086672
-0.056642
-0.012275
0.053097
0.144091
0.262027
0.404234
0.563941
0.730722
0.547248
0.384943
0.255658
0.146719
0.048230
-1.044533
-0.778702
-0.554323
-0.377269
-0.250118
-0.171485
-0.135450
-0.131145
-0.142680
-0.149630
-0.128492
-0.055367
0.090025
0.319413
0.631112
1.006724
1.411028
1.796021
2.109066
2.303523
2.349120
2.239064
1.991623
1.645684
1.251642
0.860429
0.513757
0.237970
0.042449
-0.077939
-0.137869
-0.155842
-0.149257
-0.131097
-0.108499
-0.082884
-0.051227
-0.007907
0.053299
0.137397
0.246747
0.380140
0.532463
0.600175
0.364048
0.180253
0.034643
-0.085274
-0.189653
-0.285715
-0.913133
-0.662986
-0.457009
-0.299596
-0.191705
-0.130306
-0.107981
-0.112702
-0.127993
-0.133688
-0.107660
-0.028663
0.119721
0.344581
0.639696
0.983462
1.340052
1.664386
1.910380
2.040654
2.035009
1.895184
1.644338
1.321422
0.972192
0.639543
0.355826
0.138832
-0.008204
-0.093399
-0.131354
-0.138188
-0.127627
-0.108718
-0.085169
-0.056005
-0.017023
0.037355
0.112272
0.210886
0.333274
0.475852
0.466539
0.201699
-0.006202
-0.170633
-0.303745
-0.415777
-0.514450
-0.604485
-0.790214
-0.557760
-0.371159
-0.233256
-0.143428
-0.097202
-0.086012
-0.097199
-0.114375
-0.118435
-0.089402
-0.009298
0.134214
0.343978
0.610371
0.910406
1.209890
1.468836
1.649248
1.723390
1.680159
1.527673
1.291159
1.006837
0.713705
0.445624
0.225732
0.064331
-0.039946
-0.096619
-0.118946
-0.119867
-0.109143
-0.091984
-0.069050
-0.037461
0.007640
0.071346
0.157403
0.266966
0.397853
0.360593
0.064896
-0.169258
-0.354651
-0.503020
-0.624533
-0.727229
-0.816528
-0.894906
-0.679237
-0.465828
-0.298813
-0.179494
-0.105811
-0.072116
-0.069134
-0.084127
-0.101468
-0.103763
-0.073760
0.002979
0.134891
0.321349
0.550693
0.800338
1.039576
1.234929
1.357009
1.387062
1.321328
1.171796
0.963121
0.726679
0.493588
0.288674
0.126877
0.012604
-0.058370
-0.095466
-0.109589
-0.110029
-0.102594
-0.089011
-0.067447
-0.033728
0.017089
0.089159
0.184534
0.302267
0.286644
-0.041484
-0.303476
-0.511504
-0.676859
-0.809549
-0.917780
-1.007495
-1.082000
-1.141818
-0.582265
-0.388427
-0.240352
-0.137888
-0.077753
-0.053489
-0.055569
-0.071733
-0.087672
-0.088205
-0.059091
0.010624
0.125986
0.283900
0.472063
0.669806
0.851151
0.989696
1.064244
1.063627
0.989240
0.854512
0.681442
0.495323
0.319236
0.169858
0.055506
-0.023460
-0.072420
-0.099466
-0.112464
-0.116936
-0.115028
-0.105561
-0.084888
-0.048228
0.008868
0.089183
0.192848
0.248984
-0.112610
-0.403431
-0.635195
-0.818807
-0.964072
-1.079264
-1.170683
-1.242298
-1.295550
-1.329316
-0.499665
-0.325026
-0.194386
-0.106318
-0.056620
-0.038416
-0.042402
-0.057276
-0.070480
-0.069322
-0.042586
0.017533
0.113427
0.240601
0.387331
0.535935
0.665733
0.757185
0.796191
0.777308
0.704893
0.591796
0.456022
0.316429
0.188740
0.082950
0.002616
-0.054111
-0.092322
-0.117875
-0.135302
-0.146540
-0.150616
-0.144162
-0.122488
-0.080905
-0.016021
0.073213
0.184848
-0.143821
-0.463890
-0.719893
-0.922477
-1.081282
-1.204601
-1.298980
-1.368881
-1.416478
-1.441589
-1.441767
-0.430037
-0.273335
-0.157870
-0.081200
-0.038548
-0.023039
-0.026014
-0.037517
-0.046996
-0.044306
-0.021030
0.028028
0.103434
0.200279
0.308336
0.413472
0.500252
0.555183
0.569739
0.542271
0.478188
0.388349
0.286204
0.184590
0.093123
0.016889
-0.043442
-0.090318
-0.127437
-0.157912
-0.182972
-0.201425
-0.209890
-0.203624
-0.177689
-0.128161
-0.053200
0.046226
-0.130705
-0.479967
-0.760128
-0.981800
-1.154582
-1.286802
-1.385192
-1.454580
-1.497692
-1.515086
-1.505216
-1.464598
-0.370358
-0.229570
-0.126475
-0.057929
-0.018968
-0.003101
-0.002672
-0.009315
-0.014572
-0.010694
0.008340
0.045767
0.101136
0.169918
0.243934
0.312683
0.365429
0.393539
0.392427
0.362489
0.308756
0.239342
0.163259
0.088273
0.019462
-0.041199
-0.094246
-0.141457
-0.184422
-0.223355
-0.256504
-0.280189
-0.289439
-0.278985
-0.244401
-0.183145
-0.095330
-0.069085
-0.447195
-0.750954
-0.991255
-1.177862
-1.319259
-1.422371
-1.492312
-1.532212
-1.543162
-1.524296
-1.472942
-1.384830
-0.316363
-0.188919
-0.095124
-0.031491
0.006762
0.025404
0.030838
0.029737
0.028558
0.032953
0.047071
0.072857
0.109536
0.153510
0.198848
0.238379
0.265202
0.274229
0.263287
0.233443
0.188448
0.133505
0.073804
0.013303
-0.045843
-0.103131
-0.158942
-0.213503
-0.265945
-0.313738
-0.352674
-0.377355
-0.382073
-0.361860
-0.313510
-0.236374
-0.132801
-0.361548
-0.688076
-0.946077
-1.145799
-1.296085
-1.404170
-1.475449
-1.513355
-1.519334
-1.492957
-1.432109
-1.333212
-1.191406
-0.263055
-0.146133
-0.058650
0.002866
0.042685
0.065592
0.076620
0.080785
0.082771
0.086559
0.094982
0.109316
0.128998
0.151653
0.173502
0.190144
0.197525
0.192840
0.175066
0.144988
0.104680
0.056717
0.003374
-0.053852
-0.114241
-0.177406
-0.242583
-0.307929
-0.370085
-0.424157
-0.464152
-0.483771
-0.477420
-0.441199
-0.373732
-0.276657
-0.219367
-0.567921
-0.842463
-1.054140
-1.212488
-1.325262
-1.398252
-1.435173
-1.437692
-1.405598
-1.337046
-1.228846
-1.076701
-0.875313
-0.205342
-0.096205
-0.012472
0.048980
0.091638
0.119165
0.135217
0.143328
0.146755
0.148286
0.149995
0.153004
0.157320
0.161863
0.164707
0.163531
0.156144
0.140941
0.117126
0.084643
0.043891
-0.004627
-0.060530
-0.123518
-0.193049
-0.267830
-0.345315
-0.421394
-0.490430
-0.545703
-0.580174
-0.587480
-0.562930
-0.504379
-0.412771
-0.292303
-0.387579
-0.677677
-0.899976
-1.065142
-1.181805
-1.256376
-1.292956
-1.293395
-1.257524
-1.183493
-1.068160
-0.907427
-0.696430
-0.429529
-0.138662
-0.034994
0.046798
0.109212
0.154791
0.186033
0.205352
0.215084
0.217477
0.214621
0.208332
0.199976
0.190329
0.179500
0.166987
0.151834
0.132840
0.108758
0.078391
0.040630
-0.005550
-0.061027
-0.126321
-0.201246
-0.284465
-0.373079
-0.462424
-0.546177
-0.616817
-0.666423
-0.687688
-0.674966
-0.625207
-0.538585
-0.418737
-0.272545
-0.450002
-0.681877
-0.852510
-0.971880
-1.047405
-1.083817
-1.083242
-1.045482
-0.968457
-0.848732
-0.681994
-0.463394
-0.187632
0.151259
-0.059554
0.040224
0.120877
0.184078
0.231368
0.264178
0.283918
0.292095
0.290403
0.280724
0.265028
0.245206
0.222843
0.199019
0.174171
0.148034
0.119672
0.087569
0.049778
0.004148
-0.051378
-0.118348
-0.197318
-0.287346
-0.385597
-0.487146
-0.585131
-0.671247
-0.736589
-0.772722
-0.772820
-0.732701
-0.651578
-0.532404
-0.381731
-0.209107
-0.399792
-0.574957
-0.695821
-0.771323
-0.807252
-0.806272
-0.768240
-0.690732
-0.569730
-0.400290
-0.177081
0.105346
0.452649
0.412683
0.033884
0.130381
0.209512
0.272050
0.318599
0.349725
0.366171
0.369050
0.359970
0.341023
0.314675
0.283485
0.249779
0.215305
0.180941
0.146508
0.110755
0.071468
0.025787
-0.029337
-0.096544
-0.177410
-0.271802
-0.377372
-0.489322
-0.600510
-0.701967
-0.783774
-0.836213
-0.851025
-0.822591
-0.748853
-0.631808
-0.477502
-0.295477
-0.097762
-0.234525
-0.356219
-0.430758
-0.465559
-0.464293
-0.427146
-0.351419
-0.232346
-0.063990
0.159967
0.445702
0.713772
0.683287
0.658477
0.141716
0.234410
0.310399
0.369608
0.411877
0.437229
0.446152
0.439816
0.420183
0.389934
0.352237
0.310363
0.267207
0.224825
0.184040
0.144239
0.103381
0.058277
0.005107
-0.059852
-0.139400
-0.234573
-0.343978
-0.463392
-0.585788
-0.701778
-0.800519
-0.870928
-0.903080
-0.889578
-0.826682
-0.715021
-0.559773
-0.370227
-0.158811
0.060322
0.042531
-0.030785
-0.063899
-0.062127
-0.026495
0.045678
0.159862
0.323207
0.543462
0.828136
0.937723
0.938399
0.947415
0.964731
0.262050
0.349225
0.419283
0.471450
0.505109
0.520138
0.517225
0.498052
0.465327
0.422590
0.373829
0.322946
0.273151
0.226396
0.182970
0.141345
0.098328
0.049563
-0.009699
-0.083616
-0.174734
-0.283078
-0.405548
-0.535733
-0.664245
-0.779564
-0.869296
-0.921707
-0.927295
-0.880179
-0.779091
-0.627804
-0.434902
-0.212893
0.023213
0.257692
0.421867
0.390211
0.392606
0.426470
0.493913
0.600800
0.755482
0.967417
1.123404
1.140692
1.168105
1.207982
1.259819
1.320776
0.391084
0.469903
0.530231
0.570896
0.591209
0.591365
0.572713
0.537873
0.490612
0.435495
0.377322
0.320439
0.268023
0.221477
0.180072
0.140931
0.099411
0.049863
-0.013301
-0.094415
-0.195396
-0.314850
-0.447624
-0.584914
-0.714972
-0.824346
-0.899509
-0.928630
-0.903256
-0.819635
-0.679466
-0.489962
-0.263153
-0.014522
0.238862
0.480441
0.696203
0.876320
0.922172
0.984169
1.082062
1.224949
1.253428
1.279727
1.313526
1.361667
1.427462
1.510594
1.607558
1.712504
0.523322
0.589977
0.636068
0.660399
0.662682
0.643905
0.606530
0.554454
0.492723
0.426968
0.362668
0.304308
0.254604
0.213915
0.180014
0.148284
0.112385
0.065328
0.000808
-0.085393
-0.194198
-0.322438
-0.462637
-0.603492
-0.730991
-0.830064
-0.886526
-0.889044
-0.830821
-0.710759
-0.533886
-0.310957
-0.057263
0.209228
0.470123
0.708943
0.913176
1.075742
1.195625
1.277603
1.331115
1.368520
1.403011
1.446580
1.508327
1.593345
1.702322
1.831813
1.975060
2.123179
0.651896
0.701882
0.728873
0.732122
0.712228
0.671444
0.613723
0.544500
0.470176
0.397353
0.331912
0.278070
0.237572
0.209214
0.188791
0.169607
0.143452
0.102019
0.038493
-0.050912
-0.165756
-0.300768
-0.445960
-0.587519
-0.709379
-0.795250
-0.830836
-0.805900
-0.715862
-0.562689
-0.354905
-0.106677
0.163888
0.437067
0.694082
0.919547
1.103424
1.242154
1.338811
1.402262
1.445490
1.483373
1.530326
1.598160
1.694499
1.821929
1.977970
2.092721
2.017797
2.056870
0.768982
0.797449
0.800566
0.778531
0.733331
0.668885
0.590925
0.506536
0.423417
0.348891
0.288838
0.246685
0.222647
0.213412
0.212380
0.210491
0.197603
0.164213
0.103282
0.011832
-0.107963
-0.248453
-0.397026
-0.537468
-0.651977
-0.723541
-0.738342
-0.687825
-0.570088
-0.390401
-0.160714
0.101785
0.376888
0.644067
0.885228
1.087130
1.243081
1.353614
1.426088
1.473251
1.511044
1.556038
1.622883
1.722244
1.859424
2.033881
1.917929
1.784658
1.772445
1.868121
0.866285
0.868454
0.843461
0.792962
0.720752
0.632736
0.536570
0.440956
0.354659
0.285329
0.238319
0.215665
0.215464
0.231796
0.255299
0.274411
0.277114
0.252964
0.195076
0.101707
-0.022882
-0.168449
-0.319762
-0.458446
-0.565405
-0.623484
-0.619953
-0.548454
-0.410072
-0.213388
0.026552
0.290220
0.556251
0.804420
1.018434
1.188162
1.310921
1.391624
1.441757
1.477395
1.516594
1.576571
1.671186
1.809008
1.992322
1.830358
1.631419
1.562496
1.609290
1.757354
0.935557
0.907167
0.850824
0.770093
0.670909
0.561336
0.450943
0.349840
0.267465
0.211263
0.185437
0.190004
0.220376
0.267596
0.319328
0.361509
0.380472
0.365228
0.309515
0.213257
0.083121
-0.067960
-0.222287
-0.359706
-0.460388
-0.507666
-0.490474
-0.405038
-0.255533
-0.053595
0.183254
0.434065
0.677445
0.894632
1.072175
1.203816
1.291253
1.343686
1.376222
1.407404
1.456329
1.539759
1.669726
1.851940
1.827367
1.554077
1.421298
1.413717
1.515700
1.711622
0.969125
0.906870
0.817324
0.706302
0.582080
0.454880
0.335990
0.236543
0.166121
0.131323
0.134533
0.173138
0.239380
0.320990
0.402620
0.467913
0.501951
0.493716
0.438092
0.337088
0.199988
0.042359
-0.115945
-0.253528
-0.350481
-0.391252
-0.366919
-0.276497
-0.127091
0.067143
0.287076
0.511451
0.720032
0.896624
1.031464
1.122617
1.176156
1.205113
1.227368
1.262855
1.330537
1.445628
1.617468
1.848327
1.555021
1.349841
1.280785
1.331100
1.483890
1.722513
0.960389
0.862318
0.739396
0.599897
0.454452
0.315263
0.194956
0.105157
0.054937
0.049357
0.088336
0.166098
0.271394
0.388567
0.499433
0.585756
0.631933
0.627515
0.569058
0.460981
0.315237
0.149797
-0.013832
-0.153665
-0.250396
-0.290163
-0.266497
-0.181165
-0.043775
0.129787
0.319854
0.506040
0.670405
0.800232
0.889975
0.942104
0.966677
0.979753
1.000906
1.050253
1.145481
1.299306
1.517737
1.643407
1.355313
1.216068
1.207452
1.311308
1.509631
1.784971
0.904274
0.770095
0.615474
0.451172
0.289998
0.145766
0.031910
-0.040115
-0.062454
-0.032261
0.047348
0.167074
0.312054
0.463409
0.600544
0.703936
0.757982
0.753424
0.688935
0.571519
0.415660
0.241291
0.070927
-0.073582
-0.174188
-0.219144
-0.204536
-0.134575
-0.020691
0.120490
0.269904
0.409187
0.523638
0.604622
0.650974
0.669256
0.672763
0.679533
0.709624
0.782157
0.912535
1.110270
1.377680
1.452122
1.231443
1.154643
1.201877
1.353706
1.591206
1.896327
0.797608
0.628865
0.446070
0.262307
0.092205
-0.049349
-0.148776
-0.195510
-0.183611
-0.113045
0.009640
0.171465
0.354101
0.535855
0.694352
0.809524
0.866487
0.857746
0.784384
0.655958
0.489123
0.305161
0.126855
-0.024808
-0.133576
-0.190048
-0.192692
-0.147622
-0.067200
0.032282
0.133486
0.221027
0.284105
0.318398
0.326895
0.319574
0.311972
0.322920
0.371772
0.475607
0.646781
0.891178
1.207363
1.346727
1.189254
1.169672
1.266591
1.459452
1.728599
2.055602
0.639372
0.439466
0.233718
0.037167
-0.134270
-0.265289
-0.342893
-0.358118
-0.307558
-0.194427
-0.028892
0.172501
0.388354
0.594806
0.768482
0.889583
0.847583
0.928244
0.844077
0.703961
0.526160
0.332568
0.145464
-0.015657
-0.136690
-0.210560
-0.237713
-0.225399
-0.185935
-0.134210
-0.084884
-0.049678
-0.035195
-0.041597
-0.062330
-0.084927
-0.092745
-0.067338
0.008887
0.150162
0.365317
0.656490
1.018666
1.336773
1.236104
1.266564
1.405325
1.630861
1.922978
2.263089
0.430832
0.204890
-0.017223
-0.219033
-0.383994
-0.497119
-0.546709
-0.526041
-0.434711
-0.279397
-0.073811
0.162302
0.405112
0.629394
0.811638
0.722151
0.753873
0.930425
0.860236
0.708917
0.521075
0.318429
0.122060
-0.050493
-0.187383
-0.283596
-0.340927
-0.366892
-0.372768
-0.371127
-0.373257
-0.386874
-0.414469
-0.452542
-0.491828
-0.518443
-0.515776
-0.466818
-0.356562
-0.174143
0.085563
0.421068
0.824162
1.280534
1.380209
1.451527
1.622610
1.871121
2.176516
2.520317
0.175502
-0.069904
-0.300851
-0.500072
-0.651121
-0.740048
-0.757108
-0.698302
-0.566483
-0.371765
-0.131079
0.133239
0.395729
0.630694
0.718622
0.694487
0.813723
0.935911
0.829539
0.668585
0.472365
0.261690
0.055900
-0.129646
-0.285224
-0.407387
-0.498522
-0.565505
-0.617709
-0.664705
-0.714039
-0.769446
-0.829728
-0.888493
-0.934758
-0.954311
-0.931604
-0.851893
-0.703310
-0.478593
-0.176251
0.198919
0.635998
1.118698
1.626567
1.731530
1.923849
2.184455
2.492689
2.830521
-0.121006
-0.378276
-0.610086
-0.799096
-0.929681
-0.989579
-0.971506
-0.874483
-0.704630
-0.475223
-0.205857
0.079318
0.354091
0.593157
0.755476
0.820130
0.915498
0.868519
0.753249
0.584982
0.382434
0.164923
-0.050266
-0.249924
-0.426085
-0.576210
-0.702472
-0.810301
-0.906503
-0.997257
-1.086351
-1.173884
-1.255654
-1.323300
-1.365153
-1.367660
-1.317163
-1.201759
-1.012996
-0.747200
-0.406261
0.002146
0.464906
0.964287
1.479122
1.986209
2.315892
2.576832
2.877147
3.199680
-0.451302
-0.712283
-0.937063
-1.108948
-1.213777
-1.241504
-1.187621
-1.054225
-0.850495
-0.592373
-0.301396
-0.002686
0.277664
0.515480
0.691231
0.792154
0.813427
0.758212
0.636582
0.463568
0.256689
0.033399
-0.191134
-0.405577
-0.603163
-0.781548
-0.941936
-1.087674
-1.222605
-1.349458
-1.468541
-1.576930
-1.668265
-1.733180
-1.760268
-1.737453
-1.653557
-1.499832
-1.271292
-0.967651
-0.593816
-0.159878
0.319344
0.825142
1.336061
1.829178
2.281488
2.671259
2.979273
3.060372
-0.806631
-1.063116
-1.273520
-1.422435
-1.497694
-1.491796
-1.403119
-1.236683
-1.004296
-0.723927
-0.418263
-0.112564
0.167936
0.400736
0.568452
0.660517
0.673904
0.612823
0.487444
0.311947
0.102258
-0.126155
-0.360035
-0.589461
-0.808217
-1.013453
-1.204793
-1.383103
-1.549161
-1.702473
-1.840402
-1.957775
-2.046976
-2.098539
-2.102121
-2.047727
-1.927008
-1.734478
-1.468477
-1.131811
-0.731996
-0.281094
0.204811
0.706450
1.202426
1.670446
2.088590
2.436592
2.697015
2.333605
-1.177351
-1.421549
-1.611149
-1.732547
-1.775919
-1.736455
-1.615311
-1.420081
-1.164645
-0.868280
-0.554053
-0.246643
0.030129
0.255742
0.414965
0.499146
0.506569
0.441900
0.314850
0.138353
-0.073412
-0.306813
-0.550104
-0.794186
-1.032739
-1.261817
-1.479057
-1.682709
-1.870658
-2.039651
-2.184812
-2.299555
-2.375871
-2.404982
-2.378220
-2.288061
-2.129142
-1.899165
-1.599565
-1.235891
-0.817867
-0.359120
0.123388
0.610175
1.080258
1.512312
1.885863
2.182509
2.042196
1.688263
