pygeostat_saved_data
1
0
-2.133497
-1.856169
-1.586596
-1.321332
-1.052806
-0.771512
-0.469863
-0.146949
0.187291
0.510288
0.789033
0.986659
1.072263
1.031266
0.872796
0.631088
0.359572
0.118712
-0.039170
-0.083719
-0.014935
0.136365
0.316208
0.254207
0.024828
0.041310
0.223941
-0.102908
-0.493401
-0.880342
-1.190761
-1.357711
-1.331158
-1.087469
-0.636709
-0.026097
0.662887
1.325700
1.853825
2.157771
2.187286
1.941904
1.468197
0.845062
0.162860
-0.496226
-1.071005
-1.525370
-1.845298
-2.032360
-1.893452
-1.692487
-1.503601
-1.314869
-1.110795
-0.876283
-0.601986
-0.289689
0.044162
0.368669
0.643511
0.828316
0.894158
0.833671
0.666165
0.435409
0.199995
0.018709
-0.064960
-0.034632
0.094256
0.278151
0.456411
0.241721
0.160619
0.313902
0.132600
-0.241840
-0.649573
-1.016464
-1.267573
-1.339159
-1.189869
-0.810423
-0.230347
0.480852
1.220903
1.871519
2.322359
2.495931
2.365462
1.959388
1.351025
0.637661
-0.083083
-0.731949
-1.257387
-1.635565
-1.864226
-1.954611
-1.693504
-1.576384
-1.464160
-1.336532
-1.172177
-0.954308
-0.676799
-0.349123
0.001987
0.335676
0.605189
0.769571
0.805684
0.716624
0.533399
0.308619
0.103597
-0.027591
-0.052468
0.031155
0.194523
0.385314
0.540893
0.481060
0.535857
0.327107
-0.000953
-0.398874
-0.797511
-1.119201
-1.290160
-1.252915
-0.977970
-0.473407
0.209948
0.981026
1.721175
2.306439
2.634793
2.650178
2.355107
1.807329
1.102087
0.346915
-0.362122
-0.955863
-1.396745
-1.674768
-1.799009
-1.788986
-1.541274
-1.507195
-1.459404
-1.371513
-1.220397
-0.992619
-0.690315
-0.334474
0.036251
0.372055
0.623027
0.689213
0.734010
0.620581
0.418634
0.199305
0.023253
-0.063139
-0.039700
0.082593
0.264732
0.449695
0.576543
0.595044
0.477561
0.225874
-0.127995
-0.526534
-0.895807
-1.157192
-1.240402
-1.096687
-0.710898
-0.110242
0.633469
1.411310
2.095703
2.567069
2.694538
2.591897
2.150864
1.501349
0.752026
0.010832
-0.636166
-1.135281
-1.465001
-1.628700
-1.645001
-1.539585
-1.439867
-1.479534
-1.477360
-1.405044
-1.242796
-0.985667
-0.648010
-0.264120
0.116313
0.437866
0.652245
0.627669
0.673751
0.510139
0.292564
0.083399
-0.060864
-0.103696
-0.037173
0.116776
0.312353
0.491174
0.595970
0.583668
0.435318
0.161255
-0.199206
-0.583198
-0.913974
-1.113496
-1.116576
-0.885028
-0.419592
0.233371
0.983943
1.711867
2.290110
2.550999
2.624759
2.326657
1.779845
1.083669
0.349748
-0.323117
-0.865292
-1.241275
-1.445249
-1.491857
-1.406662
-1.219158
-1.387411
-1.484068
-1.504725
-1.424497
-1.232210
-0.935540
-0.563100
-0.161879
0.210570
0.498061
0.659044
0.677436
0.567511
0.371004
0.146951
-0.042910
-0.149096
-0.145745
-0.035789
0.150745
0.364262
0.546851
0.644812
0.620234
0.459747
0.179045
-0.177676
-0.543592
-0.839863
-0.989724
-0.934165
-0.646753
-0.144430
0.509293
1.211733
1.839746
2.276626
2.440012
2.301956
1.894124
1.296571
0.614627
-0.047444
-0.607382
-1.015421
-1.254125
-1.331060
-1.269066
-1.097815
-0.848439
-1.377307
-1.508863
-1.528755
-1.421034
-1.187521
-0.850858
-0.453650
-0.052708
0.291303
0.526775
0.623283
0.579331
0.423102
0.205743
-0.011016
-0.169438
-0.228657
-0.172906
-0.013746
0.213361
0.456768
0.658964
0.767867
0.747629
0.587337
0.305887
-0.048519
-0.405017
-0.682430
-0.805517
-0.722227
-0.418404
0.073922
0.678056
1.285616
1.779480
2.061422
2.076257
1.824602
1.359949
0.771639
0.160356
-0.385144
-0.803290
-1.064434
-1.166805
-1.127888
-0.975413
-0.740611
-0.454446
-1.399147
-1.541063
-1.538944
-1.390472
-1.113133
-0.744631
-0.339074
0.041424
0.338471
0.509807
0.538962
0.439174
0.250200
0.028818
-0.164288
-0.277704
-0.279435
-0.162248
0.055964
0.335998
0.624241
0.861822
0.995324
0.987986
0.829429
0.541371
0.176858
-0.188059
-0.469300
-0.593481
-0.516204
-0.235386
0.204349
0.718533
1.200685
1.547395
1.683901
1.582266
1.266288
0.801930
0.277341
-0.220022
-0.621697
-0.887501
-1.005552
-0.985998
-0.852491
-0.634706
-0.363397
-0.067995
-1.440139
-1.568575
-1.528172
-1.333271
-1.017489
-0.631499
-0.236691
0.104810
0.341904
0.445065
0.412643
0.270892
0.067622
-0.138701
-0.291382
-0.346409
-0.279837
-0.091108
0.197195
0.542447
0.887655
1.169968
1.331929
1.334243
1.167177
0.856806
0.463045
0.068518
-0.239675
-0.390873
-0.349031
-0.123183
0.233014
0.633296
0.979886
1.188205
1.208064
1.034848
0.707446
0.294443
-0.125849
-0.484470
-0.734440
-0.854828
-0.847622
-0.730762
-0.530721
-0.276812
0.002147
0.279290
-1.486782
-1.581487
-1.493178
-1.253693
-0.911031
-0.524940
-0.158965
0.129896
0.301660
0.341072
0.260249
0.095347
-0.101747
-0.274318
-0.371519
-0.356714
-0.212687
0.055940
0.422448
0.839832
1.245588
1.570594
1.752134
1.748980
1.554268
1.201334
0.759161
0.317547
-0.034371
-0.230239
-0.242981
-0.091153
0.166681
0.448037
0.668736
0.764938
0.708571
0.511766
0.219690
-0.104782
-0.398732
-0.613391
-0.721483
-0.717449
-0.612775
-0.429471
-0.194219
0.065643
0.324252
0.558122
-1.526514
-1.572976
-1.434316
-1.158397
-0.803993
-0.434978
-0.111891
0.117556
0.226623
0.213956
0.102839
-0.064505
-0.235870
-0.358837
-0.389189
-0.296987
-0.070512
0.281153
0.726650
1.213023
1.670481
2.022866
2.203290
2.171490
1.927215
1.514128
1.011480
0.515258
0.114274
-0.131573
-0.204579
-0.130691
0.030703
0.205254
0.324824
0.345212
0.255529
0.077186
-0.146054
-0.362644
-0.527214
-0.609895
-0.599477
-0.501318
-0.332379
-0.115807
0.123339
0.360765
0.574288
0.744507
-1.549038
-1.539641
-1.354742
-1.054796
-0.704537
-0.366811
-0.094753
0.075837
0.131750
0.083527
-0.037908
-0.188154
-0.317762
-0.380141
-0.337709
-0.166367
0.140856
0.570296
1.084932
1.624608
2.111905
2.465123
2.616657
2.464234
2.220660
1.739401
1.176709
0.631856
0.189832
-0.098230
-0.223922
-0.218158
-0.137600
-0.045767
0.005309
-0.012213
-0.097965
-0.228009
-0.365407
-0.472484
-0.520720
-0.495956
-0.398710
-0.241082
-0.042286
0.175481
0.389982
0.580685
0.729677
0.822224
-1.547184
-1.481240
-1.259284
-0.949558
-0.617571
-0.320556
-0.101194
0.017517
0.034528
-0.030817
-0.143778
-0.261181
-0.338494
-0.335613
-0.221184
0.023718
0.401472
0.893276
1.455649
2.021215
2.506663
2.815735
2.419309
2.323899
2.383472
1.839995
1.232104
0.657875
0.194493
-0.117555
-0.278450
-0.321532
-0.298066
-0.259741
-0.244204
-0.267263
-0.322893
-0.389625
-0.440161
-0.450630
-0.406797
-0.306237
-0.157057
0.025325
0.221785
0.412465
0.578737
0.704359
0.776152
0.784527
-1.517208
-1.400041
-1.153261
-0.847556
-0.544418
-0.292050
-0.121250
-0.042951
-0.048615
-0.113668
-0.203093
-0.277546
-0.298637
-0.232798
-0.054400
0.250643
0.679934
1.209105
1.788392
2.344939
2.793322
2.704690
2.437531
2.471031
2.390904
1.805586
1.179615
0.604665
0.146557
-0.165796
-0.339744
-0.408635
-0.416649
-0.404012
-0.396744
-0.402942
-0.415309
-0.417759
-0.393175
-0.329674
-0.223909
-0.081299
0.085925
0.261577
0.428229
0.569283
0.670262
0.719613
0.709240
0.634950
-1.458567
-1.299919
-1.041527
-0.751423
-0.483312
-0.274447
-0.143884
-0.092489
-0.105335
-0.156104
-0.212349
-0.240227
-0.207945
-0.088153
0.139500
0.484375
0.939187
1.474266
2.035120
2.546850
2.926990
2.871051
2.727077
2.738874
2.249327
1.653319
1.043138
0.499262
0.073825
-0.215508
-0.381225
-0.454569
-0.471887
-0.463245
-0.446060
-0.424343
-0.392375
-0.340515
-0.260799
-0.150678
-0.014264
0.138508
0.293932
0.436848
0.552619
0.628521
0.654618
0.624317
0.534754
0.387104
-1.373319
-1.185469
-0.927877
-0.661719
-0.430526
-0.260189
-0.159446
-0.121843
-0.129330
-0.156777
-0.176270
-0.160249
-0.083385
0.075955
0.333228
0.693248
1.144174
1.652311
2.161288
2.598615
2.889994
2.978051
2.839155
2.491745
1.992453
1.421134
0.860202
0.375594
0.005159
-0.243112
-0.384506
-0.446513
-0.457684
-0.439714
-0.404198
-0.353697
-0.285504
-0.196154
-0.085001
0.043972
0.182197
0.317821
0.437589
0.528618
0.579789
0.582683
0.532136
0.426602
0.268346
0.063555
-1.265292
-1.061261
-0.814878
-0.577571
-0.381771
-0.242885
-0.161584
-0.127047
-0.120972
-0.121532
-0.106384
-0.054298
0.054121
0.235400
0.500560
0.850319
1.269298
1.721965
2.153654
2.498739
2.695198
2.701334
2.508672
2.145712
1.670750
1.156319
0.671024
0.264967
-0.037136
-0.234512
-0.342922
-0.385075
-0.382371
-0.350053
-0.296183
-0.223528
-0.132774
-0.025607
0.093373
0.112437
0.113611
0.237180
0.471660
0.524355
0.504923
0.434689
0.313317
0.144142
-0.065829
-0.306085
-1.139216
-0.931356
-0.704057
-0.497557
-0.333548
-0.218720
-0.148265
-0.109695
-0.086623
-0.061741
-0.018490
0.058533
0.183560
0.368743
0.621282
0.938668
1.303593
1.681356
2.022483
2.271670
2.381276
2.324989
2.106454
1.759207
1.337741
0.903115
0.508372
0.188588
-0.042172
-0.187527
-0.261795
-0.282530
-0.265052
-0.219996
-0.153614
-0.069749
0.027803
0.133529
0.003037
-0.051563
0.014493
0.190847
0.462326
0.422228
0.333714
0.197489
0.017856
-0.197382
-0.437167
-0.687630
-0.999958
-0.799085
-0.596312
-0.420567
-0.284113
-0.187127
-0.121793
-0.076092
-0.036881
0.008243
0.070471
0.160235
0.287531
0.460942
0.684685
0.954217
1.252179
1.547220
1.797683
1.960329
2.001780
1.908660
1.692371
1.386449
1.037450
0.692946
0.390924
0.153854
-0.011687
-0.111089
-0.155956
-0.158947
-0.130628
-0.078654
-0.008667
0.074089
0.163343
-0.039933
-0.150307
-0.140734
-0.020697
0.201486
0.335441
0.230882
0.081637
-0.107192
-0.327089
-0.566460
-0.811141
-1.045104
-0.851969
-0.667063
-0.492379
-0.346428
-0.233889
-0.150644
-0.087907
-0.035530
0.015834
0.073960
0.145498
0.236929
0.354979
0.505525
0.690755
0.905387
1.133717
1.349566
1.520352
1.614774
1.611719
1.507031
1.315363
1.066287
0.796257
0.539544
0.321317
0.154738
0.042022
-0.021982
-0.045660
-0.037523
-0.004788
0.046520
0.110609
0.180882
-0.017931
-0.183652
-0.229110
-0.163180
0.006328
0.245521
0.127970
-0.031609
-0.227549
-0.450773
-0.689205
-0.928366
-1.152123
-1.343640
-0.698986
-0.537352
-0.393202
-0.276155
-0.185274
-0.114062
-0.054197
0.001898
0.059863
0.123538
0.196029
0.280894
0.382482
0.504795
0.648905
0.809895
0.974881
1.123656
1.232529
1.280506
1.255639
1.159057
1.004986
0.816769
0.620595
0.439324
0.288499
0.175348
0.100279
0.059569
0.047890
0.059814
0.090148
0.133478
0.183466
0.067136
-0.152856
-0.251265
-0.236627
-0.116419
0.104099
0.026978
-0.139386
-0.339504
-0.563947
-0.800281
-1.033727
-1.247994
-1.426257
-1.552307
-0.543987
-0.411690
-0.300132
-0.211799
-0.141927
-0.083074
-0.028221
0.027521
0.086568
0.149686
0.217409
0.291244
0.373906
0.468193
0.574761
0.689754
0.803568
0.901745
0.968188
0.989719
0.960258
0.882927
0.769239
0.635791
0.499898
0.375840
0.272861
0.195104
0.142884
0.114303
0.106448
0.115821
0.138150
0.167944
0.198209
-0.059398
-0.207964
-0.241073
-0.166063
0.011793
-0.069879
-0.238582
-0.439045
-0.661767
-0.894133
-1.121145
-1.326318
-1.492743
-1.604261
-1.646733
-0.389355
-0.291699
-0.214879
-0.155935
-0.107709
-0.062758
-0.015695
0.035907
0.091873
0.150704
0.211135
0.273257
0.338657
0.409358
0.485994
0.566001
0.642841
0.706851
0.747657
0.757290
0.732742
0.676970
0.597948
0.506358
0.412903
0.326274
0.252266
0.193966
0.152444
0.127422
0.117530
0.120161
0.131139
0.144528
0.095227
-0.100070
-0.176661
-0.141967
-0.030424
-0.160308
-0.325979
-0.521996
-0.739132
-0.964853
-1.184075
-1.380142
-1.535970
-1.635300
-1.664003
-1.611379
-0.237160
-0.179003
-0.139249
-0.110934
-0.085540
-0.056164
-0.019093
0.025983
0.076863
0.130375
0.183940
0.236594
0.289038
0.342718
0.398335
0.454464
0.507005
0.549818
0.576359
0.581682
0.563975
0.525035
0.469621
0.404091
0.334968
0.267933
0.207411
0.156579
0.117448
0.090816
0.075990
0.070429
0.069551
0.066851
0.054451
-0.043630
-0.043680
-0.119920
-0.242263
-0.398603
-0.584373
-0.791039
-1.006489
-1.215781
-1.402173
-1.548349
-1.637797
-1.656190
-1.592727
-1.441333
-0.089462
-0.075217
-0.074723
-0.078155
-0.076370
-0.063318
-0.036927
0.001261
0.047364
0.096828
0.145966
0.192858
0.237381
0.280422
0.322661
0.363480
0.400482
0.429841
0.447325
0.449545
0.434911
0.404003
0.359316
0.304654
0.244464
0.183313
0.125512
0.074788
0.033871
0.004005
-0.015550
-0.027801
-0.038000
-0.053183
-0.081343
-0.130333
-0.206669
-0.314413
-0.454259
-0.622967
-0.813171
-1.013625
-1.209866
-1.385239
-1.522218
-1.603896
-1.615515
-1.545906
-1.388723
-1.143370
0.051490
0.018219
-0.021949
-0.057255
-0.078515
-0.080821
-0.063809
-0.030821
0.012638
0.060663
0.108436
0.153051
0.193545
0.230229
0.263677
0.293778
0.319240
0.337673
0.346169
0.342101
0.323834
0.291165
0.245448
0.189458
0.127113
0.063047
0.002075
-0.051490
-0.094575
-0.126048
-0.147180
-0.161774
-0.175836
-0.196872
-0.232854
-0.291028
-0.376710
-0.492227
-0.636127
-0.802749
-0.982252
-1.161112
-1.323079
-1.450532
-1.526096
-1.534349
-1.463439
-1.306419
-1.062207
-0.736082
0.183243
0.100342
0.019738
-0.045736
-0.087469
-0.102111
-0.091285
-0.060335
-0.016548
0.032681
0.081303
0.125408
0.163257
0.194698
0.220249
0.240203
0.254041
0.260296
0.256850
0.241507
0.212658
0.169881
0.114335
0.048882
-0.022105
-0.093268
-0.159072
-0.214751
-0.257255
-0.285951
-0.302964
-0.313053
-0.323043
-0.340916
-0.374633
-0.430907
-0.513989
-0.624669
-0.759572
-0.910891
-1.066638
-1.211444
-1.327872
-1.398129
-1.405955
-1.338471
-1.187726
-0.951772
-0.635148
-0.248807
0.303364
0.171057
0.052660
-0.038871
-0.096278
-0.118395
-0.109322
-0.076778
-0.030101
0.021685
0.071308
0.114009
0.147561
0.171682
0.187114
0.194661
0.194479
0.185749
0.166832
0.135791
0.091158
0.032721
-0.037887
-0.116991
-0.199155
-0.277950
-0.347040
-0.401369
-0.438166
-0.457572
-0.462775
-0.459644
-0.455949
-0.460268
-0.480734
-0.523732
-0.592687
-0.687081
-0.801837
-0.927242
-1.049472
-1.151765
-1.216149
-1.225484
-1.165588
-1.027057
-0.806577
-0.507519
-0.139821
0.280734
0.409893
0.231518
0.080895
-0.030061
-0.096441
-0.120075
-0.108148
-0.071157
-0.020661
0.032729
0.080794
0.118389
0.143375
0.155926
0.157461
0.149521
0.132879
0.107095
0.070660
0.021643
-0.041310
-0.117961
-0.205751
-0.299668
-0.392764
-0.477264
-0.545977
-0.593655
-0.618009
-0.620187
-0.604675
-0.578674
-0.551127
-0.531474
-0.528284
-0.547886
-0.593101
-0.662278
-0.748803
-0.841247
-0.924267
-0.980219
-0.991293
-0.941872
-0.820710
-0.622580
-0.349108
-0.008752
0.384015
0.810026
0.501891
0.284374
0.110041
-0.011629
-0.079237
-0.098482
-0.080188
-0.037846
0.014862
0.066148
0.107491
0.134176
0.145012
0.141361
0.125796
0.100710
0.067238
0.024814
-0.028526
-0.095161
-0.176495
-0.271668
-0.376770
-0.484909
-0.587148
-0.674067
-0.737530
-0.772210
-0.776541
-0.752984
-0.707646
-0.649402
-0.588699
-0.536147
-0.501020
-0.489781
-0.504766
-0.543264
-0.597200
-0.653627
-0.696062
-0.706572
-0.668293
-0.567946
-0.397903
-0.157412
0.147191
0.503228
0.893133
1.296244
0.579947
0.333747
0.146603
0.024018
-0.037292
-0.047621
-0.021717
0.024090
0.074541
0.117522
0.145271
0.154622
0.146318
0.123611
0.090471
0.049888
0.002688
-0.052737
-0.119678
-0.201532
-0.299894
-0.412958
-0.534836
-0.656050
-0.765086
-0.850560
-0.903378
-0.918364
-0.895067
-0.837711
-0.754480
-0.656332
-0.555551
-0.464159
-0.392260
-0.346465
-0.328570
-0.334751
-0.355540
-0.376729
-0.381211
-0.351496
-0.272473
-0.133897
0.067899
0.329394
0.640377
0.985391
1.345657
1.701035
0.646443
0.384840
0.197017
0.082995
0.033867
0.034370
0.066032
0.110364
0.151595
0.178594
0.185739
0.172661
0.142949
0.102110
0.055269
0.005162
-0.048920
-0.110934
-0.186522
-0.280575
-0.394698
-0.525448
-0.663991
-0.797342
-0.910802
-0.990827
-1.027571
-1.016490
-0.958853
-0.861260
-0.734488
-0.591942
-0.447947
-0.315951
-0.206753
-0.126884
-0.077363
-0.053146
-0.043496
-0.033376
-0.005759
0.055557
0.163150
0.323781
0.537258
0.796541
1.088948
1.398097
1.706014
1.994953
0.705387
0.443143
0.266413
0.168542
0.134515
0.144312
0.176546
0.211841
0.235470
0.238941
0.220284
0.183052
0.134199
0.081270
0.029555
-0.019981
-0.071337
-0.132307
-0.211750
-0.316093
-0.446213
-0.595803
-0.751793
-0.896719
-1.012257
-1.082846
-1.098457
-1.055985
-0.959233
-0.817846
-0.645625
-0.458591
-0.273011
-0.103447
0.039068
0.148563
0.225139
0.275130
0.310246
0.345688
0.397507
0.479699
0.601672
0.766598
0.971006
1.205619
1.364622
1.626665
1.949273
2.160724
0.761772
0.513303
0.357313
0.279836
0.259955
0.273809
0.298559
0.315739
0.313599
0.288048
0.242129
0.184015
0.123865
0.070202
0.026712
-0.009560
-0.047875
-0.101181
-0.181865
-0.297170
-0.445790
-0.616864
-0.791685
-0.947562
-1.062572
-1.119799
-1.110061
-1.032762
-0.895128
-0.710401
-0.495575
-0.269091
-0.048651
0.150775
0.318673
0.450273
0.547139
0.616812
0.671433
0.725465
0.792936
0.884771
1.006802
1.158895
1.288832
1.220837
1.356439
1.683450
2.064114
2.194927
0.820456
0.597831
0.468478
0.411293
0.400452
0.409895
0.417364
0.407487
0.373495
0.317305
0.247852
0.177877
0.119685
0.080832
0.060919
0.050645
0.033722
-0.008598
-0.091605
-0.221715
-0.393355
-0.589234
-0.783878
-0.949225
-1.060483
-1.100653
-1.062800
-0.950016
-0.773685
-0.550861
-0.301459
-0.045666
0.198313
0.416135
0.598754
0.743252
0.852857
0.936005
1.004471
1.070910
1.146278
1.237714
1.347381
1.411497
1.219790
1.229115
1.430929
1.816631
2.053988
2.107803
0.884792
0.695886
0.594186
0.552508
0.541925
0.536423
0.516733
0.472827
0.404741
0.321461
0.237911
0.170388
0.131313
0.124564
0.142854
0.168332
0.176674
0.143806
0.053291
-0.097995
-0.297837
-0.520942
-0.734682
-0.906382
-1.009922
-1.030007
-0.963494
-0.818157
-0.609853
-0.359130
-0.088012
0.182715
0.435622
0.658195
0.843799
0.991869
1.107262
1.198732
1.276737
1.351050
1.428648
1.512458
1.601175
1.354512
1.246299
1.327276
1.592274
1.927301
1.936289
1.921409
0.955241
0.802447
0.724135
0.688972
0.667373
0.636001
0.581040
0.499818
0.400416
0.299134
0.215963
0.168728
0.167120
0.208250
0.275368
0.340708
0.372171
0.342171
0.235917
0.056454
-0.175284
-0.425292
-0.654526
-0.827496
-0.918972
-0.917366
-0.824666
-0.653805
-0.424788
-0.160708
0.115644
0.384362
0.630204
0.843643
0.974706
1.122082
1.280653
1.377102
1.462338
1.542352
1.619587
1.692666
1.604309
1.397317
1.372324
1.526432
1.832036
1.795524
1.739815
1.666566
1.028340
0.908097
0.844087
0.803471
0.758832
0.692165
0.597294
0.480297
0.357679
0.252246
0.187084
0.178654
0.230652
0.330556
0.450457
0.552689
0.599185
0.561892
0.431039
0.218452
-0.045091
-0.317502
-0.555332
-0.722948
-0.798544
-0.776014
-0.663203
-0.477915
-0.243230
0.016749
0.280151
0.529535
0.753123
0.945213
1.076837
1.239142
1.352299
1.452395
1.544659
1.630833
1.708707
1.772866
1.654210
1.548487
1.613674
1.774952
1.703447
1.610275
1.501021
1.379274
1.096313
0.999570
0.937260
0.878059
0.799562
0.691431
0.556658
0.410564
0.277391
0.184558
0.155382
0.201615
0.317884
0.480042
0.648782
0.778256
0.827641
0.772223
0.610429
0.364488
0.074616
-0.211142
-0.448024
-0.603364
-0.661081
-0.621621
-0.498493
-0.313207
-0.090172
0.147406
0.380327
0.594984
0.783936
0.945624
1.083306
1.203269
1.312558
1.416631
1.517471
1.612657
1.695740
1.757795
1.789797
1.785045
1.740958
1.659646
1.547108
1.411307
1.259738
1.097184
1.147483
1.043014
0.898213
0.896253
0.776137
0.624889
0.455260
0.291232
0.162989
0.099784
0.121801
0.232878
0.416340
0.635912
0.842415
0.985099
0.985184
0.943018
0.749391
0.476235
0.171110
-0.115407
-0.340900
-0.478545
-0.519486
-0.470717
-0.350202
-0.181205
0.012680
0.211098
0.398991
0.567456
0.713629
0.839826
0.951991
1.057589
1.163239
1.272524
1.384487
1.493266
1.589057
1.660159
1.695650
1.687853
1.633981
1.536445
1.401785
1.238582
1.054988
0.856593
1.075071
0.878664
0.835137
0.845171
0.680116
0.489135
0.294245
0.126413
0.019074
0.000004
0.082987
0.261522
0.506834
0.771787
1.000529
0.776990
0.759251
0.999474
0.832570
0.544668
0.239459
-0.034049
-0.239233
-0.357099
-0.386281
-0.339126
-0.235939
-0.099345
0.050056
0.196355
0.329526
0.445522
0.545620
0.635173
0.721863
0.813593
0.916279
1.031953
1.157635
1.285309
1.403078
1.497289
1.555121
1.566936
1.527856
1.438128
1.302301
1.127499
0.921331
0.690078
0.891927
0.803104
0.850008
0.717245
0.509058
0.286465
0.079192
-0.077381
-0.149777
-0.114981
0.031819
0.272697
0.567708
0.861794
0.762598
0.642609
0.778746
1.089405
0.857370
0.571505
0.282503
0.033875
-0.146018
-0.246606
-0.272906
-0.240390
-0.169078
-0.078553
0.015329
0.102041
0.176672
0.239436
0.294689
0.349606
0.412561
0.491308
0.591155
0.713412
0.854500
1.005910
1.155145
1.287444
1.387941
1.443809
1.445899
1.389596
1.274763
1.104915
0.885929
0.624689
0.799022
0.805492
0.731190
0.511281
0.266775
0.024412
-0.180811
-0.312187
-0.339430
-0.246953
-0.040275
0.251773
0.580626
0.887378
0.709919
0.749078
1.042847
1.061483
0.833842
0.567587
0.308545
0.091846
-0.063346
-0.153915
-0.188977
-0.184305
-0.157015
-0.121733
-0.088583
-0.062678
-0.044532
-0.030917
-0.015851
0.008324
0.049755
0.115782
0.211589
0.338968
0.495425
0.673792
0.862501
1.046515
1.208811
1.332214
1.401302
1.404071
1.333137
1.186286
0.966336
0.680426
0.786649
0.717285
0.491705
0.232753
-0.037063
-0.285128
-0.474097
-0.569075
-0.545672
-0.397329
-0.139792
0.189246
0.536252
0.842855
0.903323
1.103974
1.123535
0.986966
0.781159
0.548784
0.327627
0.143200
0.006271
-0.085199
-0.141444
-0.175720
-0.200162
-0.223398
-0.249826
-0.279983
-0.311403
-0.339470
-0.358116
-0.360369
-0.338897
-0.286671
-0.197835
-0.068761
0.100824
0.306797
0.539933
0.785765
1.025214
1.236059
1.395177
1.481256
1.477530
1.374039
1.168961
0.868744
0.671717
0.446349
0.181021
-0.106664
-0.387907
-0.626961
-0.787136
-0.838033
-0.762932
-0.564591
-0.267506
0.084861
0.438000
0.737825
0.942535
1.031280
1.006927
0.892336
0.721792
0.530813
0.347687
0.188951
0.059251
-0.045512
-0.133687
-0.213778
-0.291836
-0.370538
-0.449529
-0.526348
-0.597326
-0.658145
-0.703956
-0.729231
-0.727593
-0.691876
-0.614623
-0.489122
-0.310954
-0.079852
0.198465
0.510975
0.837031
1.149403
1.416804
1.607618
1.694242
1.657194
1.488113
1.191030
0.371940
0.107944
-0.187492
-0.490172
-0.767568
-0.983637
-1.104946
-1.107467
-0.982778
-0.742022
-0.415988
-0.050471
0.302520
0.595603
0.795763
0.890059
0.885639
0.804509
0.675224
0.524583
0.371870
0.226866
0.091273
-0.037904
-0.164737
-0.291795
-0.419127
-0.544570
-0.664762
-0.776199
-0.875825
-0.960994
-1.028879
-1.075601
-1.095426
-1.080373
-1.020528
-0.905201
-0.724975
-0.474389
-0.154838
0.222991
0.637847
1.058417
1.445923
1.758621
1.957512
2.012215
1.905733
1.637158
0.010404
-0.283309
-0.595357
-0.897334
-1.155629
-1.336388
-1.411347
-1.363724
-1.192941
-0.916709
-0.569312
-0.195829
0.156563
0.447941
0.652908
0.763616
0.787966
0.744026
0.653038
0.533456
0.397709
0.252025
0.098453
-0.062352
-0.228903
-0.397925
-0.564682
-0.724097
-0.871966
-1.005701
-1.124312
-1.227625
-1.314986
-1.383789
-1.428272
-1.438909
-1.402727
-1.304698
-1.130224
-0.868475
-0.516102
-0.080596
0.417568
0.944768
1.456571
1.902502
2.232667
2.110717
2.041573
2.115507
-0.397523
-0.707887
-1.020689
-1.305781
-1.530820
-1.666023
-1.689329
-1.591134
-1.377467
-1.070442
-0.705305
-0.324331
0.031016
0.327535
0.545193
0.678207
0.732447
0.720531
0.656672
0.553017
0.418313
0.258598
0.078945
-0.114945
-0.316077
-0.516621
-0.709156
-0.888049
-1.050390
-1.196072
-1.326986
-1.445505
-1.552619
-1.646153
-1.719447
-1.760816
-1.754044
-1.680006
-1.519424
-1.256546
-0.883295
-0.403225
0.165604
0.789676
1.421673
1.990653
1.523173
1.228073
1.070092
1.033260
-0.831869
-1.143203
-1.440113
-1.692923
-1.872370
-1.953869
-1.921776
-1.772900
-1.518286
-1.182459
-0.799854
-0.409054
-0.046231
0.260413
0.493704
0.647527
0.724331
0.731511
0.678152
0.573162
0.424955
0.242139
0.034325
-0.187718
-0.412807
-0.630772
-0.834041
-1.018751
-1.184981
-1.335976
-1.476528
-1.610884
-1.740613
-1.862842
-1.969155
-2.045376
-2.072325
-2.027595
-1.888330
-1.634833
-1.254730
-0.747135
-0.126055
0.577792
1.317590
1.440671
0.906984
0.546660
0.318294
0.200217
-1.270003
-1.565683
-1.830695
-2.037574
-2.161296
-2.182880
-2.092701
-1.892877
-1.597962
-1.233459
-0.832182
-0.429208
-0.056681
0.260214
0.505183
0.670577
0.755633
0.764255
0.703275
0.581612
0.410119
0.201576
-0.029772
-0.269384
-0.504162
-0.724270
-0.924469
-1.104506
-1.268395
-1.422739
-1.574453
-1.728393
-1.885313
-2.040474
-2.183067
-2.296458
-2.359238
-2.346988
-2.234785
-2.000360
-1.627832
-1.111706
-0.460577
0.300207
1.127844
1.056782
0.451318
0.028622
-0.259411
-0.439896
