pygeostat_saved_data
1
0
-2.102062
-1.876440
-1.634740
-1.378212
-1.109612
-0.833249
-0.554896
-0.281521
-0.020904
0.218893
0.394718
0.379680
0.441278
0.576358
0.783978
0.882211
0.845935
0.775333
0.676192
0.553778
0.411898
0.252473
0.075909
-0.117636
-0.326293
-0.544319
-0.760403
-0.957058
-1.111498
-1.198035
-1.191741
-1.072862
-0.831338
-0.470708
-0.010618
0.512840
1.049587
1.540945
1.927512
2.158225
2.198815
2.037729
1.688073
1.185119
0.580032
-0.068594
-0.703437
-1.275638
-1.749367
-2.103529
-2.090349
-1.857047
-1.607062
-1.342694
-1.067855
-0.788019
-0.510014
-0.241654
0.008761
0.233041
0.423775
0.475829
0.582755
0.745510
0.764675
0.744126
0.689883
0.609093
0.508691
0.393985
0.267560
0.128999
-0.024286
-0.195035
-0.383380
-0.584015
-0.784271
-0.963785
-1.096167
-1.152516
-1.106257
-0.938489
-0.642962
-0.229786
0.272955
0.820368
1.355076
1.814431
2.139720
2.285653
2.228111
1.968373
1.532726
0.967646
0.331730
-0.313635
-0.912799
-1.422110
-1.813102
-2.072836
-2.080415
-1.838833
-1.580769
-1.309656
-1.030571
-0.750076
-0.475899
-0.216459
0.019715
0.224655
0.391663
0.515988
0.595422
0.630720
0.625703
0.586945
0.522903
0.442500
0.353335
0.259922
0.162504
0.057069
-0.063099
-0.204447
-0.369382
-0.552790
-0.739986
-0.906948
-1.023077
-1.056096
-0.978163
-0.772065
-0.436373
0.011469
0.534865
1.081078
1.587508
1.990538
2.235544
2.253823
2.130287
1.782768
1.281869
0.682692
0.047815
-0.562206
-1.096592
-1.519230
-1.810356
-1.965614
-2.070063
-1.820019
-1.554516
-1.278139
-0.997075
-0.718840
-0.451849
-0.204863
0.013676
0.196370
0.337604
0.434242
0.486209
0.496832
0.472798
0.423532
0.359907
0.292300
0.228272
0.170464
0.115450
0.054280
-0.025008
-0.133172
-0.274902
-0.444708
-0.625003
-0.787219
-0.896012
-0.915733
-0.817828
-0.587668
-0.229475
0.231667
0.751272
1.270491
1.724254
2.051288
2.039727
2.007897
1.913630
1.498423
0.960336
0.359627
-0.240979
-0.785266
-1.229989
-1.548179
-1.729345
-1.777473
-2.057123
-1.798799
-1.526817
-1.246884
-0.966183
-0.692999
-0.436204
-0.204613
-0.006269
0.152334
0.267009
0.336599
0.363521
0.354014
0.317888
0.267522
0.216042
0.174740
0.150199
0.141900
0.141306
0.133177
0.099386
0.024556
-0.097910
-0.261259
-0.443921
-0.611902
-0.724727
-0.743602
-0.639978
-0.402657
-0.042015
0.409497
0.900848
1.369484
1.750987
1.966573
1.865429
1.904919
1.599440
1.144009
0.601270
0.032711
-0.502552
-0.955609
-1.292627
-1.496514
-1.565856
-1.512147
-2.039464
-1.773319
-1.496022
-1.214307
-0.936202
-0.670558
-0.426448
-0.212463
-0.035949
0.097809
0.186380
0.230905
0.236619
0.212959
0.173026
0.132119
0.105257
0.103892
0.132469
0.185881
0.249006
0.299153
0.311424
0.265965
0.155069
-0.012059
-0.208704
-0.394680
-0.524254
-0.555971
-0.462095
-0.235539
0.107090
0.526886
0.968250
1.367749
1.664726
1.811721
1.782680
1.577226
1.220140
0.756287
0.242283
-0.263059
-0.707448
-1.051409
-1.271438
-1.360190
-1.324452
-1.181931
-2.015020
-1.741714
-1.460346
-1.178560
-0.905047
-0.649003
-0.419456
-0.224512
-0.070544
0.038649
0.102675
0.125264
0.114735
0.083924
0.049278
0.028799
0.038831
0.090001
0.183294
0.307540
0.439717
0.548844
0.603159
0.578979
0.468720
0.285419
0.062065
-0.154470
-0.313393
-0.371323
-0.302163
-0.103357
0.202681
0.572074
0.947065
1.266221
1.475337
1.536966
1.436753
1.185323
0.815490
0.375601
-0.079298
-0.496457
-0.832750
-1.059242
-1.162714
-1.144679
-1.018718
-0.807138
-1.981865
-1.702174
-1.417982
-1.137682
-0.870446
-0.625591
-0.411868
-0.236656
-0.105119
-0.019322
0.022622
0.027269
0.006214
-0.024218
-0.044350
-0.033888
0.024031
0.138046
0.304281
0.504141
0.705718
0.869433
0.957156
0.942593
0.819844
0.607242
0.344939
0.086618
-0.112464
-0.207926
-0.176082
-0.018999
0.236013
0.541989
0.841555
1.077852
1.205025
1.196262
1.047945
0.779230
0.427446
0.040582
-0.331357
-0.644187
-0.865220
-0.976123
-0.973079
-0.864964
-0.670404
-0.414526
-1.938318
-1.653099
-1.367279
-1.089843
-0.830243
-0.597715
-0.400517
-0.245090
-0.135181
-0.070917
-0.047942
-0.056707
-0.082249
-0.104823
-0.101826
-0.051317
0.063081
0.246745
0.489599
0.764551
1.030331
1.239118
1.347583
1.328530
1.179512
0.925481
0.614259
0.305982
0.059394
-0.081210
-0.095173
0.011071
0.206580
0.443366
0.666768
0.826437
0.885756
0.827998
0.658246
0.401035
0.094561
-0.216988
-0.491245
-0.694005
-0.803197
-0.810234
-0.719157
-0.544335
-0.307512
-0.034830
-1.883095
-1.593271
-1.306975
-1.033612
-0.782730
-0.563287
-0.382861
-0.246773
-0.157176
-0.112109
-0.104610
-0.122070
-0.146207
-0.154092
-0.120733
-0.023403
0.152646
0.408243
0.726005
1.069745
1.389037
1.628900
1.742610
1.704133
1.516247
1.211496
0.845362
0.483529
0.186918
-0.001396
-0.064235
-0.011842
0.122671
0.292256
0.446810
0.543561
0.554963
0.472808
0.308163
0.087581
-0.153177
-0.376345
-0.548708
-0.646330
-0.656960
-0.580191
-0.425961
-0.212080
0.038511
0.300370
-1.815469
-1.522054
-1.236426
-0.968239
-0.726957
-0.521087
-0.357353
-0.239805
-0.168873
-0.140403
-0.144775
-0.166371
-0.183795
-0.171393
-0.102527
0.045278
0.283931
0.608594
0.993858
1.394475
1.751820
2.005573
2.107908
2.036157
1.799845
1.439576
1.017835
0.604462
0.260982
0.028126
-0.080621
-0.078574
0.000442
0.111940
0.211525
0.264157
0.250260
0.167905
0.031165
-0.134458
-0.298201
-0.430292
-0.507063
-0.514127
-0.447505
-0.312953
-0.124157
0.099658
0.336150
0.486192
-1.735426
-1.439582
-1.155821
-0.893884
-0.662979
-0.470999
-0.323672
-0.223652
-0.169557
-0.155000
-0.167757
-0.189388
-0.195783
-0.159215
-0.052339
0.145928
0.443527
0.829119
1.269111
1.709946
2.086522
2.335590
2.410791
2.294907
2.005269
1.590323
1.118297
0.661351
0.279917
0.011370
-0.134542
-0.173382
-0.138429
-0.070500
-0.007890
0.021420
0.004083
-0.058080
-0.150752
-0.251907
-0.337353
-0.385795
-0.382491
-0.321113
-0.203919
-0.040630
0.153440
0.359510
0.557372
0.538427
-1.643780
-1.346871
-1.066303
-0.811735
-0.591962
-0.414110
-0.282787
-0.199160
-0.160003
-0.156737
-0.174702
-0.192975
-0.185312
-0.122762
0.021666
0.266534
0.614881
1.048489
1.526059
1.987211
2.362728
2.535060
2.378297
2.458080
2.115900
1.653212
1.142138
0.655069
0.249639
-0.040966
-0.210646
-0.276428
-0.270116
-0.228334
-0.183581
-0.158031
-0.160849
-0.188858
-0.229708
-0.266371
-0.281782
-0.262603
-0.201615
-0.098563
0.040270
0.203375
0.375714
0.540506
0.680873
0.666467
-1.542212
-1.245859
-0.969987
-0.724006
-0.516142
-0.352620
-0.236826
-0.168392
-0.142266
-0.147816
-0.168236
-0.180625
-0.157350
-0.069207
0.109337
0.393324
0.780288
1.245296
1.740481
2.200765
2.555603
2.530095
2.448071
2.513594
2.125624
1.627802
1.093916
0.594388
0.182503
-0.113384
-0.290611
-0.367049
-0.372480
-0.339359
-0.295195
-0.257915
-0.234485
-0.222308
-0.212426
-0.193393
-0.154860
-0.090177
0.002248
0.118782
0.251295
0.388411
0.516938
0.623266
0.694617
0.720099
-1.433211
-1.139315
-0.869837
-0.633772
-0.438621
-0.289590
-0.188769
-0.134256
-0.119267
-0.131351
-0.151970
-0.156886
-0.117940
-0.006716
0.199839
0.512479
0.923082
1.400717
1.892673
2.331745
2.649006
2.684898
2.674630
2.460929
2.039290
1.523396
0.986272
0.494271
0.095033
-0.188321
-0.356324
-0.427243
-0.428678
-0.389338
-0.332839
-0.274406
-0.220430
-0.170170
-0.118637
-0.059674
0.011481
0.096549
0.193586
0.297200
0.399325
0.490277
0.559846
0.598309
0.597320
0.550623
-1.319905
-1.030632
-0.769413
-0.544657
-0.362999
-0.228531
-0.142010
-0.100045
-0.094295
-0.110822
-0.129883
-0.126646
-0.073355
0.056635
0.283030
0.611876
1.029707
1.500831
1.969859
2.370211
2.637360
2.723577
2.609779
2.310690
1.871519
1.357194
0.837583
0.373171
0.004980
-0.249272
-0.393045
-0.444741
-0.429906
-0.374169
-0.298359
-0.216293
-0.134868
-0.055745
0.022299
0.101102
0.181416
0.261986
0.339357
0.408232
0.462122
0.494131
0.497690
0.467217
0.398677
0.290020
-1.205796
-0.923511
-0.672498
-0.460424
-0.292933
-0.172924
-0.099832
-0.068891
-0.070452
-0.089504
-0.105715
-0.094447
-0.029252
0.113870
0.350690
0.682519
1.091296
1.538217
1.967573
2.316067
2.525919
2.558353
2.403358
2.082535
1.644043
1.151268
0.668790
0.249819
-0.071798
-0.283701
-0.392004
-0.415128
-0.376840
-0.300395
-0.204774
-0.103244
-0.003686
0.089965
0.175967
0.253219
0.320230
0.374632
0.413209
0.432191
0.427703
0.396232
0.335032
0.242481
0.118351
-0.035986
-1.094403
-0.821551
-0.582661
-0.384502
-0.231622
-0.125699
-0.064903
-0.043269
-0.050157
-0.069971
-0.082435
-0.063892
0.009990
0.159910
0.397439
0.719487
1.104538
1.512535
1.889772
2.178524
2.329433
2.313292
2.128505
1.801844
1.382130
0.928964
0.499946
0.140115
-0.124030
-0.285239
-0.351975
-0.342630
-0.279505
-0.184047
-0.074017
0.037493
0.141696
0.233031
0.307956
0.363967
0.398985
0.411132
0.398742
0.360518
0.295723
0.204347
0.087225
-0.053861
-0.216130
-0.395788
-0.988880
-0.727840
-0.502805
-0.319514
-0.181353
-0.088793
-0.038850
-0.024595
-0.034777
-0.053729
-0.061882
-0.037259
0.041716
0.192040
0.421140
0.722226
1.071667
1.430048
1.747707
1.974202
2.069506
2.013769
1.812547
1.495768
1.110717
0.711354
0.347164
0.054643
-0.146860
-0.254765
-0.279538
-0.239479
-0.155633
-0.048001
0.066637
0.175426
0.251655
0.107762
0.075666
0.152995
0.338393
0.359196
0.291461
0.196725
0.077440
-0.063196
-0.221339
-0.392615
-0.572214
-0.755018
-0.891628
-0.644548
-0.434765
-0.266895
-0.143137
-0.062818
-0.021975
-0.013002
-0.024438
-0.041070
-0.044617
-0.015356
0.065101
0.209943
0.422814
0.694142
0.999626
1.302186
1.557794
1.724306
1.771141
1.686928
1.482674
1.189401
0.850967
0.514377
0.220449
-0.002739
-0.142455
-0.200183
-0.187981
-0.123899
-0.027790
0.081719
0.188907
0.107209
-0.067775
-0.134914
-0.097340
0.043541
0.287896
0.219040
0.099217
-0.044130
-0.205683
-0.379625
-0.559897
-0.740471
-0.915532
-1.079694
-0.803974
-0.572615
-0.379022
-0.226636
-0.116503
-0.046926
-0.013181
-0.007306
-0.018046
-0.031113
-0.030004
0.002352
0.080966
0.215376
0.406043
0.641657
0.898600
1.143490
1.338934
1.451403
1.459183
1.357984
1.162406
0.902686
0.617808
0.347103
0.122739
-0.035050
-0.119351
-0.134971
-0.095043
-0.017101
0.080319
0.180117
0.057966
-0.149230
-0.250086
-0.248851
-0.147434
0.054327
0.142034
0.003258
-0.158871
-0.337314
-0.524487
-0.712697
-0.894550
-1.063281
-1.213030
-1.339056
-0.725964
-0.511567
-0.334561
-0.197211
-0.099493
-0.038862
-0.010090
-0.005191
-0.013504
-0.022068
-0.016501
0.017401
0.091329
0.211540
0.376063
0.572895
0.780227
0.969307
1.109782
1.176396
1.155190
1.047308
0.869112
0.648523
0.418755
0.211325
0.050272
-0.051089
-0.090657
-0.075710
-0.019849
0.060279
0.147749
0.102843
-0.137762
-0.271176
-0.302998
-0.235984
-0.070394
0.059969
-0.090516
-0.264846
-0.454786
-0.651354
-0.845389
-1.028112
-1.191595
-1.329162
-1.435680
-1.507769
-0.656282
-0.459509
-0.298928
-0.175696
-0.088856
-0.035228
-0.009358
-0.003561
-0.008099
-0.011633
-0.002097
0.031846
0.098795
0.202282
0.338698
0.496273
0.655835
0.793712
0.886443
0.916189
0.875317
0.768684
0.612829
0.432280
0.254128
0.102462
-0.005873
-0.063322
-0.071443
-0.039052
0.020444
0.091750
0.159880
-0.033210
-0.198282
-0.260070
-0.222424
-0.086373
-0.026723
-0.180733
-0.359476
-0.554181
-0.754993
-0.951615
-1.133994
-1.292930
-1.420623
-1.511107
-1.560542
-1.567383
-0.592342
-0.413264
-0.268454
-0.158071
-0.080413
-0.031905
-0.007143
0.000976
0.001015
0.002519
0.015203
0.047707
0.105939
0.191321
0.299372
0.419288
0.535009
0.627950
0.680930
0.682347
0.629332
0.528869
0.396439
0.252591
0.118452
0.011486
-0.057438
-0.085189
-0.075776
-0.038604
0.013794
0.067919
0.111036
-0.030020
-0.119135
-0.106052
-0.000342
-0.116893
-0.265521
-0.439796
-0.631201
-0.829684
-1.024339
-1.204124
-1.358604
-1.478650
-1.557034
-1.588897
-1.572038
-1.507019
-0.530516
-0.368698
-0.238640
-0.139675
-0.069567
-0.024588
0.000362
0.011587
0.016317
0.022266
0.036918
0.066511
0.114763
0.181618
0.262374
0.347673
0.424711
0.479616
0.500570
0.480853
0.420856
0.328364
0.216994
0.103187
0.002684
-0.072549
-0.116243
-0.128281
-0.113931
-0.082277
-0.044369
-0.011561
0.005820
-0.000642
-0.036924
-0.106276
-0.209127
-0.343104
-0.503181
-0.681941
-0.869993
-1.056537
-1.230064
-1.379147
-1.493275
-1.563638
-1.583805
-1.550223
-1.462486
-1.323374
-0.466502
-0.321145
-0.204660
-0.115744
-0.051857
-0.009348
0.016386
0.030708
0.039475
0.048651
0.063730
0.088948
0.126363
0.175015
0.230462
0.285042
0.329034
0.352626
0.348279
0.312807
0.248534
0.163076
0.067778
-0.024733
-0.103208
-0.159872
-0.191592
-0.199906
-0.190230
-0.170531
-0.149934
-0.137473
-0.141168
-0.167377
-0.220415
-0.302296
-0.412589
-0.548342
-0.704109
-0.872113
-1.042584
-1.204321
-1.345426
-1.454207
-1.520132
-1.534745
-1.492448
-1.391039
-1.231955
-1.020207
-0.395779
-0.265927
-0.161907
-0.081993
-0.023544
0.016830
0.043105
0.059655
0.071031
0.081644
0.095326
0.114756
0.140837
0.172171
0.204885
0.233007
0.249504
0.247810
0.223532
0.175796
0.107815
0.026411
-0.059343
-0.140042
-0.207810
-0.257691
-0.288259
-0.301458
-0.301897
-0.295853
-0.290291
-0.292042
-0.307198
-0.340683
-0.395936
-0.474618
-0.576330
-0.698360
-0.835516
-0.980136
-1.122346
-1.250616
-1.352614
-1.416240
-1.430791
-1.388044
-1.283162
-1.115260
-0.887616
-0.607460
-0.314095
-0.198884
-0.106551
-0.035140
0.017915
0.055624
0.081295
0.098371
0.110258
0.120089
0.130414
0.142799
0.157425
0.172790
0.185702
0.191688
0.185833
0.163947
0.123724
0.065586
-0.007107
-0.088583
-0.171749
-0.249582
-0.316388
-0.368659
-0.405384
-0.427856
-0.439166
-0.443580
-0.445974
-0.451380
-0.464659
-0.490197
-0.531561
-0.591070
-0.669271
-0.764414
-0.872036
-0.984800
-1.092694
-1.183658
-1.244601
-1.262700
-1.226799
-1.128721
-0.964288
-0.733916
-0.442730
-0.100180
-0.217965
-0.116874
-0.036010
0.026650
0.073490
0.107103
0.130180
0.145377
0.155198
0.161832
0.166931
0.171341
0.174853
0.176041
0.172336
0.160410
0.136834
0.098930
0.045577
-0.022275
-0.101552
-0.187485
-0.274426
-0.356781
-0.429837
-0.490290
-0.536455
-0.568171
-0.586601
-0.593990
-0.593500
-0.589069
-0.585272
-0.587026
-0.599124
-0.625517
-0.668464
-0.727648
-0.799503
-0.876890
-0.949318
-1.003729
-1.025800
-1.001559
-0.919111
-0.770168
-0.551179
-0.263906
0.084612
0.482667
-0.105098
-0.018182
0.050678
0.103478
0.142388
0.169641
0.187441
0.197889
0.202882
0.204011
0.202382
0.198433
0.191766
0.181056
0.164161
0.138443
0.101302
0.050813
-0.013679
-0.091205
-0.179116
-0.273375
-0.369087
-0.461110
-0.544599
-0.615413
-0.670357
-0.707337
-0.725493
-0.725361
-0.709051
-0.680346
-0.644618
-0.608446
-0.578844
-0.562183
-0.562893
-0.582219
-0.617279
-0.660681
-0.700853
-0.723129
-0.711412
-0.650213
-0.526701
-0.332449
-0.064631
0.273499
0.672852
1.119388
0.025255
0.097175
0.152636
0.193583
0.222032
0.239995
0.249411
0.252100
0.249674
0.243441
0.234248
0.222327
0.207155
0.187393
0.161012
0.125570
0.078680
0.018539
-0.055558
-0.142869
-0.241091
-0.346474
-0.454132
-0.558443
-0.653498
-0.733518
-0.793291
-0.828629
-0.836888
-0.817491
-0.772374
-0.706223
-0.626312
-0.541868
-0.462901
-0.398627
-0.355723
-0.336702
-0.338812
-0.353689
-0.367955
-0.364690
-0.325592
-0.233439
-0.074468
0.159717
0.470970
0.854293
1.298362
1.261712
0.172068
0.227305
0.267091
0.293392
0.308220
0.313577
0.311420
0.303578
0.291682
0.277018
0.260368
0.241826
0.220670
0.195323
0.163479
0.122396
0.069357
0.002214
-0.080090
-0.177085
-0.286559
-0.404512
-0.525336
-0.642148
-0.747257
-0.832748
-0.891207
-0.916528
-0.904799
-0.855133
-0.770290
-0.656896
-0.525078
-0.387423
-0.257314
-0.146822
-0.064487
-0.013433
0.009797
0.015379
0.019229
0.041000
0.101418
0.219385
0.409331
0.679247
1.029620
1.453394
1.321150
1.276521
0.332454
0.368436
0.389484
0.397738
0.395432
0.384839
0.368212
0.347695
0.325176
0.302097
0.279233
0.256493
0.232763
0.205904
0.172914
0.130295
0.074574
0.002945
-0.086106
-0.192266
-0.313042
-0.443638
-0.577092
-0.704653
-0.816408
-0.902129
-0.952326
-0.959428
-0.918986
-0.830715
-0.699166
-0.533776
-0.348167
-0.158601
0.018253
0.167947
0.280847
0.354171
0.393038
0.410251
0.424798
0.459289
0.536754
0.677401
0.895805
1.198993
1.585603
1.436936
1.337793
1.341042
0.501696
0.515066
0.513717
0.500206
0.477261
0.447720
0.414424
0.380062
0.346946
0.316727
0.290129
0.266682
0.244595
0.220792
0.191170
0.151079
0.095999
0.022317
-0.071896
-0.186237
-0.317526
-0.459677
-0.603885
-0.739163
-0.853225
-0.933643
-0.969266
-0.951719
-0.876850
-0.745863
-0.565892
-0.349760
-0.114811
0.119195
0.332873
0.510286
0.641785
0.726008
0.770651
0.791754
0.811606
0.855595
0.948585
1.111403
1.358026
1.693848
1.609357
1.439843
1.389203
1.433595
0.673424
0.660239
0.632538
0.593579
0.546884
0.496138
0.445005
0.396875
0.354530
0.319779
0.293095
0.273356
0.257741
0.241845
0.220099
0.186418
0.135069
0.061636
-0.036066
-0.157225
-0.297594
-0.449405
-0.601713
-0.741186
-0.853283
-0.923764
-0.940426
-0.894866
-0.784048
-0.611396
-0.387130
-0.127620
0.146320
0.412086
0.648574
0.839556
0.976573
1.060721
1.102967
1.122851
1.145773
1.199340
1.309409
1.496506
1.773147
1.836610
1.582583
1.463799
1.456746
1.538109
0.839909
0.795944
0.738003
0.670343
0.597567
0.524440
0.455595
0.395166
0.346337
0.310875
0.288728
0.277766
0.273746
0.270586
0.260962
0.237183
0.192282
0.121161
0.021631
-0.104777
-0.252422
-0.411612
-0.569186
-0.709596
-0.816418
-0.874177
-0.870353
-0.797282
-0.653729
-0.445800
-0.186924
0.103279
0.401232
0.682567
0.925753
1.107306
1.197394
1.321280
1.356061
1.373197
1.400583
1.467106
1.598539
1.814050
2.114209
1.764392
1.565063
1.493839
1.527570
1.643354
0.992464
0.913592
0.821988
0.723198
0.623134
0.527778
0.442771
0.372912
0.321582
0.290215
0.277869
0.281012
0.293623
0.307648
0.313834
0.302847
0.266586
0.199483
0.099638
-0.030418
-0.183434
-0.347733
-0.508073
-0.647041
-0.746880
-0.791584
-0.769050
-0.673017
-0.504501
-0.272402
0.006935
0.311361
0.615640
0.894988
1.092138
1.064804
1.228492
1.479805
1.505896
1.522529
1.559104
1.644590
1.803470
2.052530
1.982172
1.692594
1.546257
1.520950
1.593750
1.742183
1.121927
1.004532
0.876720
0.745545
0.618360
0.502396
0.404204
0.329031
0.280152
0.258292
0.261216
0.283616
0.317390
0.352326
0.377190
0.381098
0.355023
0.293209
0.194319
0.062106
-0.094508
-0.261968
-0.423270
-0.559667
-0.652736
-0.686654
-0.650389
-0.539543
-0.357523
-0.115777
0.167118
0.467552
0.759976
1.020637
1.143564
1.181545
1.413175
1.520749
1.540754
1.562352
1.615210
1.727085
1.920013
2.207511
1.845903
1.615815
1.521584
1.540994
1.651377
1.830780
1.219200
1.060612
0.895289
0.731915
0.579300
0.445806
0.338673
0.263274
0.222385
0.215602
0.239002
0.285189
0.343775
0.402332
0.447734
0.467758
0.452731
0.397017
0.300079
0.166996
0.008305
-0.160851
-0.322190
-0.456247
-0.544634
-0.572355
-0.529933
-0.415029
-0.233268
0.001948
0.270788
0.549455
0.813512
1.041577
1.218842
1.339717
1.409113
1.442049
1.461632
1.495731
1.572953
1.718607
1.951312
2.026113
1.705610
1.534306
1.491039
1.553598
1.699679
1.907958
1.275823
1.074702
0.872094
0.678306
0.503472
0.356851
0.246021
0.176073
0.148844
0.162390
0.210767
0.284267
0.370148
0.453848
0.520565
0.557036
0.553292
0.504086
0.409855
0.277004
0.117458
-0.052458
-0.213756
-0.346916
-0.434220
-0.462007
-0.422613
-0.315673
-0.148565
0.064202
0.302694
0.544253
0.766837
0.952540
1.090669
1.179805
1.228456
1.254090
1.280717
1.335436
1.444560
1.629939
1.906103
1.821833
1.566435
1.452264
1.457848
1.561094
1.740188
1.974518
1.284532
1.041182
0.803215
0.582420
0.389986
0.235697
0.127046
0.068371
0.060144
0.098524
0.175304
0.278375
0.392718
0.501855
0.589630
0.642124
0.649393
0.606830
0.515918
0.384255
0.224832
0.054646
-0.107211
-0.241781
-0.332532
-0.367452
-0.340700
-0.253555
-0.114455
0.061966
0.256844
0.449843
0.622362
0.760676
0.858464
0.918251
0.951443
0.976911
1.018356
1.100918
1.247600
1.476114
1.796579
1.629486
1.436451
1.376274
1.427269
1.567598
1.776037
2.032712
1.239770
0.956328
0.686680
0.443799
0.239539
0.083752
-0.016643
-0.058508
-0.043121
0.023508
0.130807
0.264328
0.406987
0.540726
0.648448
0.715963
0.733674
0.697775
0.610761
0.481191
0.322704
0.152442
-0.010981
-0.149679
-0.248655
-0.297641
-0.292415
-0.235368
-0.135195
-0.005659
0.136486
0.274159
0.392867
0.483342
0.543475
0.579136
0.603701
0.636327
0.699291
0.814808
1.001911
1.273846
1.636362
1.460289
1.325014
1.314048
1.405633
1.578291
1.811418
2.085834
1.138110
0.818614
0.522615
0.263852
0.054356
-0.096456
-0.182724
-0.202916
-0.160356
-0.063349
0.075195
0.238699
0.408357
0.564959
0.690909
0.662624
0.710737
0.770423
0.687950
0.561394
0.404593
0.234309
0.068196
-0.077296
-0.188866
-0.257888
-0.281376
-0.262198
-0.208493
-0.132273
-0.047387
0.032935
0.098564
0.144560
0.172509
0.190796
0.213752
0.259795
0.348873
0.499647
0.726873
1.039374
1.438850
1.325488
1.241588
1.273564
1.399697
1.598915
1.851193
2.137947
0.978567
0.628858
0.313264
0.045767
-0.161944
-0.301410
-0.368258
-0.362884
-0.290820
-0.162660
0.006541
0.198400
0.392829
0.569941
0.675876
0.677730
0.799983
0.819948
0.742769
0.620190
0.465802
0.295545
0.125750
-0.028768
-0.156378
-0.249834
-0.306897
-0.330265
-0.326799
-0.306097
-0.278603
-0.253480
-0.236615
-0.229076
-0.226337
-0.218417
-0.190981
-0.127188
-0.010017
0.175357
0.439452
0.786989
1.216146
1.235442
1.195089
1.262581
1.416293
1.635515
1.900705
2.193755
0.762744
0.390238
0.062886
-0.205640
-0.404536
-0.526752
-0.569755
-0.536064
-0.433439
-0.274609
-0.076468
0.141235
0.357606
0.552564
0.708763
0.813257
0.858647
0.843581
0.772524
0.654887
0.503621
0.333499
0.159324
-0.005761
-0.151620
-0.272017
-0.364945
-0.432349
-0.479263
-0.512468
-0.538826
-0.563557
-0.588728
-0.612218
-0.627402
-0.623593
-0.587233
-0.503636
-0.358979
-0.142254
0.153134
0.528316
0.978562
1.199338
1.193723
1.288545
1.462237
1.694358
1.965730
2.258619
0.494810
0.108139
-0.222464
-0.484186
-0.667599
-0.767434
-0.783218
-0.719651
-0.586602
-0.398652
-0.174125
0.066340
0.301542
0.511629
0.679898
0.794247
0.848099
0.840661
0.776531
0.664702
0.517179
0.347365
0.168460
-0.007945
-0.172932
-0.320861
-0.449483
-0.559538
-0.653899
-0.736386
-0.810402
-0.877607
-0.936865
-0.983654
-1.010071
-1.005468
-0.957632
-0.854320
-0.684916
-0.441952
-0.122282
0.272235
0.734575
1.225413
1.245191
1.358745
1.544468
1.782072
2.052632
2.338747
0.181317
-0.210127
-0.535255
-0.782628
-0.944582
-1.017882
-1.004201
-0.910332
-0.748014
-0.533301
-0.285482
-0.025603
0.225286
0.447923
0.626460
0.749707
0.811817
0.812354
0.755765
0.650374
0.507034
0.337699
0.154042
-0.033685
-0.217444
-0.391799
-0.553872
-0.702907
-0.839499
-0.964610
-1.078518
-1.179885
-1.265081
-1.327946
-1.360019
-1.351254
-1.291105
-1.169828
-0.979810
-0.716703
-0.380263
0.025246
0.491052
1.004274
1.357177
1.480700
1.670370
1.905937
2.168682
2.441579
-0.169182
-0.555733
-0.866902
-1.093036
-1.228498
-1.272201
-1.227915
-1.104318
-0.914675
-0.676084
-0.408333
-0.132410
0.131161
0.363973
0.551162
0.682423
0.752503
0.761108
0.712324
0.613615
0.474610
0.305852
0.117661
-0.080771
-0.281945
-0.480289
-0.672037
-0.854820
-1.027018
-1.187018
-1.332460
-1.459630
-1.563115
-1.635794
-1.669207
-1.654273
-1.582234
-1.445732
-1.239820
-0.962808
-0.616820
-0.208013
0.253533
0.754229
1.277624
1.662756
1.848314
2.074433
2.322635
2.576424
-0.546616
-0.918852
-1.208241
-1.407193
-1.512241
-1.524410
-1.449394
-1.297457
-1.082990
-0.823696
-0.539417
-0.250698
0.022755
0.263554
0.457854
0.596158
0.673650
0.690005
0.648783
0.556515
0.421629
0.253402
0.061034
-0.147037
-0.363551
-0.582551
-0.799247
-1.009681
-1.210238
-1.397123
-1.565876
-1.711040
-1.826040
-1.903345
-1.934893
-1.912757
-1.829948
-1.681267
-1.464070
-1.178878
-0.829726
-0.424260
0.026452
0.508335
1.004921
1.498120
1.969061
2.298022
2.525578
2.755381
-0.940014
-1.289225
-1.550025
-1.717028
-1.788924
-1.768710
-1.663728
-1.485466
-1.249035
-0.972319
-0.674836
-0.376392
-0.095680
0.151009
0.350813
0.494943
0.578868
0.602105
0.567621
0.481023
0.349656
0.181734
-0.014392
-0.230761
-0.460106
-0.695930
-0.932406
-1.164126
-1.385783
-1.591844
-1.776285
-1.932465
-2.053171
-2.130869
-2.158145
-2.128294
-2.035989
-1.877940
-1.653467
-1.364923
-1.017905
-0.621246
-0.186782
0.271071
0.735932
1.190180
1.615781
1.995176
2.312163
2.309715
