pygeostat_saved_data
1
0
-2.161480
-1.928434
-1.686832
-1.437319
-1.181088
-0.920103
-0.657287
-0.396634
-0.143205
0.097005
0.317371
0.511082
0.671729
0.521609
0.343314
0.239858
0.212700
0.265331
0.402606
0.630101
0.547787
0.401291
0.239242
0.062654
-0.127821
-0.330290
-0.539883
-0.747281
-0.937799
-1.091111
-1.181869
-1.181683
-1.063195
-0.806769
-0.409328
0.106817
0.688951
1.256756
1.715140
1.975268
1.977862
1.710628
1.213074
0.566820
-0.124803
-0.760167
-1.257905
-1.565915
-1.660503
-1.538922
-2.122950
-1.877157
-1.622154
-1.359495
-1.091498
-0.821395
-0.553431
-0.292849
-0.045759
0.181150
0.381042
0.547505
0.675214
0.590871
0.481904
0.449430
0.497764
0.633196
0.603719
0.494370
0.373351
0.242836
0.101953
-0.052193
-0.222493
-0.409262
-0.607767
-0.806414
-0.985943
-1.119795
-1.175922
-1.120520
-0.924310
-0.571421
-0.069524
0.541997
1.190299
1.777398
2.199070
2.370078
2.247689
1.844826
1.227668
0.498630
-0.228665
-0.853417
-1.303331
-1.539129
-1.549571
-1.341564
-2.089096
-1.831500
-1.564752
-1.291423
-1.015000
-0.739947
-0.471699
-0.216517
0.018775
0.227213
0.402244
0.538389
0.631966
0.681765
0.689548
0.660176
0.601195
0.521756
0.430941
0.335776
0.239470
0.140524
0.033226
-0.090306
-0.236901
-0.408664
-0.599839
-0.794890
-0.968250
-1.085865
-1.108748
-0.998933
-0.728071
-0.288030
0.298864
0.974002
1.645644
2.203445
2.542620
2.368903
2.329770
1.799760
1.091125
0.320116
-0.398081
-0.971333
-1.341600
-1.484488
-1.400821
-1.105458
-2.057720
-1.789709
-1.513355
-1.232290
-0.951138
-0.675483
-0.411738
-0.166889
0.051913
0.237869
0.385197
0.489857
0.550307
0.568123
0.548353
0.499337
0.431818
0.357253
0.285481
0.222224
0.167178
0.113502
0.049250
-0.039231
-0.162649
-0.323997
-0.514916
-0.714110
-0.888171
-0.994893
-0.989083
-0.830920
-0.496556
0.010561
0.650905
1.347097
1.992950
2.473852
2.289704
2.248517
2.209889
1.581482
0.825377
0.062325
-0.599956
-1.084441
-1.350284
-1.387871
-1.208150
-0.831449
-2.026772
-1.750104
-1.466627
-1.181016
-0.898931
-0.626889
-0.372020
-0.141689
0.057012
0.217886
0.336372
0.410322
0.440752
0.432394
0.393820
0.336896
0.275294
0.222108
0.186802
0.172272
0.172974
0.175105
0.159357
0.105963
0.000914
-0.158269
-0.358789
-0.571826
-0.755085
-0.858415
-0.832144
-0.637678
-0.259315
0.285120
0.938612
1.608444
2.181215
2.482944
2.275030
2.402364
1.906326
1.224669
0.474159
-0.229838
-0.794688
-1.162390
-1.309643
-1.239577
-0.970320
-0.524936
-1.994374
-1.711062
-1.423119
-1.136175
-0.856771
-0.592125
-0.349787
-0.137158
0.039110
0.173818
0.264017
0.309829
0.315168
0.288178
0.241089
0.189166
0.148556
0.133082
0.150499
0.199212
0.266720
0.330866
0.364274
0.341286
0.245746
0.077477
-0.144360
-0.382015
-0.583991
-0.693326
-0.658415
-0.445232
-0.049141
0.496699
1.120124
1.719160
2.181942
2.413220
2.359576
2.024377
1.466894
0.785929
0.094302
-0.506547
-0.943953
-1.179879
-1.206606
-1.036687
-0.692139
-0.196283
-1.958830
-1.670982
-1.381194
-1.095918
-0.822376
-0.568234
-0.341162
-0.148269
0.004570
0.113489
0.177475
0.199211
0.185762
0.148840
0.104310
0.070555
0.065519
0.102643
0.186468
0.309222
0.449908
0.577029
0.655025
0.653225
0.555004
0.364522
0.109040
-0.163942
-0.394271
-0.520161
-0.491038
-0.280385
0.103856
0.614458
1.168848
1.663418
1.996349
2.093134
1.926574
1.524042
0.959344
0.332414
-0.255488
-0.722586
-1.017794
-1.121294
-1.037378
-0.784235
-0.384742
0.139457
-1.918582
-1.628236
-1.338996
-1.057969
-0.792846
-0.551482
-0.341395
-0.169113
-0.039453
0.045316
0.086363
0.089146
0.064030
0.026333
-0.004615
-0.007800
0.035636
0.137463
0.297438
0.500043
0.714621
0.899939
1.012856
1.019229
0.904053
0.677864
0.377331
0.059744
-0.207496
-0.360333
-0.352101
-0.165746
0.178473
0.622606
1.079919
1.452803
1.656070
1.638891
1.398117
0.978180
0.457821
-0.071163
-0.525446
-0.845211
-0.999556
-0.983231
-0.808325
-0.495098
-0.064923
0.463498
-1.872178
-1.581145
-1.294456
-1.019700
-0.764819
-0.537634
-0.345263
-0.193427
-0.085669
-0.022461
-0.000288
-0.010785
-0.040243
-0.069840
-0.077125
-0.039144
0.062799
0.237402
0.478129
0.760467
1.043488
1.276583
1.410402
1.409445
1.262643
0.988680
0.634274
0.265704
-0.044496
-0.232740
-0.258574
-0.115036
0.167291
0.524460
0.872029
1.124552
1.216922
1.121024
0.852189
0.463271
0.028945
-0.373878
-0.682728
-0.858826
-0.887896
-0.774742
-0.535201
-0.188761
0.246289
0.694573
-1.818258
-1.528008
-1.245392
-0.978306
-0.734759
-0.522339
-0.347574
-0.215206
-0.127344
-0.082543
-0.074835
-0.092921
-0.119810
-0.133438
-0.108776
-0.021815
0.144753
0.395154
0.715287
1.070874
1.410861
1.676442
1.814167
1.789700
1.598145
1.267611
0.854701
0.433064
0.077832
-0.150431
-0.218884
-0.129932
0.078727
0.342251
0.583888
0.733962
0.747466
0.614817
0.362417
0.043167
-0.279152
-0.545950
-0.715254
-0.766036
-0.696020
-0.515617
-0.241093
0.110790
0.525676
0.871175
-1.755593
-1.467204
-1.189682
-0.931084
-0.699324
-0.501602
-0.343721
-0.229315
-0.158966
-0.129234
-0.131682
-0.152126
-0.170511
-0.161957
-0.099595
0.040577
0.273198
0.596758
0.988712
1.404949
1.785242
2.064608
2.188155
2.125385
1.879472
1.488482
1.017887
0.546474
0.149288
-0.118171
-0.231084
-0.199463
-0.064452
0.112652
0.266235
0.343113
0.315485
0.186261
-0.014556
-0.240615
-0.442832
-0.581180
-0.631348
-0.585533
-0.448763
-0.233317
0.046484
0.377717
0.750256
1.065512
-1.683180
-1.397357
-1.125522
-0.875762
-0.655779
-0.472266
-0.330201
-0.232031
-0.176752
-0.158916
-0.167669
-0.186114
-0.191475
-0.156682
-0.053942
0.139579
0.434619
0.822966
1.273331
1.732458
2.132774
2.405795
2.498178
2.385751
2.081046
1.631764
1.110463
0.598415
0.168059
-0.131555
-0.283203
-0.302236
-0.229874
-0.120837
-0.028441
0.008849
-0.024220
-0.118604
-0.246801
-0.372990
-0.463594
-0.494911
-0.456098
-0.347842
-0.178419
0.040805
0.298893
0.587228
0.899844
1.232712
-1.600407
-1.317578
-1.051724
-0.810869
-0.602404
-0.432433
-0.305032
-0.221413
-0.178968
-0.170276
-0.182200
-0.195415
-0.184945
-0.122311
0.020157
0.262943
0.611850
1.051437
1.542057
2.022810
2.421312
2.668715
2.510394
2.547889
2.186177
1.687221
1.128249
0.590240
0.140871
-0.178004
-0.355792
-0.410940
-0.382289
-0.316628
-0.255846
-0.227041
-0.238058
-0.279100
-0.329095
-0.364040
-0.364316
-0.318877
-0.225806
-0.090074
0.079900
0.275448
0.489727
0.718438
0.959484
1.211997
-1.507251
-1.227705
-0.968009
-0.736042
-0.538807
-0.381748
-0.267985
-0.197457
-0.165972
-0.164230
-0.177031
-0.183042
-0.155745
-0.066178
0.112106
0.396166
0.786152
1.259443
1.769116
2.248853
2.624501
2.659498
2.560835
2.599667
2.189177
1.655114
1.076598
0.531643
0.081477
-0.239453
-0.426042
-0.498047
-0.490610
-0.442785
-0.387226
-0.343566
-0.316736
-0.299844
-0.279865
-0.243737
-0.182794
-0.094522
0.018214
0.149452
0.292736
0.443076
0.597880
0.756897
0.921458
1.093413
-1.404476
-1.128537
-0.875237
-0.652244
-0.466094
-0.321504
-0.220586
-0.161994
-0.139999
-0.143582
-0.155799
-0.153846
-0.110451
0.002836
0.210175
0.524351
0.939589
1.426717
1.933298
2.390320
2.725109
2.790141
2.762875
2.541081
2.095774
1.545750
0.969139
0.438630
0.007813
-0.296126
-0.472511
-0.541286
-0.533637
-0.482120
-0.412882
-0.341613
-0.273512
-0.206346
-0.134828
-0.054560
0.035713
0.133836
0.235484
0.336032
0.432212
0.523065
0.610052
0.696490
0.786585
0.884370
-1.293789
-1.021966
-0.775515
-0.561803
-0.386829
-0.254500
-0.165877
-0.118333
-0.104692
-0.112445
-0.123321
-0.113691
-0.056388
0.075534
0.303040
0.634113
1.057263
1.537989
2.020577
2.436301
2.717036
2.810921
2.695454
2.383742
1.921744
1.377401
0.825127
0.330373
-0.061613
-0.330556
-0.479390
-0.527751
-0.503364
-0.433971
-0.341752
-0.241026
-0.138942
-0.038029
0.060850
0.156307
0.245597
0.325069
0.391337
0.442529
0.479111
0.504061
0.522426
0.540474
0.564634
0.600491
-1.177897
-0.910995
-0.672126
-0.468272
-0.304784
-0.184691
-0.107956
-0.070706
-0.064464
-0.075531
-0.084813
-0.068565
-0.000605
0.143619
0.381204
0.715202
1.129103
1.584748
2.025655
2.386279
2.605638
2.641735
2.482338
2.148560
1.689991
1.172999
0.665922
0.225616
-0.111296
-0.330986
-0.439433
-0.455915
-0.405517
-0.312792
-0.197840
-0.075036
0.046183
0.159553
0.260266
0.246778
0.168730
0.204301
0.352560
0.452204
0.424913
0.385286
0.341317
0.301486
0.273718
0.264474
-1.060425
-0.799567
-0.569288
-0.376060
-0.224487
-0.116637
-0.051354
-0.023593
-0.023778
-0.037398
-0.045099
-0.023754
0.051027
0.200679
0.438074
0.761607
1.150861
1.565962
1.952155
2.249587
2.406291
2.390797
2.200369
1.862132
1.426674
0.956244
0.511306
0.139326
-0.131593
-0.293536
-0.355113
-0.335397
-0.257642
-0.144401
-0.014752
0.116479
0.238189
0.273484
0.064997
-0.035523
-0.030678
0.079059
0.295680
0.360306
0.272635
0.176715
0.082702
0.000497
-0.061223
-0.095809
-0.945667
-0.692233
-0.471705
-0.289919
-0.150618
-0.054842
-0.000342
0.018983
0.013535
-0.001791
-0.007973
0.016801
0.094444
0.242809
0.470519
0.771955
1.124183
1.487610
1.811438
2.043399
2.141540
2.084662
1.878044
1.552493
1.157075
0.747870
0.376300
0.080221
-0.120348
-0.222777
-0.237944
-0.184836
-0.085420
0.039125
0.170448
0.293646
0.186021
-0.036811
-0.157221
-0.178227
-0.100304
0.078696
0.300316
0.174325
0.036421
-0.101960
-0.229324
-0.335138
-0.410692
-0.449764
-0.838185
-0.593652
-0.384003
-0.214298
-0.087326
-0.003078
0.041733
0.054069
0.044836
0.028846
0.024218
0.050846
0.127674
0.268780
0.478846
0.749157
1.055759
1.361188
1.620345
1.789678
1.837370
1.751469
1.543305
1.245016
0.901992
0.562718
0.269064
0.049583
-0.083055
-0.130769
-0.106272
-0.028422
0.081936
0.204892
0.323087
0.175641
-0.062378
-0.200825
-0.243564
-0.191494
-0.042619
0.208291
0.083027
-0.087053
-0.260080
-0.423384
-0.564941
-0.674302
-0.743330
-0.766734
-0.742278
-0.507995
-0.310073
-0.152680
-0.037593
0.036225
0.072965
0.080208
0.068996
0.053593
0.050704
0.077847
0.150732
0.279757
0.466226
0.699409
0.955782
1.201504
1.398304
1.511699
1.519353
1.416975
1.219819
0.959207
0.675254
0.408095
0.190180
0.041506
-0.031620
-0.034800
0.017975
0.108245
0.216441
0.324209
0.240379
-0.013774
-0.168757
-0.229565
-0.197830
-0.072013
0.152863
-0.005557
-0.198129
-0.396192
-0.586317
-0.755394
-0.891566
-0.985041
-1.028715
-1.018599
-0.661373
-0.438314
-0.252456
-0.107001
-0.002710
0.062389
0.093200
0.097625
0.086464
0.073005
0.072132
0.098711
0.165195
0.278637
0.437718
0.630797
0.836018
1.024205
1.164390
1.230796
1.209328
1.101487
0.924391
0.706833
0.482676
0.283619
0.133362
0.044451
0.018010
0.045731
0.113027
0.202293
0.295617
0.376673
0.108392
-0.061744
-0.137157
-0.120442
-0.010760
0.091748
-0.092860
-0.298263
-0.511763
-0.719638
-0.908110
-1.064285
-1.176987
-1.237477
-1.239979
-1.182050
-0.597449
-0.385981
-0.211836
-0.077232
0.018016
0.076659
0.104063
0.108131
0.099054
0.088796
0.090159
0.115277
0.173543
0.269188
0.399115
0.551773
0.707906
0.843538
0.934863
0.963890
0.923174
0.818095
0.665874
0.491597
0.322535
0.182444
0.087374
0.043774
0.048884
0.092742
0.160917
0.237208
0.305821
0.305026
0.121046
0.034371
0.041322
0.141846
0.007563
-0.178018
-0.386484
-0.605682
-0.822108
-1.021790
-1.191200
-1.318105
-1.392326
-1.406383
-1.355982
-1.240371
-0.550546
-0.350282
-0.186742
-0.061215
0.027289
0.082082
0.108709
0.114756
0.109500
0.103340
0.106898
0.129693
0.178431
0.255172
0.355855
0.469844
0.581041
0.670706
0.721573
0.722140
0.669906
0.572389
0.445577
0.310248
0.187319
0.093559
0.038757
0.024762
0.046266
0.092695
0.150527
0.205477
0.244241
0.255720
0.231793
0.167746
0.062453
-0.081663
-0.258841
-0.460389
-0.675244
-0.890670
-1.093042
-1.268679
-1.404668
-1.489660
-1.514580
-1.473261
-1.362949
-1.184675
-0.518477
-0.328251
-0.173525
-0.054788
0.029553
0.083112
0.111328
0.121198
0.120867
0.119071
0.124321
0.143802
0.182046
0.239617
0.312214
0.390679
0.462254
0.513075
0.531420
0.510831
0.452107
0.363496
0.258912
0.154764
0.066321
0.004653
-0.025171
-0.024375
0.000465
0.039112
0.079586
0.109889
0.119369
0.099663
0.045281
-0.046098
-0.173543
-0.332982
-0.517457
-0.717546
-0.921882
-1.117797
-1.292023
-1.431453
-1.523914
-1.558945
-1.528530
-1.427780
-1.255489
-1.014558
-0.496790
-0.314781
-0.166625
-0.052204
0.030447
0.084975
0.116471
0.131142
0.135913
0.137902
0.143737
0.158687
0.185678
0.224417
0.270916
0.317788
0.355462
0.374258
0.366832
0.330314
0.267413
0.186089
0.097837
0.015097
-0.051453
-0.094985
-0.113563
-0.110053
-0.091168
-0.066034
-0.044673
-0.036676
-0.050172
-0.091140
-0.162989
-0.266365
-0.399130
-0.556464
-0.731110
-0.913696
-1.093175
-1.257362
-1.393555
-1.489249
-1.532922
-1.514854
-1.427957
-1.268549
-1.037000
-0.738181
-0.479024
-0.303045
-0.159136
-0.046795
0.036066
0.092911
0.128306
0.147591
0.156513
0.160769
0.165463
0.174437
0.189584
0.210284
0.233216
0.252771
0.262138
0.254936
0.226989
0.177707
0.110627
0.032848
-0.046461
-0.118072
-0.174636
-0.212056
-0.230041
-0.231844
-0.223417
-0.212276
-0.206346
-0.212995
-0.238281
-0.286462
-0.359696
-0.457891
-0.578663
-0.717370
-0.867228
-1.019512
-1.163858
-1.288698
-1.381844
-1.431213
-1.425692
-1.356090
-1.216105
-1.003228
-0.719464
-0.371794
-0.457255
-0.285172
-0.143585
-0.031828
0.052111
0.111365
0.149914
0.172290
0.183245
0.187384
0.188727
0.190206
0.193179
0.197078
0.199371
0.196000
0.182279
0.154153
0.109469
0.048861
-0.024027
-0.103126
-0.181142
-0.251066
-0.307535
-0.347746
-0.371755
-0.382218
-0.383734
-0.382019
-0.383090
-0.392579
-0.415202
-0.454397
-0.512064
-0.588374
-0.681621
-0.788108
-0.902085
-1.015784
-1.119597
-1.202451
-1.252409
-1.257497
-1.206726
-1.091229
-0.905411
-0.647967
-0.322660
0.061291
-0.422892
-0.253143
-0.112867
-0.001411
0.083043
0.143266
0.182730
0.205351
0.215210
0.216233
0.211835
0.204511
0.195467
0.184370
0.169380
0.147544
0.115549
0.070706
0.011894
-0.059800
-0.140978
-0.226419
-0.310000
-0.385815
-0.449188
-0.497348
-0.529678
-0.547573
-0.554034
-0.553126
-0.549442
-0.547624
-0.551973
-0.566116
-0.592698
-0.633061
-0.686919
-0.752031
-0.823938
-0.895842
-0.958700
-1.001609
-1.012511
-0.979198
-0.890563
-0.737952
-0.516492
-0.226206
0.127241
0.532287
-0.367651
-0.199776
-0.061200
0.048635
0.131359
0.189484
0.226199
0.245130
0.250099
0.244819
0.232554
0.215738
0.195633
0.172121
0.143745
0.108062
0.062326
0.004323
-0.066794
-0.149959
-0.242047
-0.338232
-0.432692
-0.519512
-0.593541
-0.651042
-0.690030
-0.710345
-0.713482
-0.702306
-0.680714
-0.653269
-0.624846
-0.600235
-0.583692
-0.578416
-0.585986
-0.605809
-0.634660
-0.666458
-0.692341
-0.701156
-0.680345
-0.617201
-0.500375
-0.321454
-0.076430
0.233169
0.599633
1.009040
-0.284584
-0.119714
0.015004
0.120076
0.197087
0.248551
0.277719
0.288361
0.284503
0.270095
0.248624
0.222685
0.193613
0.161270
0.124086
0.079441
0.024356
-0.043646
-0.125670
-0.220837
-0.326052
-0.436246
-0.544974
-0.645293
-0.730646
-0.795639
-0.836597
-0.851844
-0.841783
-0.808761
-0.756844
-0.691463
-0.618982
-0.546151
-0.479437
-0.424258
-0.384163
-0.360063
-0.349647
-0.347100
-0.343283
-0.326384
-0.283069
-0.200022
-0.065711
0.127852
0.383572
0.698209
1.061922
0.676441
-0.169069
-0.010273
0.116471
0.211808
0.277572
0.316662
0.332850
0.330529
0.314390
0.288997
0.258285
0.225051
0.190507
0.154058
0.113393
0.064979
0.004880
-0.070199
-0.161894
-0.269427
-0.389278
-0.515387
-0.639822
-0.753763
-0.848600
-0.916948
-0.953454
-0.955299
-0.922418
-0.857467
-0.765555
-0.653826
-0.530839
-0.405806
-0.287658
-0.184027
-0.100187
-0.038140
0.004034
0.032394
0.056800
0.089998
0.146187
0.239184
0.380455
0.577237
0.831032
1.136708
1.105503
0.370125
-0.019627
0.127942
0.240686
0.319722
0.367566
0.387984
0.385771
0.366419
0.335671
0.298948
0.260689
0.223708
0.188687
0.153977
0.115815
0.069035
0.008158
-0.071282
-0.171476
-0.291436
-0.426623
-0.569247
-0.709131
-0.834986
-0.935824
-1.002276
-1.027644
-1.008561
-0.945267
-0.841537
-0.704302
-0.543025
-0.368856
-0.193599
-0.028525
0.116890
0.236170
0.326834
0.391005
0.435465
0.471088
0.511624
0.571979
0.666141
0.805078
0.994853
1.235261
1.519185
0.831238
0.160600
0.161531
0.290745
0.381851
0.436913
0.459641
0.455196
0.429891
0.390718
0.344729
0.298261
0.256091
0.220658
0.191527
0.165281
0.135979
0.096187
0.038474
-0.042912
-0.150521
-0.282672
-0.433164
-0.591803
-0.745619
-0.880548
-0.983230
-1.042633
-1.051289
-1.006018
-0.908144
-0.763267
-0.580670
-0.372430
-0.152303
0.065568
0.268070
0.444531
0.588004
0.696216
0.772040
0.823320
0.862007
0.902669
0.960506
1.049138
1.178475
1.352948
1.570395
1.419848
0.648267
0.032537
0.368322
0.470439
0.531208
0.554188
0.544830
0.510201
0.458538
0.398601
0.338819
0.286292
0.245746
0.218664
0.202770
0.192129
0.177945
0.150049
0.098860
0.017458
-0.096666
-0.240558
-0.405735
-0.579076
-0.744529
-0.885265
-0.985869
-1.034217
-1.022800
-0.949384
-0.817051
-0.633706
-0.411199
-0.164141
0.091474
0.339781
0.566605
0.760929
0.916135
1.030805
1.108968
1.159633
1.195639
1.231909
1.283305
1.362389
1.477388
1.630680
1.818000
1.257293
0.545670
-0.020065
0.590971
0.656259
0.677678
0.660843
0.613458
0.544908
0.465621
0.386190
0.316272
0.263349
0.231517
0.220569
0.225612
0.237481
0.243993
0.231987
0.189789
0.109651
-0.010346
-0.165382
-0.344162
-0.530344
-0.704797
-0.848240
-0.943788
-0.978970
-0.947009
-0.847293
-0.685122
-0.470886
-0.218858
0.054268
0.330972
0.594564
0.830768
1.029144
1.184156
1.295750
1.369286
1.414788
1.445522
1.476083
1.520207
1.588631
1.687300
1.816195
1.968944
1.177534
0.522642
0.005445
0.816605
0.835168
0.808771
0.745600
0.656020
0.551978
0.446148
0.350803
0.276445
0.230351
0.215251
0.228451
0.261695
0.302008
0.333514
0.340064
0.308200
0.229881
0.104394
-0.061015
-0.251911
-0.448701
-0.629475
-0.773106
-0.862007
-0.884175
-0.834283
-0.713831
-0.530518
-0.297057
-0.029649
0.253703
0.534927
0.797554
1.028235
1.217967
1.362908
1.464648
1.529809
1.569018
1.595300
1.622088
1.661137
1.720616
1.803670
1.907678
1.930961
1.185581
0.587539
0.119822
1.030173
0.992875
0.911642
0.797616
0.664038
0.525448
0.396592
0.291017
0.219482
0.188314
0.198061
0.242774
0.310220
0.383255
0.442284
0.468463
0.447094
0.370508
0.239813
0.065093
-0.135984
-0.340846
-0.525402
-0.667480
-0.749679
-0.761248
-0.698863
-0.566366
-0.373722
-0.135474
0.131036
0.407508
0.676422
0.922618
1.134613
1.305547
1.433664
1.522218
1.578787
1.613998
1.639828
1.667682
1.706515
1.761285
1.831965
1.913261
1.972355
1.295709
0.756999
0.341492
1.215635
1.115050
0.974224
0.807430
0.630778
0.461181
0.315024
0.206524
0.145929
0.137793
0.179692
0.261770
0.367426
0.475299
0.562353
0.607617
0.595885
0.520568
0.385121
0.202655
-0.006122
-0.216226
-0.402220
-0.541831
-0.618714
-0.624031
-0.556781
-0.423084
-0.234724
-0.007308
0.241687
0.494772
0.736088
0.952771
1.135967
1.281423
1.389593
1.465197
1.516266
1.552715
1.584669
1.620694
1.666268
1.722671
1.786489
1.849825
1.901165
1.530152
1.055189
0.696338
1.357278
1.188549
0.986266
0.767775
0.551776
0.357087
0.201084
0.097868
0.056334
0.078443
0.158125
0.281195
0.426604
0.569045
0.682635
0.745080
0.741480
0.666996
0.527760
0.339841
0.126484
-0.085740
-0.271038
-0.408013
-0.482151
-0.486962
-0.423810
-0.300731
-0.130620
0.070813
0.287037
0.502468
0.703889
0.881508
1.029602
1.146713
1.235388
1.301425
1.352714
1.397769
1.444137
1.496933
1.557687
1.623741
1.688255
1.740874
1.768924
1.758985
1.513347
1.217851
1.441053
1.202539
0.940215
0.674160
0.425135
0.213167
0.055807
-0.033834
-0.049057
0.008806
0.129578
0.294633
0.478720
0.653199
0.790200
0.867035
0.869935
0.796315
0.655077
0.464861
0.250678
0.039680
-0.143042
-0.277854
-0.352652
-0.363464
-0.313766
-0.212888
-0.073948
0.088272
0.259237
0.426211
0.579365
0.712469
0.823134
0.912627
0.985272
1.047457
1.106361
1.168505
1.238371
1.317248
1.402523
1.487566
1.562209
1.613808
1.628717
1.593953
1.498837
1.336331
1.455786
1.149450
0.831851
0.525206
0.251592
0.031379
-0.118611
-0.187126
-0.170401
-0.073560
0.088952
0.294280
0.513580
0.715762
0.872001
0.842704
0.897765
0.896475
0.755997
0.567467
0.356685
0.150287
-0.028327
-0.162002
-0.241350
-0.264795
-0.237410
-0.169010
-0.071970
0.040843
0.157780
0.269645
0.370444
0.457677
0.532208
0.597731
0.659918
0.725262
0.799763
0.887601
0.989967
1.104271
1.223846
1.338262
1.434218
1.496930
1.511798
1.466141
1.350735
1.160951
1.394136
1.025597
0.660602
0.322702
0.034375
-0.184601
-0.319035
-0.360308
-0.308125
-0.171622
0.030647
0.272161
0.521365
0.745804
0.772330
0.744757
0.886957
0.958425
0.822371
0.640077
0.437043
0.238334
0.064830
-0.069233
-0.157194
-0.199471
-0.202015
-0.174233
-0.126826
-0.069910
-0.011615
0.042786
0.091245
0.134858
0.177408
0.224582
0.282933
0.358662
0.456333
0.577703
0.720785
0.879374
1.043103
1.198100
1.328193
1.416521
1.447363
1.407894
1.289674
1.089619
1.253220
0.831474
0.429561
0.071403
-0.221091
-0.429667
-0.541563
-0.551374
-0.462555
-0.288160
-0.050363
0.221489
0.494212
0.735144
0.734057
0.795530
1.025436
0.977120
0.849720
0.678291
0.486968
0.298340
0.130211
-0.006237
-0.106784
-0.173210
-0.211520
-0.229828
-0.236371
-0.237929
-0.238786
-0.240243
-0.240608
-0.235587
-0.218975
-0.183601
-0.122441
-0.029828
0.097359
0.258673
0.449387
0.660247
0.877779
1.085167
1.263648
1.394280
1.459844
1.446662
1.346068
1.155330
1.034828
0.571682
0.145187
-0.221369
-0.507600
-0.697591
-0.781628
-0.757843
-0.633427
-0.424954
-0.157454
0.137929
0.427549
0.679611
0.843003
0.978133
1.003788
0.951766
0.837245
0.680760
0.504150
0.326890
0.163475
0.022211
-0.094574
-0.189259
-0.267057
-0.334029
-0.395389
-0.454283
-0.511147
-0.563577
-0.606619
-0.633358
-0.635764
-0.605671
-0.535888
-0.421323
-0.260058
-0.054231
0.189405
0.459367
0.739852
1.011710
1.253902
1.445309
1.566703
1.602619
1.542898
1.383705
0.745245
0.254510
-0.183234
-0.546297
-0.816640
-0.981324
-1.034043
-0.976526
-0.819387
-0.582062
-0.291499
0.020480
0.320862
0.579629
0.773647
0.889436
0.924256
0.885288
0.787166
0.648485
0.488112
0.322097
0.161719
0.012883
-0.123266
-0.248888
-0.367652
-0.483009
-0.596859
-0.708732
-0.815524
-0.911655
-0.989557
-1.040395
-1.054910
-1.024365
-0.941561
-0.801830
-0.603992
-0.351134
-0.051103
0.283381
0.635115
0.983315
1.305002
1.576786
1.776836
1.886849
1.893759
1.790980
0.394685
-0.108765
-0.544322
-0.892719
-1.138898
-1.273280
-1.293069
-1.203359
-1.017641
-0.757386
-0.450436
-0.128237
0.177762
0.439963
0.637948
0.760602
0.806599
0.783185
0.703595
0.583811
0.439376
0.282945
0.122992
-0.036310
-0.194198
-0.351864
-0.510858
-0.671711
-0.833016
-0.991000
-1.139561
-1.270652
-1.374861
-1.442133
-1.462539
-1.427089
-1.328585
-1.162475
-0.927690
-0.627374
-0.269418
0.133335
0.563296
0.998819
1.415411
1.787355
2.089668
2.093391
1.773091
1.539265
-0.003581
-0.504793
-0.925459
-1.249354
-1.464789
-1.565664
-1.552526
-1.433383
-1.223889
-0.946642
-0.629407
-0.302352
0.005317
0.268747
0.470167
0.600397
0.658846
0.652054
0.591224
0.489354
0.358653
0.208745
0.045929
-0.126569
-0.307605
-0.496793
-0.693219
-0.894469
-1.096106
-1.291592
-1.472551
-1.629267
-1.751266
-1.827937
-1.849141
-1.805834
-1.690715
-1.498933
-1.228827
-0.882661
-0.467267
0.005525
0.518803
1.050920
1.576384
1.911245
1.385077
0.969608
0.644004
0.396372
-0.434305
-0.919162
-1.313667
-1.605000
-1.784963
-1.850801
-1.806024
-1.660935
-1.432565
-1.143771
-0.821407
-0.493696
-0.187221
0.075947
0.280380
0.418277
0.489116
0.498143
0.454165
0.367162
0.246324
0.098847
-0.073566
-0.258269
-0.462682
-0.681248
-0.910509
-1.145331
-1.378755
-1.602172
-1.805736
-1.978874
-2.110772
-2.190830
-2.209054
-2.156435
-2.025397
-1.810340
-1.508317
-1.119809
-0.649550
-0.107247
0.491932
1.127272
1.650594
0.997022
0.482468
0.074463
-0.248147
-0.498181
-0.881436
-1.337441
-1.696464
-1.949199
-2.090805
-2.121533
-2.047313
-1.880060
-1.637413
-1.341742
-1.018362
-0.693160
-0.389996
-0.128365
0.078206
0.222721
0.304189
0.326221
0.295165
0.218263
0.080680
-0.159279
-0.290287
-0.430811
-0.657490
-0.901765
-1.157792
-1.418171
-1.674069
-1.915589
-2.132212
-2.313249
-2.448167
-2.526824
-2.539600
-2.477549
-2.332618
-2.098049
-1.768998
-1.343392
-0.822948
-0.214248
0.470329
1.211985
0.906972
0.265906
-0.237352
-0.635745
-0.951097
-1.197236
